data/silvretta/surface-2008.grid
NCOLS	149
NROWS	85
XLLCORNER	0
YLLCORNER	0
CELLSIZE	25
NODATA_value	-9999
[rows 16 to 31 of 85, columns 37 to 73 of 149]
2539.00000000000000000000 2536.50000000000000000000 2536.80000000000018189894 2541.59999999999990905053 2546.40000000000009094947 2551.50000000000000000000 2555.09999999999990905053 2558.69999999999981810106 2561.00000000000000000000 2562.80000000000018189894 2564.90000000000009094947 2568.50000000000000000000 2572.59999999999990905053 2576.30000000000018189894 2580.59999999999990905053 2584.00000000000000000000 2587.59999999999990905053 2591.30000000000018189894 2594.69999999999981810106 2598.40000000000009094947 2602.00000000000000000000 2605.59999999999990905053 2609.59999999999990905053 2612.80000000000018189894 2615.59999999999990905053 2618.40000000000009094947 2620.69999999999981810106 2622.69999999999981810106 2624.69999999999981810106 2626.19999999999981810106 2627.80000000000018189894 2629.90000000000009094947 2632.69999999999981810106 2636.50000000000000000000 2641.00000000000000000000 2646.19999999999981810106 2651.19999999999981810106
2534.40000000000009094947 2535.00000000000000000000 2540.59999999999990905053 2545.80000000000018189894 2549.80000000000018189894 2553.90000000000009094947 2557.59999999999990905053 2561.19999999999981810106 2563.69999999999981810106 2565.59999999999990905053 2567.80000000000018189894 2571.30000000000018189894 2575.30000000000018189894 2578.90000000000009094947 2582.69999999999981810106 2586.09999999999990905053 2589.69999999999981810106 2593.09999999999990905053 2596.69999999999981810106 2600.50000000000000000000 2603.80000000000018189894 2607.59999999999990905053 2611.30000000000018189894 2614.19999999999981810106 2617.40000000000009094947 2620.09999999999990905053 2622.40000000000009094947 2624.30000000000018189894 2625.90000000000009094947 2627.19999999999981810106 2629.19999999999981810106 2631.09999999999990905053 2633.80000000000018189894 2637.30000000000018189894 2641.90000000000009094947 2646.69999999999981810106 2651.59999999999990905053
2534.09999999999990905053 2536.69999999999981810106 2541.40000000000009094947 2545.59999999999990905053 2550.19999999999981810106 2554.59999999999990905053 2559.00000000000000000000 2562.50000000000000000000 2565.09999999999990905053 2567.09999999999990905053 2569.40000000000009094947 2572.80000000000018189894 2576.59999999999990905053 2580.50000000000000000000 2584.30000000000018189894 2587.69999999999981810106 2591.30000000000018189894 2594.59999999999990905053 2598.30000000000018189894 2601.90000000000009094947 2605.50000000000000000000 2609.19999999999981810106 2612.40000000000009094947 2615.30000000000018189894 2617.59999999999990905053 2620.80000000000018189894 2622.90000000000009094947 2624.59999999999990905053 2626.50000000000000000000 2628.30000000000018189894 2630.40000000000009094947 2632.09999999999990905053 2634.69999999999981810106 2638.19999999999981810106 2642.19999999999981810106 2646.80000000000018189894 2652.00000000000000000000
2533.90000000000009094947 2536.90000000000009094947 2540.59999999999990905053 2545.40000000000009094947 2549.80000000000018189894 2554.19999999999981810106 2559.19999999999981810106 2563.00000000000000000000 2565.90000000000009094947 2568.50000000000000000000 2570.69999999999981810106 2573.80000000000018189894 2577.50000000000000000000 2581.30000000000018189894 2585.19999999999981810106 2589.00000000000000000000 2592.50000000000000000000 2595.50000000000000000000 2599.19999999999981810106 2603.00000000000000000000 2606.69999999999981810106 2610.09999999999990905053 2613.30000000000018189894 2615.69999999999981810106 2618.30000000000018189894 2621.19999999999981810106 2623.30000000000018189894 2625.19999999999981810106 2627.09999999999990905053 2629.19999999999981810106 2631.00000000000000000000 2633.00000000000000000000 2635.59999999999990905053 2638.90000000000009094947 2642.80000000000018189894 2647.40000000000009094947 2652.30000000000018189894
2531.59999999999990905053 2535.59999999999990905053 2539.40000000000009094947 2543.69999999999981810106 2548.59999999999990905053 2553.50000000000000000000 2558.30000000000018189894 2562.59999999999990905053 2565.90000000000009094947 2568.40000000000009094947 2570.69999999999981810106 2573.80000000000018189894 2577.09999999999990905053 2580.90000000000009094947 2584.90000000000009094947 2588.69999999999981810106 2592.19999999999981810106 2595.80000000000018189894 2599.00000000000000000000 2603.09999999999990905053 2606.80000000000018189894 2610.30000000000018189894 2613.30000000000018189894 2616.19999999999981810106 2619.00000000000000000000 2621.69999999999981810106 2624.19999999999981810106 2626.19999999999981810106 2628.40000000000009094947 2630.80000000000018189894 2632.59999999999990905053 2634.80000000000018189894 2637.09999999999990905053 2639.80000000000018189894 2642.90000000000009094947 2647.40000000000009094947 2652.09999999999990905053
2530.59999999999990905053 2534.40000000000009094947 2537.90000000000009094947 2541.50000000000000000000 2546.19999999999981810106 2551.50000000000000000000 2556.50000000000000000000 2561.80000000000018189894 2565.09999999999990905053 2568.09999999999990905053 2570.59999999999990905053 2573.09999999999990905053 2575.90000000000009094947 2579.90000000000009094947 2583.69999999999981810106 2587.19999999999981810106 2590.50000000000000000000 2594.30000000000018189894 2597.50000000000000000000 2601.30000000000018189894 2605.00000000000000000000 2608.69999999999981810106 2612.40000000000009094947 2615.80000000000018189894 2618.90000000000009094947 2622.09999999999990905053 2624.69999999999981810106 2627.59999999999990905053 2630.40000000000009094947 2633.00000000000000000000 2635.09999999999990905053 2637.30000000000018189894 2639.50000000000000000000 2642.19999999999981810106 2644.90000000000009094947 2648.40000000000009094947 2653.40000000000009094947
2530.19999999999981810106 2533.40000000000009094947 2536.30000000000018189894 2539.00000000000000000000 2542.59999999999990905053 2547.80000000000018189894 2553.50000000000000000000 2559.19999999999981810106 2564.19999999999981810106 2568.19999999999981810106 2571.00000000000000000000 2573.19999999999981810106 2575.69999999999981810106 2578.80000000000018189894 2581.80000000000018189894 2585.30000000000018189894 2588.59999999999990905053 2591.59999999999990905053 2594.69999999999981810106 2598.00000000000000000000 2601.59999999999990905053 2605.40000000000009094947 2609.80000000000018189894 2613.90000000000009094947 2617.80000000000018189894 2621.59999999999990905053 2625.00000000000000000000 2628.90000000000009094947 2632.19999999999981810106 2635.50000000000000000000 2638.19999999999981810106 2640.40000000000009094947 2642.90000000000009094947 2645.19999999999981810106 2647.90000000000009094947 2650.80000000000018189894 2655.30000000000018189894
2529.80000000000018189894 2532.80000000000018189894 2534.90000000000009094947 2537.09999999999990905053 2540.30000000000018189894 2544.50000000000000000000 2550.19999999999981810106 2556.30000000000018189894 2562.00000000000000000000 2566.59999999999990905053 2569.90000000000009094947 2572.80000000000018189894 2575.50000000000000000000 2577.90000000000009094947 2581.00000000000000000000 2584.30000000000018189894 2586.59999999999990905053 2589.00000000000000000000 2591.69999999999981810106 2594.80000000000018189894 2597.90000000000009094947 2601.69999999999981810106 2606.00000000000000000000 2610.50000000000000000000 2615.40000000000009094947 2620.09999999999990905053 2625.09999999999990905053 2629.90000000000009094947 2634.19999999999981810106 2638.50000000000000000000 2642.80000000000018189894 2645.19999999999981810106 2647.50000000000000000000 2649.80000000000018189894 2651.69999999999981810106 2655.00000000000000000000 2659.59999999999990905053
2531.09999999999990905053 2533.19999999999981810106 2534.80000000000018189894 2537.00000000000000000000 2539.59999999999990905053 2543.69999999999981810106 2548.59999999999990905053 2554.19999999999981810106 2559.59999999999990905053 2564.50000000000000000000 2568.30000000000018189894 2571.19999999999981810106 2573.69999999999981810106 2577.00000000000000000000 2580.09999999999990905053 2583.19999999999981810106 2586.09999999999990905053 2588.19999999999981810106 2590.50000000000000000000 2592.90000000000009094947 2595.19999999999981810106 2598.19999999999981810106 2602.09999999999990905053 2606.50000000000000000000 2612.00000000000000000000 2618.09999999999990905053 2624.80000000000018189894 2630.80000000000018189894 2636.40000000000009094947 2641.90000000000009094947 2647.19999999999981810106 2650.80000000000018189894 2653.59999999999990905053 2655.59999999999990905053 2658.40000000000009094947 2660.69999999999981810106 2664.30000000000018189894
2533.90000000000009094947 2534.90000000000009094947 2536.19999999999981810106 2537.90000000000009094947 2540.40000000000009094947 2543.69999999999981810106 2548.09999999999990905053 2552.90000000000009094947 2557.80000000000018189894 2562.40000000000009094947 2566.00000000000000000000 2568.90000000000009094947 2572.00000000000000000000 2574.90000000000009094947 2577.90000000000009094947 2581.00000000000000000000 2584.59999999999990905053 2587.50000000000000000000 2590.00000000000000000000 2592.00000000000000000000 2594.09999999999990905053 2596.30000000000018189894 2599.09999999999990905053 2603.30000000000018189894 2609.30000000000018189894 2616.80000000000018189894 2624.40000000000009094947 2631.69999999999981810106 2638.19999999999981810106 2644.30000000000018189894 2650.69999999999981810106 2655.90000000000009094947 2659.69999999999981810106 2662.59999999999990905053 2665.59999999999990905053 2667.80000000000018189894 2670.00000000000000000000
2536.80000000000018189894 2538.19999999999981810106 2538.90000000000009094947 2540.09999999999990905053 2542.19999999999981810106 2544.69999999999981810106 2547.69999999999981810106 2551.69999999999981810106 2556.09999999999990905053 2560.19999999999981810106 2563.80000000000018189894 2566.90000000000009094947 2570.19999999999981810106 2572.69999999999981810106 2575.69999999999981810106 2578.80000000000018189894 2582.19999999999981810106 2585.80000000000018189894 2588.80000000000018189894 2591.40000000000009094947 2593.50000000000000000000 2595.69999999999981810106 2598.59999999999990905053 2602.19999999999981810106 2607.59999999999990905053 2615.50000000000000000000 2625.19999999999981810106 2633.40000000000009094947 2640.59999999999990905053 2647.09999999999990905053 2654.19999999999981810106 2660.30000000000018189894 2664.50000000000000000000 2668.69999999999981810106 2671.80000000000018189894 2674.30000000000018189894 2676.19999999999981810106
2539.19999999999981810106 2541.00000000000000000000 2542.09999999999990905053 2543.09999999999990905053 2544.50000000000000000000 2546.50000000000000000000 2548.50000000000000000000 2551.69999999999981810106 2555.40000000000009094947 2559.19999999999981810106 2562.50000000000000000000 2566.00000000000000000000 2568.69999999999981810106 2570.90000000000009094947 2574.19999999999981810106 2577.59999999999990905053 2580.59999999999990905053 2583.90000000000009094947 2587.30000000000018189894 2590.19999999999981810106 2593.09999999999990905053 2595.59999999999990905053 2598.80000000000018189894 2602.69999999999981810106 2607.80000000000018189894 2616.00000000000000000000 2626.59999999999990905053 2636.30000000000018189894 2644.69999999999981810106 2652.19999999999981810106 2659.50000000000000000000 2665.69999999999981810106 2669.50000000000000000000 2673.30000000000018189894 2676.90000000000009094947 2679.50000000000000000000 2681.59999999999990905053
2541.09999999999990905053 2543.30000000000018189894 2544.50000000000000000000 2545.50000000000000000000 2546.69999999999981810106 2548.59999999999990905053 2549.30000000000018189894 2552.59999999999990905053 2555.80000000000018189894 2559.00000000000000000000 2561.80000000000018189894 2565.09999999999990905053 2568.59999999999990905053 2571.00000000000000000000 2573.59999999999990905053 2576.69999999999981810106 2579.90000000000009094947 2582.90000000000009094947 2586.19999999999981810106 2589.30000000000018189894 2592.30000000000018189894 2595.19999999999981810106 2599.19999999999981810106 2603.50000000000000000000 2609.19999999999981810106 2617.59999999999990905053 2629.00000000000000000000 2639.69999999999981810106 2648.40000000000009094947 2657.30000000000018189894 2664.09999999999990905053 2669.59999999999990905053 2674.59999999999990905053 2678.00000000000000000000 2681.50000000000000000000 2684.30000000000018189894 2685.69999999999981810106
2541.50000000000000000000 2543.90000000000009094947 2545.50000000000000000000 2546.50000000000000000000 2547.90000000000009094947 2549.40000000000009094947 2551.19999999999981810106 2553.59999999999990905053 2556.00000000000000000000 2559.30000000000018189894 2562.19999999999981810106 2565.59999999999990905053 2568.90000000000009094947 2571.80000000000018189894 2574.50000000000000000000 2576.59999999999990905053 2579.30000000000018189894 2581.90000000000009094947 2584.69999999999981810106 2588.00000000000000000000 2591.30000000000018189894 2595.19999999999981810106 2598.80000000000018189894 2603.50000000000000000000 2609.50000000000000000000 2618.30000000000018189894 2630.40000000000009094947 2641.90000000000009094947 2651.09999999999990905053 2660.00000000000000000000 2666.19999999999981810106 2673.00000000000000000000 2678.09999999999990905053 2682.59999999999990905053 2685.80000000000018189894 2687.59999999999990905053 2688.40000000000009094947
2541.40000000000009094947 2543.30000000000018189894 2545.69999999999981810106 2546.50000000000000000000 2547.40000000000009094947 2548.00000000000000000000 2550.19999999999981810106 2552.59999999999990905053 2555.09999999999990905053 2558.00000000000000000000 2561.09999999999990905053 2564.19999999999981810106 2567.59999999999990905053 2570.40000000000009094947 2573.90000000000009094947 2576.80000000000018189894 2579.50000000000000000000 2581.90000000000009094947 2584.19999999999981810106 2587.19999999999981810106 2590.19999999999981810106 2594.50000000000000000000 2598.80000000000018189894 2603.40000000000009094947 2609.00000000000000000000 2617.19999999999981810106 2627.80000000000018189894 2639.69999999999981810106 2651.59999999999990905053 2660.50000000000000000000 2667.90000000000009094947 2674.30000000000018189894 2679.40000000000009094947 2683.69999999999981810106 2687.19999999999981810106 2689.90000000000009094947 2690.00000000000000000000
2540.09999999999990905053 2543.00000000000000000000 2544.90000000000009094947 2546.40000000000009094947 2547.80000000000018189894 2548.90000000000009094947 2550.30000000000018189894 2552.09999999999990905053 2554.09999999999990905053 2556.59999999999990905053 2559.59999999999990905053 2562.40000000000009094947 2566.30000000000018189894 2569.50000000000000000000 2572.90000000000009094947 2576.19999999999981810106 2579.09999999999990905053 2582.19999999999981810106 2584.80000000000018189894 2587.40000000000009094947 2590.90000000000009094947 2594.59999999999990905053 2598.59999999999990905053 2603.50000000000000000000 2609.09999999999990905053 2616.40000000000009094947 2625.59999999999990905053 2637.09999999999990905053 2648.90000000000009094947 2659.19999999999981810106 2667.19999999999981810106 2674.69999999999981810106 2679.30000000000018189894 2683.69999999999981810106 2686.50000000000000000000 2688.90000000000009094947 2690.50000000000000000000
