data/silvretta/surface-2008.grid
NCOLS	149
NROWS	85
XLLCORNER	0
YLLCORNER	0
CELLSIZE	25
NODATA_value	-9999
[rows 64 to 79 of 85, columns 111 to 147 of 149]
2964.09999999999990905053 2968.30000000000018189894 2972.40000000000009094947 2976.19999999999981810106 2979.50000000000000000000 2982.30000000000018189894 2983.59999999999990905053 2985.90000000000009094947 2987.19999999999981810106 2987.59999999999990905053 2988.00000000000000000000 2988.09999999999990905053 2988.69999999999981810106 2989.00000000000000000000 2989.80000000000018189894 2991.19999999999981810106 2991.69999999999981810106 2992.19999999999981810106 2993.40000000000009094947 2994.69999999999981810106 2995.59999999999990905053 2929.50000000000000000000 2943.80000000000018189894 2960.69999999999981810106 3000.19999999999981810106 3001.30000000000018189894 3003.19999999999981810106 3004.40000000000009094947 3006.00000000000000000000 3007.80000000000018189894 3008.59999999999990905053 3009.19999999999981810106 3010.30000000000018189894 3011.09999999999990905053 3017.59999999999990905053 3013.90000000000009094947 3018.09999999999990905053
2964.50000000000000000000 2968.59999999999990905053 2972.80000000000018189894 2976.40000000000009094947 2980.30000000000018189894 2982.90000000000009094947 2985.40000000000009094947 2988.00000000000000000000 2989.19999999999981810106 2990.09999999999990905053 2990.30000000000018189894 2990.69999999999981810106 2990.80000000000018189894 2991.09999999999990905053 2990.80000000000018189894 2990.50000000000000000000 2991.30000000000018189894 2992.09999999999990905053 2992.69999999999981810106 2993.30000000000018189894 2928.59999999999990905053 2941.19999999999981810106 2957.00000000000000000000 2995.90000000000009094947 2996.80000000000018189894 2998.09999999999990905053 2998.80000000000018189894 3000.19999999999981810106 3001.40000000000009094947 3003.80000000000018189894 3004.90000000000009094947 3004.00000000000000000000 3005.00000000000000000000 3005.40000000000009094947 3006.69999999999981810106 3008.30000000000018189894 3009.50000000000000000000
2964.90000000000009094947 2969.30000000000018189894 2972.90000000000009094947 2977.09999999999990905053 2980.40000000000009094947 2983.50000000000000000000 2986.09999999999990905053 2988.30000000000018189894 2990.50000000000000000000 2991.59999999999990905053 2991.80000000000018189894 2992.00000000000000000000 2992.69999999999981810106 2992.30000000000018189894 2991.80000000000018189894 2991.40000000000009094947 2991.50000000000000000000 2991.50000000000000000000 2991.69999999999981810106 2926.69999999999981810106 2939.30000000000018189894 2954.59999999999990905053 2992.59999999999990905053 2992.69999999999981810106 2993.09999999999990905053 2993.40000000000009094947 2995.50000000000000000000 2995.90000000000009094947 2996.19999999999981810106 2998.30000000000018189894 2999.40000000000009094947 2999.30000000000018189894 2999.40000000000009094947 2999.90000000000009094947 3000.50000000000000000000 3001.59999999999990905053 3002.19999999999981810106
2966.19999999999981810106 2970.50000000000000000000 2974.09999999999990905053 2977.69999999999981810106 2980.90000000000009094947 2984.50000000000000000000 2987.00000000000000000000 2989.00000000000000000000 2990.40000000000009094947 2991.69999999999981810106 2993.00000000000000000000 2993.50000000000000000000 2993.80000000000018189894 2993.40000000000009094947 2992.90000000000009094947 2992.40000000000009094947 2991.90000000000009094947 2991.40000000000009094947 2924.69999999999981810106 2936.40000000000009094947 2952.00000000000000000000 2989.50000000000000000000 2989.50000000000000000000 2989.40000000000009094947 2989.59999999999990905053 2989.40000000000009094947 2990.09999999999990905053 2990.90000000000009094947 2991.19999999999981810106 2992.40000000000009094947 2993.40000000000009094947 2994.19999999999981810106 2996.00000000000000000000 2994.30000000000018189894 2994.80000000000018189894 2995.69999999999981810106 2995.90000000000009094947
2968.80000000000018189894 2972.40000000000009094947 2976.09999999999990905053 2979.50000000000000000000 2982.59999999999990905053 2985.40000000000009094947 2987.90000000000009094947 2990.40000000000009094947 2992.09999999999990905053 2993.40000000000009094947 2993.90000000000009094947 2995.00000000000000000000 2995.19999999999981810106 2994.80000000000018189894 2994.69999999999981810106 2993.69999999999981810106 2921.09999999999990905053 2926.19999999999981810106 2934.30000000000018189894 2947.59999999999990905053 2987.00000000000000000000 2986.59999999999990905053 2986.09999999999990905053 2985.69999999999981810106 2985.50000000000000000000 2997.80000000000018189894 2997.59999999999990905053 2984.90000000000009094947 2985.40000000000009094947 2986.30000000000018189894 2987.30000000000018189894 2988.30000000000018189894 2989.90000000000009094947 2990.50000000000000000000 2990.00000000000000000000 2990.50000000000000000000 2991.40000000000009094947
2972.00000000000000000000 2975.30000000000018189894 2978.30000000000018189894 2981.69999999999981810106 2984.50000000000000000000 2987.19999999999981810106 2989.69999999999981810106 2992.09999999999990905053 2993.90000000000009094947 2995.80000000000018189894 2996.50000000000000000000 2996.30000000000018189894 2997.69999999999981810106 2997.40000000000009094947 2997.19999999999981810106 2995.40000000000009094947 2932.30000000000018189894 2937.09999999999990905053 2945.19999999999981810106 2958.59999999999990905053 2986.00000000000000000000 2983.59999999999990905053 2983.00000000000000000000 2982.19999999999981810106 2981.59999999999990905053 2992.09999999999990905053 2991.90000000000009094947 2979.30000000000018189894 2979.59999999999990905053 2980.30000000000018189894 2981.09999999999990905053 2982.30000000000018189894 2983.50000000000000000000 2984.40000000000009094947 2985.09999999999990905053 2985.00000000000000000000 2985.69999999999981810106
2974.90000000000009094947 2978.00000000000000000000 2981.19999999999981810106 2984.30000000000018189894 2987.40000000000009094947 2990.30000000000018189894 2992.50000000000000000000 2994.50000000000000000000 2996.30000000000018189894 2998.00000000000000000000 2999.30000000000018189894 2999.40000000000009094947 3000.30000000000018189894 3000.00000000000000000000 2999.50000000000000000000 2939.09999999999990905053 2943.00000000000000000000 2947.80000000000018189894 2956.50000000000000000000 2987.59999999999990905053 2985.19999999999981810106 2991.59999999999990905053 2988.90000000000009094947 2987.09999999999990905053 2986.69999999999981810106 2986.30000000000018189894 2986.19999999999981810106 2986.90000000000009094947 2974.69999999999981810106 2974.69999999999981810106 2974.50000000000000000000 2974.59999999999990905053 2976.40000000000009094947 2978.09999999999990905053 2979.00000000000000000000 2979.50000000000000000000 2980.80000000000018189894
2978.19999999999981810106 2981.19999999999981810106 2984.09999999999990905053 2987.19999999999981810106 2990.30000000000018189894 2993.19999999999981810106 2995.50000000000000000000 2997.69999999999981810106 3000.40000000000009094947 3001.90000000000009094947 3003.40000000000009094947 3003.90000000000009094947 3004.59999999999990905053 3004.59999999999990905053 3002.69999999999981810106 2948.40000000000009094947 2952.80000000000018189894 2958.80000000000018189894 2967.40000000000009094947 2986.19999999999981810106 2993.30000000000018189894 2989.00000000000000000000 2984.90000000000009094947 2982.30000000000018189894 2980.90000000000009094947 2980.50000000000000000000 2980.90000000000009094947 2967.30000000000018189894 2967.19999999999981810106 2967.69999999999981810106 2967.90000000000009094947 2968.09999999999990905053 2969.80000000000018189894 2970.90000000000009094947 2972.30000000000018189894 2974.90000000000009094947 2986.59999999999990905053
2981.00000000000000000000 2983.00000000000000000000 2986.80000000000018189894 2990.00000000000000000000 2992.90000000000009094947 2995.80000000000018189894 2998.59999999999990905053 3001.30000000000018189894 3003.90000000000009094947 3005.50000000000000000000 3007.00000000000000000000 3007.90000000000009094947 3008.59999999999990905053 3008.00000000000000000000 2955.90000000000009094947 2958.90000000000009094947 2964.19999999999981810106 2971.19999999999981810106 2991.59999999999990905053 2987.59999999999990905053 2992.09999999999990905053 2986.09999999999990905053 2981.30000000000018189894 2977.30000000000018189894 2975.00000000000000000000 2974.09999999999990905053 2974.40000000000009094947 2975.30000000000018189894 2960.59999999999990905053 2960.90000000000009094947 2961.69999999999981810106 2962.50000000000000000000 2963.40000000000009094947 2964.09999999999990905053 2965.90000000000009094947 2978.69999999999981810106 2980.09999999999990905053
2984.90000000000009094947 2986.80000000000018189894 2990.09999999999990905053 2993.19999999999981810106 2996.00000000000000000000 2999.30000000000018189894 3002.09999999999990905053 3004.59999999999990905053 3007.19999999999981810106 3009.80000000000018189894 3011.50000000000000000000 3012.50000000000000000000 3013.50000000000000000000 3013.40000000000009094947 2968.00000000000000000000 2971.80000000000018189894 2977.00000000000000000000 3003.30000000000018189894 2999.80000000000018189894 2988.69999999999981810106 2989.30000000000018189894 2983.19999999999981810106 2977.19999999999981810106 2973.00000000000000000000 2969.80000000000018189894 2967.59999999999990905053 2967.50000000000000000000 2968.69999999999981810106 2953.80000000000018189894 2954.50000000000000000000 2955.30000000000018189894 2956.30000000000018189894 2957.50000000000000000000 2958.59999999999990905053 2972.69999999999981810106 2973.40000000000009094947 2974.69999999999981810106
2989.40000000000009094947 2991.09999999999990905053 2993.80000000000018189894 2996.30000000000018189894 2999.19999999999981810106 3003.09999999999990905053 3006.09999999999990905053 3008.09999999999990905053 3010.50000000000000000000 3013.30000000000018189894 3016.19999999999981810106 3017.59999999999990905053 3018.19999999999981810106 3018.40000000000009094947 3017.00000000000000000000 2986.80000000000018189894 2988.19999999999981810106 3002.00000000000000000000 2993.19999999999981810106 2989.30000000000018189894 2980.19999999999981810106 2972.90000000000009094947 2967.00000000000000000000 2968.59999999999990905053 2964.59999999999990905053 2962.00000000000000000000 2960.80000000000018189894 2947.40000000000009094947 2947.40000000000009094947 2947.69999999999981810106 2948.69999999999981810106 2950.09999999999990905053 2951.40000000000009094947 2952.80000000000018189894 2967.50000000000000000000 2968.00000000000000000000 2968.09999999999990905053
2995.69999999999981810106 2996.30000000000018189894 2997.50000000000000000000 3000.19999999999981810106 3002.59999999999990905053 3006.50000000000000000000 3008.69999999999981810106 3011.30000000000018189894 3014.59999999999990905053 3017.40000000000009094947 3019.80000000000018189894 3022.09999999999990905053 3021.59999999999990905053 3017.90000000000009094947 3014.69999999999981810106 3030.40000000000009094947 3010.69999999999981810106 2987.80000000000018189894 2982.40000000000009094947 2975.80000000000018189894 2970.59999999999990905053 2967.09999999999990905053 2961.40000000000009094947 2957.19999999999981810106 2960.09999999999990905053 2956.50000000000000000000 2954.40000000000009094947 2941.00000000000000000000 2941.00000000000000000000 2940.90000000000009094947 2941.59999999999990905053 2943.09999999999990905053 2945.00000000000000000000 2962.50000000000000000000 2962.40000000000009094947 2962.59999999999990905053 2961.40000000000009094947
3005.40000000000009094947 3004.19999999999981810106 3006.19999999999981810106 3003.50000000000000000000 3008.59999999999990905053 3010.30000000000018189894 3014.00000000000000000000 3015.80000000000018189894 3018.80000000000018189894 3021.90000000000009094947 3024.40000000000009094947 3021.09999999999990905053 3017.59999999999990905053 3014.80000000000018189894 3037.80000000000018189894 3030.09999999999990905053 2994.19999999999981810106 2966.90000000000009094947 2959.80000000000018189894 2962.30000000000018189894 2960.50000000000000000000 2957.50000000000000000000 2954.00000000000000000000 2950.40000000000009094947 2955.19999999999981810106 2950.90000000000009094947 2948.59999999999990905053 2948.40000000000009094947 2938.50000000000000000000 2935.80000000000018189894 2934.50000000000000000000 2953.50000000000000000000 2955.00000000000000000000 2956.19999999999981810106 2956.00000000000000000000 2956.00000000000000000000 2954.90000000000009094947
3023.00000000000000000000 3021.00000000000000000000 3017.00000000000000000000 3017.19999999999981810106 3019.50000000000000000000 3020.69999999999981810106 3022.80000000000018189894 3022.80000000000018189894 3024.00000000000000000000 3019.00000000000000000000 3013.40000000000009094947 3003.69999999999981810106 3012.30000000000018189894 3030.59999999999990905053 3051.59999999999990905053 3015.30000000000018189894 2973.69999999999981810106 2957.90000000000009094947 2957.19999999999981810106 2951.59999999999990905053 2950.40000000000009094947 2948.90000000000009094947 2946.50000000000000000000 2943.40000000000009094947 2941.00000000000000000000 2945.59999999999990905053 2942.90000000000009094947 2941.69999999999981810106 2942.00000000000000000000 2942.30000000000018189894 2943.90000000000009094947 2945.40000000000009094947 2946.90000000000009094947 2948.30000000000018189894 2948.69999999999981810106 2949.09999999999990905053 2948.30000000000018189894
3063.09999999999990905053 3067.90000000000009094947 3060.09999999999990905053 3049.50000000000000000000 3039.90000000000009094947 3036.40000000000009094947 3036.80000000000018189894 3042.59999999999990905053 3034.19999999999981810106 3029.00000000000000000000 3028.09999999999990905053 3036.59999999999990905053 3045.00000000000000000000 3047.80000000000018189894 3028.19999999999981810106 2993.40000000000009094947 2963.50000000000000000000 2954.50000000000000000000 2951.09999999999990905053 2944.00000000000000000000 2943.40000000000009094947 2941.69999999999981810106 2940.50000000000000000000 2946.19999999999981810106 2942.69999999999981810106 2939.30000000000018189894 2936.80000000000018189894 2935.00000000000000000000 2934.50000000000000000000 2934.59999999999990905053 2935.30000000000018189894 2937.00000000000000000000 2938.59999999999990905053 2940.40000000000009094947 2941.50000000000000000000 2942.09999999999990905053 2941.80000000000018189894
3114.40000000000009094947 3117.69999999999981810106 3099.90000000000009094947 3088.19999999999981810106 3073.30000000000018189894 3063.00000000000000000000 3064.90000000000009094947 3076.90000000000009094947 3061.90000000000009094947 3056.00000000000000000000 3071.09999999999990905053 3067.69999999999981810106 3055.40000000000009094947 3034.90000000000009094947 2995.69999999999981810106 2966.69999999999981810106 2952.09999999999990905053 2951.30000000000018189894 2944.90000000000009094947 2937.09999999999990905053 2949.90000000000009094947 2945.69999999999981810106 2942.19999999999981810106 2939.00000000000000000000 2936.30000000000018189894 2933.59999999999990905053 2930.50000000000000000000 2928.59999999999990905053 2926.80000000000018189894 2926.59999999999990905053 2926.09999999999990905053 2927.59999999999990905053 2928.50000000000000000000 2930.50000000000000000000 2932.80000000000018189894 2933.50000000000000000000 2933.19999999999981810106
