data/silvretta/surface-2008.grid
NCOLS	149
NROWS	85
XLLCORNER	0
YLLCORNER	0
CELLSIZE	25
NODATA_value	-9999
[rows 48 to 63 of 85, columns 74 to 110 of 149]
2732.69999999999981810106 2734.00000000000000000000 2735.69999999999981810106 2738.09999999999990905053 2742.80000000000018189894 2749.40000000000009094947 2756.50000000000000000000 2764.50000000000000000000 2774.30000000000018189894 2784.69999999999981810106 2793.80000000000018189894 2803.09999999999990905053 2811.00000000000000000000 2817.30000000000018189894 2821.00000000000000000000 2822.19999999999981810106 2821.59999999999990905053 2823.30000000000018189894 2826.00000000000000000000 2829.59999999999990905053 2832.40000000000009094947 2835.59999999999990905053 2838.69999999999981810106 2841.40000000000009094947 2844.30000000000018189894 2847.09999999999990905053 2851.69999999999981810106 2856.19999999999981810106 2860.00000000000000000000 2865.50000000000000000000 2871.30000000000018189894 2877.40000000000009094947 2883.30000000000018189894 2889.30000000000018189894 2895.59999999999990905053 2901.90000000000009094947 2906.40000000000009094947
2736.19999999999981810106 2738.80000000000018189894 2742.40000000000009094947 2747.30000000000018189894 2752.69999999999981810106 2760.59999999999990905053 2768.59999999999990905053 2776.69999999999981810106 2785.90000000000009094947 2794.30000000000018189894 2802.50000000000000000000 2811.19999999999981810106 2818.59999999999990905053 2824.59999999999990905053 2828.40000000000009094947 2830.00000000000000000000 2830.30000000000018189894 2833.19999999999981810106 2836.30000000000018189894 2840.00000000000000000000 2844.30000000000018189894 2848.59999999999990905053 2853.09999999999990905053 2855.69999999999981810106 2857.59999999999990905053 2859.69999999999981810106 2862.59999999999990905053 2865.30000000000018189894 2870.09999999999990905053 2873.19999999999981810106 2878.80000000000018189894 2884.80000000000018189894 2889.40000000000009094947 2893.19999999999981810106 2898.80000000000018189894 2904.80000000000018189894 2910.40000000000009094947
2738.69999999999981810106 2743.50000000000000000000 2748.19999999999981810106 2753.19999999999981810106 2759.90000000000009094947 2767.59999999999990905053 2776.30000000000018189894 2784.50000000000000000000 2793.30000000000018189894 2801.40000000000009094947 2809.90000000000009094947 2817.40000000000009094947 2825.19999999999981810106 2831.00000000000000000000 2834.59999999999990905053 2836.80000000000018189894 2837.80000000000018189894 2841.19999999999981810106 2845.50000000000000000000 2850.09999999999990905053 2854.59999999999990905053 2859.40000000000009094947 2863.00000000000000000000 2866.00000000000000000000 2868.00000000000000000000 2869.50000000000000000000 2871.80000000000018189894 2875.19999999999981810106 2878.69999999999981810106 2881.80000000000018189894 2885.69999999999981810106 2890.50000000000000000000 2894.80000000000018189894 2898.90000000000009094947 2902.30000000000018189894 2908.00000000000000000000 2913.30000000000018189894
2741.50000000000000000000 2747.40000000000009094947 2752.50000000000000000000 2758.30000000000018189894 2765.00000000000000000000 2772.50000000000000000000 2780.80000000000018189894 2788.19999999999981810106 2798.09999999999990905053 2807.19999999999981810106 2816.00000000000000000000 2823.59999999999990905053 2830.40000000000009094947 2836.00000000000000000000 2839.50000000000000000000 2841.59999999999990905053 2844.30000000000018189894 2848.50000000000000000000 2853.09999999999990905053 2858.09999999999990905053 2862.90000000000009094947 2867.50000000000000000000 2871.69999999999981810106 2874.90000000000009094947 2877.40000000000009094947 2878.80000000000018189894 2880.90000000000009094947 2883.90000000000009094947 2887.30000000000018189894 2890.00000000000000000000 2892.90000000000009094947 2896.59999999999990905053 2900.69999999999981810106 2904.19999999999981810106 2907.50000000000000000000 2911.19999999999981810106 2915.59999999999990905053
2744.69999999999981810106 2751.09999999999990905053 2757.19999999999981810106 2763.00000000000000000000 2768.90000000000009094947 2775.69999999999981810106 2783.59999999999990905053 2792.59999999999990905053 2802.40000000000009094947 2811.69999999999981810106 2820.59999999999990905053 2829.09999999999990905053 2836.09999999999990905053 2840.80000000000018189894 2843.69999999999981810106 2846.40000000000009094947 2849.59999999999990905053 2854.00000000000000000000 2859.00000000000000000000 2864.30000000000018189894 2869.69999999999981810106 2874.30000000000018189894 2879.00000000000000000000 2882.19999999999981810106 2884.30000000000018189894 2886.30000000000018189894 2889.19999999999981810106 2892.09999999999990905053 2895.09999999999990905053 2897.90000000000009094947 2900.90000000000009094947 2903.69999999999981810106 2907.30000000000018189894 2910.30000000000018189894 2913.00000000000000000000 2915.69999999999981810106 2918.30000000000018189894
2748.30000000000018189894 2755.30000000000018189894 2761.50000000000000000000 2767.30000000000018189894 2772.90000000000009094947 2778.80000000000018189894 2786.80000000000018189894 2795.59999999999990905053 2805.80000000000018189894 2815.59999999999990905053 2825.50000000000000000000 2833.90000000000009094947 2840.09999999999990905053 2844.59999999999990905053 2847.00000000000000000000 2849.19999999999981810106 2853.59999999999990905053 2858.30000000000018189894 2863.59999999999990905053 2869.40000000000009094947 2875.00000000000000000000 2880.50000000000000000000 2885.00000000000000000000 2888.09999999999990905053 2890.69999999999981810106 2893.80000000000018189894 2896.69999999999981810106 2898.90000000000009094947 2901.69999999999981810106 2904.69999999999981810106 2907.80000000000018189894 2911.19999999999981810106 2914.09999999999990905053 2916.40000000000009094947 2918.69999999999981810106 2920.69999999999981810106 2922.69999999999981810106
2752.19999999999981810106 2758.90000000000009094947 2765.40000000000009094947 2771.69999999999981810106 2776.80000000000018189894 2782.50000000000000000000 2790.09999999999990905053 2798.80000000000018189894 2808.80000000000018189894 2819.19999999999981810106 2829.19999999999981810106 2837.19999999999981810106 2843.50000000000000000000 2847.00000000000000000000 2849.90000000000009094947 2854.00000000000000000000 2857.50000000000000000000 2862.00000000000000000000 2867.19999999999981810106 2873.50000000000000000000 2879.09999999999990905053 2884.50000000000000000000 2889.80000000000018189894 2892.80000000000018189894 2896.40000000000009094947 2899.00000000000000000000 2902.40000000000009094947 2904.50000000000000000000 2907.30000000000018189894 2911.30000000000018189894 2914.00000000000000000000 2916.90000000000009094947 2920.09999999999990905053 2922.40000000000009094947 2924.19999999999981810106 2926.40000000000009094947 2927.80000000000018189894
2755.90000000000009094947 2761.59999999999990905053 2767.90000000000009094947 2774.59999999999990905053 2780.40000000000009094947 2786.00000000000000000000 2793.09999999999990905053 2801.09999999999990905053 2810.90000000000009094947 2821.09999999999990905053 2830.90000000000009094947 2839.09999999999990905053 2844.59999999999990905053 2848.59999999999990905053 2852.19999999999981810106 2856.80000000000018189894 2861.50000000000000000000 2866.09999999999990905053 2871.19999999999981810106 2876.90000000000009094947 2883.40000000000009094947 2889.19999999999981810106 2893.90000000000009094947 2897.80000000000018189894 2901.40000000000009094947 2904.50000000000000000000 2907.19999999999981810106 2909.90000000000009094947 2912.59999999999990905053 2916.19999999999981810106 2919.00000000000000000000 2923.40000000000009094947 2926.30000000000018189894 2929.40000000000009094947 2930.30000000000018189894 2931.80000000000018189894 2932.80000000000018189894
2759.40000000000009094947 2763.50000000000000000000 2769.90000000000009094947 2776.30000000000018189894 2783.19999999999981810106 2789.19999999999981810106 2795.69999999999981810106 2803.50000000000000000000 2811.30000000000018189894 2821.09999999999990905053 2830.50000000000000000000 2838.59999999999990905053 2844.40000000000009094947 2848.90000000000009094947 2854.00000000000000000000 2859.59999999999990905053 2865.80000000000018189894 2870.19999999999981810106 2875.50000000000000000000 2881.69999999999981810106 2887.59999999999990905053 2892.09999999999990905053 2897.40000000000009094947 2902.40000000000009094947 2906.09999999999990905053 2909.50000000000000000000 2912.19999999999981810106 2914.90000000000009094947 2917.90000000000009094947 2921.19999999999981810106 2924.69999999999981810106 2928.09999999999990905053 2931.09999999999990905053 2934.50000000000000000000 2935.90000000000009094947 2937.80000000000018189894 2940.80000000000018189894
2764.19999999999981810106 2767.80000000000018189894 2771.00000000000000000000 2775.40000000000009094947 2782.80000000000018189894 2790.50000000000000000000 2797.40000000000009094947 2805.09999999999990905053 2812.50000000000000000000 2820.40000000000009094947 2828.50000000000000000000 2836.69999999999981810106 2843.30000000000018189894 2848.59999999999990905053 2855.40000000000009094947 2861.50000000000000000000 2867.40000000000009094947 2874.00000000000000000000 2879.00000000000000000000 2885.59999999999990905053 2891.59999999999990905053 2897.19999999999981810106 2901.40000000000009094947 2906.30000000000018189894 2909.50000000000000000000 2913.00000000000000000000 2916.19999999999981810106 2919.19999999999981810106 2922.80000000000018189894 2925.50000000000000000000 2928.80000000000018189894 2931.69999999999981810106 2934.69999999999981810106 2938.00000000000000000000 2941.19999999999981810106 2943.30000000000018189894 2944.50000000000000000000
2772.80000000000018189894 2776.00000000000000000000 2776.19999999999981810106 2777.69999999999981810106 2781.30000000000018189894 2788.90000000000009094947 2797.00000000000000000000 2804.90000000000009094947 2810.69999999999981810106 2817.40000000000009094947 2825.80000000000018189894 2834.69999999999981810106 2841.90000000000009094947 2848.50000000000000000000 2855.50000000000000000000 2862.90000000000009094947 2869.59999999999990905053 2876.09999999999990905053 2882.19999999999981810106 2888.40000000000009094947 2895.19999999999981810106 2900.19999999999981810106 2904.90000000000009094947 2909.50000000000000000000 2913.50000000000000000000 2916.69999999999981810106 2920.00000000000000000000 2923.09999999999990905053 2926.09999999999990905053 2929.09999999999990905053 2932.19999999999981810106 2935.09999999999990905053 2937.90000000000009094947 2940.69999999999981810106 2943.50000000000000000000 2945.40000000000009094947 2947.59999999999990905053
2777.50000000000000000000 2785.30000000000018189894 2785.40000000000009094947 2783.40000000000009094947 2782.00000000000000000000 2785.59999999999990905053 2794.59999999999990905053 2803.50000000000000000000 2809.90000000000009094947 2815.59999999999990905053 2822.80000000000018189894 2832.50000000000000000000 2840.19999999999981810106 2847.50000000000000000000 2855.69999999999981810106 2863.69999999999981810106 2871.00000000000000000000 2878.09999999999990905053 2884.80000000000018189894 2891.30000000000018189894 2897.59999999999990905053 2901.59999999999990905053 2906.40000000000009094947 2911.80000000000018189894 2915.69999999999981810106 2919.19999999999981810106 2922.40000000000009094947 2925.90000000000009094947 2929.09999999999990905053 2931.80000000000018189894 2934.69999999999981810106 2937.00000000000000000000 2940.19999999999981810106 2942.19999999999981810106 2944.69999999999981810106 2947.59999999999990905053 2950.80000000000018189894
2782.40000000000009094947 2787.19999999999981810106 2788.40000000000009094947 2788.40000000000009094947 2787.50000000000000000000 2784.69999999999981810106 2788.09999999999990905053 2797.80000000000018189894 2806.50000000000000000000 2813.00000000000000000000 2820.59999999999990905053 2829.19999999999981810106 2838.40000000000009094947 2846.50000000000000000000 2854.80000000000018189894 2863.80000000000018189894 2872.19999999999981810106 2879.59999999999990905053 2886.30000000000018189894 2893.09999999999990905053 2899.30000000000018189894 2904.69999999999981810106 2909.40000000000009094947 2913.40000000000009094947 2917.90000000000009094947 2920.69999999999981810106 2924.19999999999981810106 2927.59999999999990905053 2930.69999999999981810106 2933.19999999999981810106 2936.40000000000009094947 2938.40000000000009094947 2940.59999999999990905053 2943.19999999999981810106 2946.00000000000000000000 2949.19999999999981810106 2952.50000000000000000000
2790.80000000000018189894 2789.19999999999981810106 2791.19999999999981810106 2791.59999999999990905053 2794.30000000000018189894 2788.90000000000009094947 2784.69999999999981810106 2777.50000000000000000000 2798.30000000000018189894 2808.40000000000009094947 2817.50000000000000000000 2826.50000000000000000000 2836.00000000000000000000 2845.30000000000018189894 2853.59999999999990905053 2863.09999999999990905053 2871.90000000000009094947 2879.80000000000018189894 2887.40000000000009094947 2893.80000000000018189894 2900.00000000000000000000 2905.90000000000009094947 2911.09999999999990905053 2915.40000000000009094947 2919.50000000000000000000 2923.50000000000000000000 2926.59999999999990905053 2929.50000000000000000000 2932.19999999999981810106 2934.90000000000009094947 2937.50000000000000000000 2938.69999999999981810106 2941.40000000000009094947 2944.30000000000018189894 2947.59999999999990905053 2950.80000000000018189894 2954.69999999999981810106
2789.30000000000018189894 2771.19999999999981810106 2763.69999999999981810106 2781.19999999999981810106 2790.59999999999990905053 2789.00000000000000000000 2777.19999999999981810106 2782.19999999999981810106 2787.09999999999990905053 2796.40000000000009094947 2808.90000000000009094947 2821.90000000000009094947 2832.80000000000018189894 2842.30000000000018189894 2851.59999999999990905053 2860.90000000000009094947 2870.30000000000018189894 2879.00000000000000000000 2887.50000000000000000000 2894.80000000000018189894 2900.69999999999981810106 2906.69999999999981810106 2911.90000000000009094947 2916.69999999999981810106 2920.80000000000018189894 2924.90000000000009094947 2928.40000000000009094947 2931.30000000000018189894 2934.00000000000000000000 2936.69999999999981810106 2938.50000000000000000000 2940.30000000000018189894 2942.69999999999981810106 2945.30000000000018189894 2948.90000000000009094947 2952.59999999999990905053 2957.09999999999990905053
2775.59999999999990905053 2756.69999999999981810106 2751.69999999999981810106 2751.50000000000000000000 2755.69999999999981810106 2763.09999999999990905053 2768.69999999999981810106 2775.50000000000000000000 2779.50000000000000000000 2785.69999999999981810106 2797.90000000000009094947 2811.09999999999990905053 2825.30000000000018189894 2837.19999999999981810106 2847.80000000000018189894 2857.90000000000009094947 2867.80000000000018189894 2877.90000000000009094947 2886.00000000000000000000 2894.40000000000009094947 2901.59999999999990905053 2907.50000000000000000000 2912.69999999999981810106 2917.80000000000018189894 2922.30000000000018189894 2926.40000000000009094947 2929.90000000000009094947 2932.59999999999990905053 2935.30000000000018189894 2938.19999999999981810106 2940.40000000000009094947 2942.50000000000000000000 2945.00000000000000000000 2946.69999999999981810106 2950.50000000000000000000 2954.59999999999990905053 2958.90000000000009094947
