data/silvretta/surface-2008.grid
NCOLS	149
NROWS	85
XLLCORNER	0
YLLCORNER	0
CELLSIZE	25
NODATA_value	-9999
[rows 48 to 63 of 85, columns 0 to 36 of 149]
2414.19999999999981810106 2408.59999999999990905053 2405.69999999999981810106 2401.30000000000018189894 2396.90000000000009094947 2404.30000000000018189894 2408.69999999999981810106 2397.80000000000018189894 2389.19999999999981810106 2387.90000000000009094947 2386.19999999999981810106 2377.59999999999990905053 2372.50000000000000000000 2367.00000000000000000000 2365.80000000000018189894 2338.50000000000000000000 2351.59999999999990905053 2364.40000000000009094947 2368.50000000000000000000 2381.59999999999990905053 2403.50000000000000000000 2419.59999999999990905053 2423.19999999999981810106 2411.00000000000000000000 2427.50000000000000000000 2443.09999999999990905053 2463.50000000000000000000 2481.00000000000000000000 2488.59999999999990905053 2497.40000000000009094947 2507.30000000000018189894 2516.59999999999990905053 2525.50000000000000000000 2532.40000000000009094947 2543.30000000000018189894 2569.50000000000000000000 2587.69999999999981810106
2405.69999999999981810106 2400.59999999999990905053 2389.30000000000018189894 2379.19999999999981810106 2400.59999999999990905053 2402.59999999999990905053 2401.80000000000018189894 2384.19999999999981810106 2366.50000000000000000000 2361.90000000000009094947 2364.90000000000009094947 2361.40000000000009094947 2356.09999999999990905053 2347.59999999999990905053 2337.09999999999990905053 2323.30000000000018189894 2330.90000000000009094947 2334.59999999999990905053 2339.00000000000000000000 2348.69999999999981810106 2357.30000000000018189894 2380.80000000000018189894 2384.50000000000000000000 2379.30000000000018189894 2413.80000000000018189894 2441.30000000000018189894 2463.50000000000000000000 2474.00000000000000000000 2486.59999999999990905053 2501.09999999999990905053 2514.30000000000018189894 2523.59999999999990905053 2529.50000000000000000000 2537.90000000000009094947 2549.30000000000018189894 2564.40000000000009094947 2587.59999999999990905053
2398.90000000000009094947 2389.90000000000009094947 2375.69999999999981810106 2374.59999999999990905053 2384.40000000000009094947 2385.90000000000009094947 2379.09999999999990905053 2369.90000000000009094947 2361.80000000000018189894 2345.00000000000000000000 2340.19999999999981810106 2334.90000000000009094947 2331.59999999999990905053 2323.69999999999981810106 2316.90000000000009094947 2311.90000000000009094947 2315.19999999999981810106 2319.09999999999990905053 2324.30000000000018189894 2332.59999999999990905053 2341.69999999999981810106 2352.09999999999990905053 2356.19999999999981810106 2362.00000000000000000000 2397.80000000000018189894 2419.69999999999981810106 2450.40000000000009094947 2473.69999999999981810106 2487.69999999999981810106 2501.19999999999981810106 2519.40000000000009094947 2531.90000000000009094947 2537.90000000000009094947 2542.50000000000000000000 2553.19999999999981810106 2563.80000000000018189894 2583.59999999999990905053
2382.80000000000018189894 2376.80000000000018189894 2366.80000000000018189894 2351.80000000000018189894 2344.09999999999990905053 2345.00000000000000000000 2341.69999999999981810106 2338.30000000000018189894 2333.59999999999990905053 2328.09999999999990905053 2323.50000000000000000000 2318.80000000000018189894 2314.00000000000000000000 2309.30000000000018189894 2306.50000000000000000000 2301.90000000000009094947 2306.80000000000018189894 2310.40000000000009094947 2315.09999999999990905053 2318.90000000000009094947 2326.19999999999981810106 2333.30000000000018189894 2343.00000000000000000000 2351.69999999999981810106 2363.00000000000000000000 2377.40000000000009094947 2421.50000000000000000000 2472.00000000000000000000 2494.30000000000018189894 2511.80000000000018189894 2529.59999999999990905053 2541.40000000000009094947 2549.00000000000000000000 2553.09999999999990905053 2563.09999999999990905053 2573.30000000000018189894 2583.19999999999981810106
2372.40000000000009094947 2369.00000000000000000000 2362.59999999999990905053 2349.00000000000000000000 2333.30000000000018189894 2328.40000000000009094947 2326.90000000000009094947 2321.19999999999981810106 2316.00000000000000000000 2312.90000000000009094947 2309.90000000000009094947 2305.30000000000018189894 2299.80000000000018189894 2298.50000000000000000000 2297.50000000000000000000 2295.19999999999981810106 2299.59999999999990905053 2302.40000000000009094947 2307.80000000000018189894 2311.59999999999990905053 2314.50000000000000000000 2322.30000000000018189894 2331.00000000000000000000 2337.90000000000009094947 2345.00000000000000000000 2359.30000000000018189894 2412.40000000000009094947 2467.80000000000018189894 2492.50000000000000000000 2518.69999999999981810106 2540.30000000000018189894 2554.80000000000018189894 2563.50000000000000000000 2567.50000000000000000000 2573.09999999999990905053 2583.09999999999990905053 2593.19999999999981810106
2359.30000000000018189894 2362.69999999999981810106 2355.69999999999981810106 2343.69999999999981810106 2326.59999999999990905053 2316.50000000000000000000 2314.00000000000000000000 2304.40000000000009094947 2302.59999999999990905053 2300.30000000000018189894 2298.19999999999981810106 2296.40000000000009094947 2293.90000000000009094947 2292.40000000000009094947 2291.80000000000018189894 2289.59999999999990905053 2292.59999999999990905053 2296.50000000000000000000 2300.30000000000018189894 2303.40000000000009094947 2305.09999999999990905053 2312.90000000000009094947 2322.69999999999981810106 2327.09999999999990905053 2332.50000000000000000000 2350.00000000000000000000 2395.50000000000000000000 2457.90000000000009094947 2483.59999999999990905053 2514.80000000000018189894 2544.90000000000009094947 2567.40000000000009094947 2582.19999999999981810106 2584.80000000000018189894 2588.30000000000018189894 2596.09999999999990905053 2604.80000000000018189894
2348.69999999999981810106 2352.00000000000000000000 2348.90000000000009094947 2335.80000000000018189894 2318.19999999999981810106 2309.40000000000009094947 2301.90000000000009094947 2293.09999999999990905053 2291.80000000000018189894 2291.30000000000018189894 2289.69999999999981810106 2288.50000000000000000000 2287.69999999999981810106 2286.19999999999981810106 2285.90000000000009094947 2283.30000000000018189894 2286.50000000000000000000 2290.59999999999990905053 2292.30000000000018189894 2293.50000000000000000000 2296.30000000000018189894 2302.59999999999990905053 2311.00000000000000000000 2316.40000000000009094947 2318.40000000000009094947 2342.19999999999981810106 2386.90000000000009094947 2432.50000000000000000000 2464.09999999999990905053 2498.59999999999990905053 2532.69999999999981810106 2566.90000000000009094947 2586.19999999999981810106 2596.80000000000018189894 2603.40000000000009094947 2611.19999999999981810106 2620.00000000000000000000
2338.00000000000000000000 2345.00000000000000000000 2340.50000000000000000000 2325.50000000000000000000 2312.50000000000000000000 2301.69999999999981810106 2291.90000000000009094947 2284.69999999999981810106 2282.09999999999990905053 2281.69999999999981810106 2281.19999999999981810106 2280.00000000000000000000 2279.19999999999981810106 2279.90000000000009094947 2280.50000000000000000000 2277.80000000000018189894 2280.59999999999990905053 2282.69999999999981810106 2284.09999999999990905053 2284.09999999999990905053 2287.19999999999981810106 2294.00000000000000000000 2300.19999999999981810106 2306.00000000000000000000 2310.19999999999981810106 2317.40000000000009094947 2354.90000000000009094947 2420.00000000000000000000 2456.59999999999990905053 2497.40000000000009094947 2523.19999999999981810106 2551.69999999999981810106 2578.00000000000000000000 2601.00000000000000000000 2596.90000000000009094947 2586.59999999999990905053 2602.09999999999990905053
2326.19999999999981810106 2328.30000000000018189894 2325.50000000000000000000 2316.80000000000018189894 2301.80000000000018189894 2291.00000000000000000000 2281.30000000000018189894 2272.19999999999981810106 2267.00000000000000000000 2268.00000000000000000000 2270.69999999999981810106 2271.00000000000000000000 2272.69999999999981810106 2273.59999999999990905053 2272.59999999999990905053 2273.30000000000018189894 2275.59999999999990905053 2276.30000000000018189894 2277.90000000000009094947 2278.19999999999981810106 2279.50000000000000000000 2286.50000000000000000000 2293.69999999999981810106 2298.69999999999981810106 2305.00000000000000000000 2315.00000000000000000000 2330.00000000000000000000 2378.80000000000018189894 2440.00000000000000000000 2468.30000000000018189894 2498.09999999999990905053 2515.00000000000000000000 2544.69999999999981810106 2563.40000000000009094947 2547.90000000000009094947 2543.19999999999981810106 2561.19999999999981810106
2305.50000000000000000000 2306.00000000000000000000 2304.19999999999981810106 2300.40000000000009094947 2283.80000000000018189894 2276.40000000000009094947 2265.59999999999990905053 2259.19999999999981810106 2256.80000000000018189894 2258.30000000000018189894 2260.40000000000009094947 2263.09999999999990905053 2265.40000000000009094947 2266.80000000000018189894 2266.30000000000018189894 2269.09999999999990905053 2270.19999999999981810106 2272.00000000000000000000 2273.80000000000018189894 2275.09999999999990905053 2278.50000000000000000000 2283.59999999999990905053 2292.19999999999981810106 2297.19999999999981810106 2304.09999999999990905053 2314.50000000000000000000 2329.40000000000009094947 2362.40000000000009094947 2414.40000000000009094947 2444.59999999999990905053 2466.59999999999990905053 2483.30000000000018189894 2504.90000000000009094947 2515.50000000000000000000 2521.30000000000018189894 2530.50000000000000000000 2542.69999999999981810106
2253.19999999999981810106 2262.80000000000018189894 2265.09999999999990905053 2254.59999999999990905053 2255.90000000000009094947 2251.59999999999990905053 2249.19999999999981810106 2244.40000000000009094947 2246.50000000000000000000 2249.80000000000018189894 2253.19999999999981810106 2256.50000000000000000000 2258.50000000000000000000 2259.80000000000018189894 2261.59999999999990905053 2264.30000000000018189894 2266.00000000000000000000 2267.90000000000009094947 2272.50000000000000000000 2276.80000000000018189894 2279.09999999999990905053 2286.59999999999990905053 2296.80000000000018189894 2305.90000000000009094947 2314.80000000000018189894 2321.00000000000000000000 2329.80000000000018189894 2346.19999999999981810106 2382.19999999999981810106 2410.50000000000000000000 2423.40000000000009094947 2450.09999999999990905053 2472.90000000000009094947 2486.59999999999990905053 2504.50000000000000000000 2516.50000000000000000000 2528.40000000000009094947
2211.50000000000000000000 2215.69999999999981810106 2221.40000000000009094947 2228.19999999999981810106 2234.80000000000018189894 2232.80000000000018189894 2231.80000000000018189894 2232.50000000000000000000 2238.80000000000018189894 2244.00000000000000000000 2245.69999999999981810106 2246.69999999999981810106 2254.40000000000009094947 2258.90000000000009094947 2258.19999999999981810106 2260.90000000000009094947 2266.69999999999981810106 2272.80000000000018189894 2275.80000000000018189894 2279.19999999999981810106 2287.40000000000009094947 2298.40000000000009094947 2307.09999999999990905053 2316.69999999999981810106 2325.59999999999990905053 2332.09999999999990905053 2339.40000000000009094947 2349.80000000000018189894 2363.40000000000009094947 2382.30000000000018189894 2398.90000000000009094947 2420.80000000000018189894 2437.69999999999981810106 2459.59999999999990905053 2478.00000000000000000000 2502.30000000000018189894 2513.59999999999990905053
2191.19999999999981810106 2198.40000000000009094947 2205.30000000000018189894 2211.90000000000009094947 2214.90000000000009094947 2217.50000000000000000000 2219.90000000000009094947 2224.69999999999981810106 2229.90000000000009094947 2236.30000000000018189894 2241.90000000000009094947 2248.00000000000000000000 2260.09999999999990905053 2266.09999999999990905053 2267.59999999999990905053 2268.19999999999981810106 2271.59999999999990905053 2277.50000000000000000000 2280.80000000000018189894 2289.40000000000009094947 2300.30000000000018189894 2308.80000000000018189894 2316.69999999999981810106 2326.19999999999981810106 2335.90000000000009094947 2343.90000000000009094947 2352.80000000000018189894 2361.90000000000009094947 2372.00000000000000000000 2383.00000000000000000000 2398.90000000000009094947 2417.30000000000018189894 2433.90000000000009094947 2449.30000000000018189894 2461.90000000000009094947 2477.00000000000000000000 2500.09999999999990905053
2179.50000000000000000000 2187.09999999999990905053 2192.59999999999990905053 2195.90000000000009094947 2201.40000000000009094947 2207.30000000000018189894 2212.40000000000009094947 2216.90000000000009094947 2223.09999999999990905053 2231.80000000000018189894 2239.59999999999990905053 2247.19999999999981810106 2255.69999999999981810106 2264.30000000000018189894 2274.09999999999990905053 2277.40000000000009094947 2280.59999999999990905053 2286.40000000000009094947 2294.19999999999981810106 2304.00000000000000000000 2313.59999999999990905053 2320.80000000000018189894 2326.69999999999981810106 2334.59999999999990905053 2343.50000000000000000000 2351.59999999999990905053 2363.50000000000000000000 2373.00000000000000000000 2381.90000000000009094947 2394.50000000000000000000 2402.40000000000009094947 2415.90000000000009094947 2430.00000000000000000000 2441.69999999999981810106 2451.69999999999981810106 2461.00000000000000000000 2477.69999999999981810106
2170.90000000000009094947 2177.09999999999990905053 2181.09999999999990905053 2187.59999999999990905053 2194.00000000000000000000 2200.30000000000018189894 2207.30000000000018189894 2212.90000000000009094947 2219.50000000000000000000 2227.40000000000009094947 2234.50000000000000000000 2243.80000000000018189894 2252.69999999999981810106 2259.80000000000018189894 2269.30000000000018189894 2278.69999999999981810106 2286.19999999999981810106 2291.19999999999981810106 2298.30000000000018189894 2307.80000000000018189894 2317.19999999999981810106 2327.90000000000009094947 2336.69999999999981810106 2343.19999999999981810106 2350.09999999999990905053 2357.80000000000018189894 2366.30000000000018189894 2376.59999999999990905053 2386.50000000000000000000 2396.69999999999981810106 2406.90000000000009094947 2420.59999999999990905053 2428.00000000000000000000 2436.00000000000000000000 2445.19999999999981810106 2454.59999999999990905053 2465.80000000000018189894
2163.00000000000000000000 2169.69999999999981810106 2175.69999999999981810106 2182.50000000000000000000 2189.50000000000000000000 2196.59999999999990905053 2203.59999999999990905053 2210.19999999999981810106 2216.00000000000000000000 2221.50000000000000000000 2229.00000000000000000000 2235.59999999999990905053 2242.19999999999981810106 2249.09999999999990905053 2256.00000000000000000000 2264.09999999999990905053 2273.90000000000009094947 2279.69999999999981810106 2286.00000000000000000000 2298.30000000000018189894 2308.40000000000009094947 2317.80000000000018189894 2326.19999999999981810106 2336.30000000000018189894 2344.50000000000000000000 2350.50000000000000000000 2358.50000000000000000000 2365.00000000000000000000 2373.40000000000009094947 2383.80000000000018189894 2397.90000000000009094947 2411.50000000000000000000 2425.90000000000009094947 2436.80000000000018189894 2445.09999999999990905053 2454.80000000000018189894 2464.80000000000018189894
