data/muragl/bed.grid
NCOLS	208
NROWS	120
XLLCORNER	0
YLLCORNER	0
CELLSIZE	25
NODATA_value	-9999
[rows 0 to 15 of 120, columns 111 to 147 of 208]
2622.51000000000021827873 2626.36999999999989086064 2629.84000000000014551915 2632.90999999999985448085 2630.94000000000005456968 2623.90999999999985448085 2613.42000000000007275958 2599.46000000000003637979 2586.69000000000005456968 2575.13000000000010913936 2565.01000000000021827873 2556.34000000000014551915 2543.78999999999996362021 2527.36000000000012732926 2519.42000000000007275958 2519.96000000000003637979 2517.57000000000016370905 2512.26999999999998181011 2506.40999999999985448085 2499.98999999999978172127 2493.94000000000005456968 2488.28000000000020008883 2483.00000000000000000000 2478.09999999999990905053 2473.69000000000005456968 2469.76000000000021827873 2470.36000000000012732926 2475.48999999999978172127 2480.86000000000012732926 2486.48999999999978172127 2493.98000000000001818989 2503.32000000000016370905 2510.86000000000012732926 2516.59000000000014551915 2523.65999999999985448085 2532.07000000000016370905 2538.73000000000001818989
2622.51000000000021827873 2626.36999999999989086064 2629.84000000000014551915 2632.90999999999985448085 2630.94000000000005456968 2623.90999999999985448085 2613.42000000000007275958 2599.46000000000003637979 2586.69000000000005456968 2575.13000000000010913936 2565.01000000000021827873 2556.34000000000014551915 2543.78999999999996362021 2527.36000000000012732926 2519.42000000000007275958 2519.96000000000003637979 2517.57000000000016370905 2512.26999999999998181011 2506.40999999999985448085 2499.98999999999978172127 2493.94000000000005456968 2488.28000000000020008883 2483.00000000000000000000 2478.09999999999990905053 2473.69000000000005456968 2469.76000000000021827873 2470.36000000000012732926 2475.48999999999978172127 2480.86000000000012732926 2486.48999999999978172127 2493.98000000000001818989 2503.32000000000016370905 2510.86000000000012732926 2516.59000000000014551915 2523.65999999999985448085 2532.07000000000016370905 2538.73000000000001818989
2622.51000000000021827873 2626.36999999999989086064 2629.84000000000014551915 2632.90999999999985448085 2630.94000000000005456968 2623.90999999999985448085 2613.42000000000007275958 2599.46000000000003637979 2586.69000000000005456968 2575.13000000000010913936 2565.01000000000021827873 2556.34000000000014551915 2543.78999999999996362021 2527.36000000000012732926 2519.42000000000007275958 2519.96000000000003637979 2517.57000000000016370905 2512.26999999999998181011 2506.40999999999985448085 2499.98999999999978172127 2493.94000000000005456968 2488.28000000000020008883 2483.00000000000000000000 2478.09999999999990905053 2473.69000000000005456968 2469.76000000000021827873 2470.36000000000012732926 2475.48999999999978172127 2480.86000000000012732926 2486.48999999999978172127 2493.98000000000001818989 2503.32000000000016370905 2510.86000000000012732926 2516.59000000000014551915 2523.65999999999985448085 2532.07000000000016370905 2538.73000000000001818989
2622.51000000000021827873 2626.36999999999989086064 2629.84000000000014551915 2632.90999999999985448085 2630.94000000000005456968 2623.90999999999985448085 2613.42000000000007275958 2599.46000000000003637979 2586.69000000000005456968 2575.13000000000010913936 2565.01000000000021827873 2556.34000000000014551915 2543.78999999999996362021 2527.36000000000012732926 2519.42000000000007275958 2519.96000000000003637979 2517.57000000000016370905 2512.26999999999998181011 2506.40999999999985448085 2499.98999999999978172127 2493.94000000000005456968 2488.28000000000020008883 2483.00000000000000000000 2478.09999999999990905053 2473.69000000000005456968 2469.76000000000021827873 2470.36000000000012732926 2475.48999999999978172127 2480.86000000000012732926 2486.48999999999978172127 2493.98000000000001818989 2503.32000000000016370905 2510.86000000000012732926 2516.59000000000014551915 2523.65999999999985448085 2532.07000000000016370905 2538.73000000000001818989
2622.51000000000021827873 2626.36999999999989086064 2629.84000000000014551915 2632.90999999999985448085 2630.94000000000005456968 2623.90999999999985448085 2613.42000000000007275958 2599.46000000000003637979 2586.69000000000005456968 2575.13000000000010913936 2565.01000000000021827873 2556.34000000000014551915 2543.78999999999996362021 2527.36000000000012732926 2519.42000000000007275958 2519.96000000000003637979 2517.57000000000016370905 2512.26999999999998181011 2506.40999999999985448085 2499.98999999999978172127 2493.94000000000005456968 2488.28000000000020008883 2483.00000000000000000000 2478.09999999999990905053 2473.69000000000005456968 2469.76000000000021827873 2470.36000000000012732926 2475.48999999999978172127 2480.86000000000012732926 2486.48999999999978172127 2493.98000000000001818989 2503.32000000000016370905 2510.86000000000012732926 2516.59000000000014551915 2523.65999999999985448085 2532.07000000000016370905 2538.73000000000001818989
2622.51000000000021827873 2626.36999999999989086064 2629.84000000000014551915 2632.90999999999985448085 2630.94000000000005456968 2623.90999999999985448085 2613.42000000000007275958 2599.46000000000003637979 2586.69000000000005456968 2575.13000000000010913936 2565.01000000000021827873 2556.34000000000014551915 2543.78999999999996362021 2527.36000000000012732926 2519.42000000000007275958 2519.96000000000003637979 2517.57000000000016370905 2512.26999999999998181011 2506.40999999999985448085 2499.98999999999978172127 2493.94000000000005456968 2488.28000000000020008883 2483.00000000000000000000 2478.09999999999990905053 2473.69000000000005456968 2469.76000000000021827873 2470.36000000000012732926 2475.48999999999978172127 2480.86000000000012732926 2486.48999999999978172127 2493.98000000000001818989 2503.32000000000016370905 2510.86000000000012732926 2516.59000000000014551915 2523.65999999999985448085 2532.07000000000016370905 2538.73000000000001818989
2622.51000000000021827873 2626.36999999999989086064 2629.84000000000014551915 2632.90999999999985448085 2630.94000000000005456968 2623.90999999999985448085 2613.42000000000007275958 2599.46000000000003637979 2586.69000000000005456968 2575.13000000000010913936 2565.01000000000021827873 2556.34000000000014551915 2543.78999999999996362021 2527.36000000000012732926 2519.42000000000007275958 2519.96000000000003637979 2517.57000000000016370905 2512.26999999999998181011 2506.40999999999985448085 2499.98999999999978172127 2493.94000000000005456968 2488.28000000000020008883 2483.00000000000000000000 2478.09999999999990905053 2473.69000000000005456968 2469.76000000000021827873 2470.36000000000012732926 2475.48999999999978172127 2480.86000000000012732926 2486.48999999999978172127 2493.98000000000001818989 2503.32000000000016370905 2510.86000000000012732926 2516.59000000000014551915 2523.65999999999985448085 2532.07000000000016370905 2538.73000000000001818989
2622.51000000000021827873 2626.36999999999989086064 2629.84000000000014551915 2632.90999999999985448085 2630.94000000000005456968 2623.90999999999985448085 2613.42000000000007275958 2599.46000000000003637979 2586.69000000000005456968 2575.13000000000010913936 2565.01000000000021827873 2556.34000000000014551915 2543.78999999999996362021 2527.36000000000012732926 2519.42000000000007275958 2519.96000000000003637979 2517.57000000000016370905 2512.26999999999998181011 2506.40999999999985448085 2499.98999999999978172127 2493.94000000000005456968 2488.28000000000020008883 2483.00000000000000000000 2478.09999999999990905053 2473.69000000000005456968 2469.76000000000021827873 2470.36000000000012732926 2475.48999999999978172127 2480.86000000000012732926 2486.48999999999978172127 2493.98000000000001818989 2503.32000000000016370905 2510.86000000000012732926 2516.59000000000014551915 2523.65999999999985448085 2532.07000000000016370905 2538.73000000000001818989
2622.51000000000021827873 2626.36999999999989086064 2629.84000000000014551915 2632.90999999999985448085 2630.94000000000005456968 2623.90999999999985448085 2613.42000000000007275958 2599.46000000000003637979 2586.69000000000005456968 2575.13000000000010913936 2565.01000000000021827873 2556.34000000000014551915 2543.78999999999996362021 2527.36000000000012732926 2519.42000000000007275958 2519.96000000000003637979 2517.57000000000016370905 2512.26999999999998181011 2506.40999999999985448085 2499.98999999999978172127 2493.94000000000005456968 2488.28000000000020008883 2483.00000000000000000000 2478.09999999999990905053 2473.69000000000005456968 2469.76000000000021827873 2470.36000000000012732926 2475.48999999999978172127 2480.86000000000012732926 2486.48999999999978172127 2493.98000000000001818989 2503.32000000000016370905 2510.86000000000012732926 2516.59000000000014551915 2523.65999999999985448085 2532.07000000000016370905 2538.73000000000001818989
2622.51000000000021827873 2626.36999999999989086064 2629.84000000000014551915 2632.90999999999985448085 2630.94000000000005456968 2623.90999999999985448085 2613.42000000000007275958 2599.46000000000003637979 2586.69000000000005456968 2575.13000000000010913936 2565.01000000000021827873 2556.34000000000014551915 2543.78999999999996362021 2527.36000000000012732926 2519.42000000000007275958 2519.96000000000003637979 2517.57000000000016370905 2512.26999999999998181011 2506.40999999999985448085 2499.98999999999978172127 2493.94000000000005456968 2488.28000000000020008883 2483.00000000000000000000 2478.09999999999990905053 2473.69000000000005456968 2469.76000000000021827873 2470.36000000000012732926 2475.48999999999978172127 2480.86000000000012732926 2486.48999999999978172127 2493.98000000000001818989 2503.32000000000016370905 2510.86000000000012732926 2516.59000000000014551915 2523.65999999999985448085 2532.07000000000016370905 2538.73000000000001818989
2622.51000000000021827873 2626.36999999999989086064 2629.84000000000014551915 2632.90999999999985448085 2630.94000000000005456968 2623.90999999999985448085 2613.42000000000007275958 2599.46000000000003637979 2586.69000000000005456968 2575.13000000000010913936 2565.01000000000021827873 2556.34000000000014551915 2543.78999999999996362021 2527.36000000000012732926 2519.42000000000007275958 2519.96000000000003637979 2517.57000000000016370905 2512.26999999999998181011 2506.40999999999985448085 2499.98999999999978172127 2493.94000000000005456968 2488.28000000000020008883 2483.00000000000000000000 2478.09999999999990905053 2473.69000000000005456968 2469.76000000000021827873 2470.36000000000012732926 2475.48999999999978172127 2480.86000000000012732926 2486.48999999999978172127 2493.98000000000001818989 2503.32000000000016370905 2510.86000000000012732926 2516.59000000000014551915 2523.65999999999985448085 2532.07000000000016370905 2538.73000000000001818989
2622.51000000000021827873 2626.36999999999989086064 2629.84000000000014551915 2632.90999999999985448085 2630.94000000000005456968 2623.90999999999985448085 2613.42000000000007275958 2599.46000000000003637979 2586.69000000000005456968 2575.13000000000010913936 2565.01000000000021827873 2556.34000000000014551915 2543.78999999999996362021 2527.36000000000012732926 2519.42000000000007275958 2519.96000000000003637979 2517.57000000000016370905 2512.26999999999998181011 2506.40999999999985448085 2499.98999999999978172127 2493.94000000000005456968 2488.28000000000020008883 2483.00000000000000000000 2478.09999999999990905053 2473.69000000000005456968 2469.76000000000021827873 2470.36000000000012732926 2475.48999999999978172127 2480.86000000000012732926 2486.48999999999978172127 2493.98000000000001818989 2503.32000000000016370905 2510.86000000000012732926 2516.59000000000014551915 2523.65999999999985448085 2532.07000000000016370905 2538.73000000000001818989
2622.51000000000021827873 2626.36999999999989086064 2629.84000000000014551915 2632.90999999999985448085 2630.94000000000005456968 2623.90999999999985448085 2613.42000000000007275958 2599.46000000000003637979 2586.69000000000005456968 2575.13000000000010913936 2565.01000000000021827873 2556.34000000000014551915 2543.78999999999996362021 2527.36000000000012732926 2519.42000000000007275958 2519.96000000000003637979 2517.57000000000016370905 2512.26999999999998181011 2506.40999999999985448085 2499.98999999999978172127 2493.94000000000005456968 2488.28000000000020008883 2483.00000000000000000000 2478.09999999999990905053 2473.69000000000005456968 2469.76000000000021827873 2470.36000000000012732926 2475.48999999999978172127 2480.86000000000012732926 2486.48999999999978172127 2493.98000000000001818989 2503.32000000000016370905 2510.86000000000012732926 2516.59000000000014551915 2523.65999999999985448085 2532.07000000000016370905 2538.73000000000001818989
2622.51000000000021827873 2626.36999999999989086064 2629.84000000000014551915 2632.90999999999985448085 2630.94000000000005456968 2623.90999999999985448085 2613.42000000000007275958 2599.46000000000003637979 2586.69000000000005456968 2575.13000000000010913936 2565.01000000000021827873 2556.34000000000014551915 2543.78999999999996362021 2527.36000000000012732926 2519.42000000000007275958 2519.96000000000003637979 2517.57000000000016370905 2512.26999999999998181011 2506.40999999999985448085 2499.98999999999978172127 2493.94000000000005456968 2488.28000000000020008883 2483.00000000000000000000 2478.09999999999990905053 2473.69000000000005456968 2469.76000000000021827873 2470.36000000000012732926 2475.48999999999978172127 2480.86000000000012732926 2486.48999999999978172127 2493.98000000000001818989 2503.32000000000016370905 2510.86000000000012732926 2516.59000000000014551915 2523.65999999999985448085 2532.07000000000016370905 2538.73000000000001818989
2624.17999999999983629095 2628.21999999999979991117 2632.25500000000010913936 2634.36499999999978172127 2632.55999999999994543032 2627.00000000000000000000 2617.91499999999996362021 2606.81500000000005456968 2595.26999999999998181011 2583.78999999999996362021 2572.80999999999994543032 2560.76999999999998181011 2546.04500000000007275958 2533.57000000000016370905 2528.36000000000012732926 2526.09000000000014551915 2522.28499999999985448085 2517.38999999999987267074 2511.88500000000021827873 2505.80999999999994543032 2499.24499999999989086064 2492.59000000000014551915 2486.35500000000001818989 2480.66499999999996362021 2475.69999999999981810106 2473.19000000000005456968 2474.87500000000000000000 2478.70499999999992724042 2482.61000000000012732926 2487.86000000000012732926 2495.68499999999994543032 2504.26499999999987267074 2511.80499999999983629095 2519.19500000000016370905 2527.35500000000001818989 2534.80999999999994543032 2539.97499999999990905053
2623.45499999999992724042 2627.84000000000014551915 2632.92000000000007275958 2637.35500000000001818989 2639.90000000000009094947 2639.71000000000003637979 2635.98000000000001818989 2629.10500000000001818989 2619.46500000000014551915 2607.99499999999989086064 2595.59000000000014551915 2582.19000000000005456968 2567.65999999999985448085 2554.89499999999998181011 2546.78499999999985448085 2541.66499999999996362021 2537.69999999999981810106 2533.90000000000009094947 2529.30999999999994543032 2523.44999999999981810106 2515.73999999999978172127 2507.19999999999981810106 2498.78000000000020008883 2490.96999999999979991117 2484.30999999999994543032 2479.88500000000021827873 2478.91499999999996362021 2479.81500000000005456968 2481.03000000000020008883 2484.09499999999979991117 2490.60500000000001818989 2498.87500000000000000000 2507.23999999999978172127 2515.73500000000012732926 2524.46500000000014551915 2531.86000000000012732926 2536.42500000000018189894
