data/muragl/bed.grid
NCOLS	208
NROWS	120
XLLCORNER	0
YLLCORNER	0
CELLSIZE	25
NODATA_value	-9999
[rows 16 to 31 of 120, columns 37 to 73 of 208]
2197.56500000000005456968 2220.38000000000010913936 2236.53000000000020008883 2248.34499999999979991117 2258.17500000000018189894 2266.75000000000000000000 2274.76999999999998181011 2281.02500000000009094947 2284.28999999999996362021 2284.98500000000012732926 2283.46500000000014551915 2281.12500000000000000000 2279.49499999999989086064 2280.09499999999979991117 2284.42000000000007275958 2290.67000000000007275958 2297.04500000000007275958 2303.36000000000012732926 2309.46500000000014551915 2314.81500000000005456968 2318.86499999999978172127 2321.81500000000005456968 2323.88999999999987267074 2324.80000000000018189894 2324.12500000000000000000 2322.76999999999998181011 2321.59999999999990905053 2321.07999999999992724042 2321.69500000000016370905 2324.41499999999996362021 2330.21999999999979991117 2334.99499999999989086064 2334.57000000000016370905 2332.88999999999987267074 2333.95499999999992724042 2337.19500000000016370905 2342.07499999999981810106
2191.95499999999992724042 2214.13999999999987267074 2229.55000000000018189894 2240.55999999999994543032 2249.55000000000018189894 2257.11000000000012732926 2263.76000000000021827873 2267.67500000000018189894 2266.99499999999989086064 2264.48500000000012732926 2262.84499999999979991117 2261.48000000000001818989 2259.84000000000014551915 2259.88500000000021827873 2263.50500000000010913936 2269.21999999999979991117 2275.53499999999985448085 2281.69500000000016370905 2287.05000000000018189894 2292.15000000000009094947 2297.53999999999996362021 2302.07000000000016370905 2304.69999999999981810106 2305.50500000000010913936 2304.59000000000014551915 2303.59499999999979991117 2304.14499999999998181011 2305.67000000000007275958 2307.61999999999989086064 2310.80999999999994543032 2316.11000000000012732926 2320.35500000000001818989 2320.26499999999987267074 2318.98000000000001818989 2319.65500000000020008883 2322.36000000000012732926 2327.18499999999994543032
2185.67000000000007275958 2205.69999999999981810106 2220.23000000000001818989 2230.44999999999981810106 2237.61999999999989086064 2242.72499999999990905053 2246.83500000000003637979 2248.23999999999978172127 2245.29500000000007275958 2241.67000000000007275958 2241.03999999999996362021 2241.19999999999981810106 2240.00000000000000000000 2239.82000000000016370905 2243.07499999999981810106 2248.35500000000001818989 2254.31500000000005456968 2259.94999999999981810106 2264.23500000000012732926 2268.59499999999979991117 2274.40500000000020008883 2279.86499999999978172127 2283.23999999999978172127 2284.73999999999978172127 2284.67500000000018189894 2285.05499999999983629095 2288.00000000000000000000 2291.76000000000021827873 2294.67500000000018189894 2297.76499999999987267074 2302.01999999999998181011 2305.47499999999990905053 2306.13000000000010913936 2305.78999999999996362021 2306.33500000000003637979 2308.54500000000007275958 2313.17999999999983629095
2179.22499999999990905053 2196.28499999999985448085 2209.03000000000020008883 2217.51000000000021827873 2221.76999999999998181011 2223.61000000000012732926 2224.88000000000010913936 2224.41499999999996362021 2221.15999999999985448085 2218.25500000000010913936 2218.94999999999981810106 2220.48000000000001818989 2220.09000000000014551915 2220.15500000000020008883 2223.04500000000007275958 2227.67000000000007275958 2232.94000000000005456968 2237.79500000000007275958 2241.23000000000001818989 2244.94999999999981810106 2250.71500000000014551915 2256.57999999999992724042 2260.60500000000001818989 2263.23500000000012732926 2264.90999999999985448085 2267.42500000000018189894 2272.53999999999996362021 2278.03999999999996362021 2281.63999999999987267074 2284.46500000000014551915 2287.61999999999989086064 2290.34499999999979991117 2291.82999999999992724042 2292.62500000000000000000 2293.26499999999987267074 2295.21999999999979991117 2299.86499999999978172127
2173.11499999999978172127 2187.09999999999990905053 2196.52500000000009094947 2201.32499999999981810106 2201.46999999999979991117 2199.71000000000003637979 2198.74499999999989086064 2197.92000000000007275958 2196.55499999999983629095 2195.94500000000016370905 2197.47499999999990905053 2199.44500000000016370905 2200.16499999999996362021 2200.99499999999989086064 2203.36999999999989086064 2206.82999999999992724042 2210.90999999999985448085 2214.95499999999992724042 2218.24499999999989086064 2222.07499999999981810106 2227.73500000000012732926 2233.57499999999981810106 2237.95499999999992724042 2241.76000000000021827873 2245.92999999999983629095 2250.89499999999998181011 2257.19000000000005456968 2263.19500000000016370905 2267.23000000000001818989 2270.11499999999978172127 2272.65500000000020008883 2274.95499999999992724042 2277.13999999999987267074 2278.84499999999979991117 2279.78000000000020008883 2281.86999999999989086064 2287.05999999999994543032
2165.33500000000003637979 2176.69000000000005456968 2182.62500000000000000000 2183.61499999999978172127 2180.13000000000010913936 2175.51000000000021827873 2173.07499999999981810106 2172.47499999999990905053 2173.30999999999994543032 2175.05999999999994543032 2177.20499999999992724042 2179.34000000000014551915 2180.99499999999989086064 2182.60500000000001818989 2184.64499999999998181011 2187.11499999999978172127 2190.05000000000018189894 2193.31500000000005456968 2196.78000000000020008883 2200.96999999999979991117 2206.40500000000020008883 2212.19500000000016370905 2217.36499999999978172127 2222.89499999999998181011 2229.80000000000018189894 2236.96000000000003637979 2243.29500000000007275958 2248.62500000000000000000 2252.74499999999989086064 2255.76000000000021827873 2257.82499999999981810106 2259.80000000000018189894 2262.47499999999990905053 2265.04500000000007275958 2266.66499999999996362021 2269.30000000000018189894 2274.86499999999978172127
2153.94000000000005456968 2163.50000000000000000000 2167.24499999999989086064 2166.13000000000010913936 2161.13500000000021827873 2155.51499999999987267074 2152.52500000000009094947 2151.90000000000009094947 2153.32000000000016370905 2155.90500000000020008883 2158.71500000000014551915 2161.32499999999981810106 2163.31500000000005456968 2165.17000000000007275958 2167.44000000000005456968 2169.83500000000003637979 2172.12500000000000000000 2174.78999999999996362021 2178.30000000000018189894 2182.61000000000012732926 2187.65999999999985448085 2193.71000000000003637979 2200.90000000000009094947 2209.21500000000014551915 2218.65500000000020008883 2227.00500000000010913936 2232.13000000000010913936 2235.73000000000001818989 2239.45499999999992724042 2242.45499999999992724042 2243.90000000000009094947 2245.34499999999979991117 2248.28999999999996362021 2251.74499999999989086064 2254.69999999999981810106 2258.21999999999979991117 2263.41499999999996362021
2140.98500000000012732926 2149.05999999999994543032 2151.32999999999992724042 2149.15000000000009094947 2143.88500000000021827873 2138.28499999999985448085 2135.15000000000009094947 2134.19999999999981810106 2135.26499999999987267074 2137.84499999999979991117 2141.42500000000018189894 2144.86000000000012732926 2147.05999999999994543032 2148.98500000000012732926 2151.59000000000014551915 2154.26999999999998181011 2156.45499999999992724042 2158.94500000000016370905 2162.55999999999994543032 2167.17500000000018189894 2172.64499999999998181011 2179.65500000000020008883 2188.84000000000014551915 2199.15000000000009094947 2209.55999999999994543032 2217.76000000000021827873 2221.46999999999979991117 2223.47499999999990905053 2226.60500000000001818989 2229.44000000000005456968 2230.53000000000020008883 2231.72499999999990905053 2234.86999999999989086064 2238.96999999999979991117 2243.00000000000000000000 2247.25000000000000000000 2251.99499999999989086064
2128.61000000000012732926 2134.86999999999989086064 2135.79500000000007275958 2132.94500000000016370905 2127.80999999999994543032 2122.46999999999979991117 2118.94999999999981810106 2117.38999999999987267074 2117.81500000000005456968 2120.30499999999983629095 2124.82000000000016370905 2129.42000000000007275958 2132.16499999999996362021 2134.26000000000021827873 2136.93499999999994543032 2139.75000000000000000000 2142.34499999999979991117 2145.29500000000007275958 2149.28499999999985448085 2154.84000000000014551915 2162.46500000000014551915 2171.53000000000020008883 2181.46999999999979991117 2191.21500000000014551915 2199.62500000000000000000 2205.85500000000001818989 2208.97499999999990905053 2210.83500000000003637979 2213.42500000000018189894 2215.88000000000010913936 2217.33500000000003637979 2219.11499999999978172127 2222.53499999999985448085 2226.71000000000003637979 2230.73500000000012732926 2234.98000000000001818989 2239.84499999999979991117
2116.38000000000010913936 2120.46000000000003637979 2120.23999999999978172127 2117.09499999999979991117 2112.38999999999987267074 2107.53999999999996362021 2103.88999999999987267074 2101.90500000000020008883 2101.94999999999981810106 2104.40000000000009094947 2109.53999999999996362021 2115.05999999999994543032 2118.57999999999992724042 2121.13999999999987267074 2123.80000000000018189894 2126.71000000000003637979 2130.00000000000000000000 2133.87500000000000000000 2138.57499999999981810106 2145.13999999999987267074 2154.57499999999981810106 2165.00500000000010913936 2174.58500000000003637979 2182.68499999999994543032 2188.61000000000012732926 2192.88999999999987267074 2195.99499999999989086064 2198.40999999999985448085 2200.65999999999985448085 2202.83500000000003637979 2205.01000000000021827873 2207.72499999999990905053 2211.59999999999990905053 2215.98000000000001818989 2220.23000000000001818989 2224.63999999999987267074 2229.55000000000018189894
2103.88000000000010913936 2105.39499999999998181011 2104.19500000000016370905 2101.11499999999978172127 2097.07000000000016370905 2093.00000000000000000000 2089.83500000000003637979 2088.18499999999994543032 2088.63999999999987267074 2091.31500000000005456968 2096.31500000000005456968 2101.92500000000018189894 2106.28999999999996362021 2109.71999999999979991117 2112.51000000000021827873 2115.53000000000020008883 2119.63999999999987267074 2124.69999999999981810106 2130.56500000000005456968 2137.70499999999992724042 2146.52500000000009094947 2155.75500000000010913936 2163.94500000000016370905 2170.84000000000014551915 2176.17500000000018189894 2180.38999999999987267074 2183.90999999999985448085 2186.78000000000020008883 2189.03499999999985448085 2191.29500000000007275958 2194.17000000000007275958 2197.80999999999994543032 2202.42000000000007275958 2207.80499999999983629095 2213.81500000000005456968 2219.44500000000016370905 2223.78000000000020008883
2091.23000000000001818989 2090.52500000000009094947 2088.46999999999979991117 2085.58500000000003637979 2082.38500000000021827873 2079.36499999999978172127 2077.05499999999983629095 2076.15999999999985448085 2077.40500000000020008883 2080.55000000000018189894 2085.30499999999983629095 2090.70499999999992724042 2095.76999999999998181011 2100.11999999999989086064 2103.38000000000010913936 2106.79500000000007275958 2111.55999999999994543032 2117.45499999999992724042 2124.23000000000001818989 2131.52500000000009094947 2139.00000000000000000000 2146.21000000000003637979 2152.71000000000003637979 2158.76499999999987267074 2164.69500000000016370905 2169.92999999999983629095 2173.94000000000005456968 2177.23999999999978172127 2180.34999999999990905053 2183.63999999999987267074 2187.57000000000016370905 2192.20499999999992724042 2197.63000000000010913936 2204.13500000000021827873 2212.03999999999996362021 2219.19000000000005456968 2223.53000000000020008883
2078.50000000000000000000 2076.65999999999985448085 2073.96500000000014551915 2071.12500000000000000000 2068.88000000000010913936 2067.11000000000012732926 2065.76499999999987267074 2065.71500000000014551915 2067.84499999999979991117 2071.63000000000010913936 2076.63500000000021827873 2082.15999999999985448085 2087.50500000000010913936 2092.46000000000003637979 2096.71999999999979991117 2101.00500000000010913936 2106.01999999999998181011 2111.84000000000014551915 2118.58500000000003637979 2125.65999999999985448085 2132.54500000000007275958 2138.76499999999987267074 2144.00000000000000000000 2149.51000000000021827873 2156.51499999999987267074 2163.10500000000001818989 2167.28999999999996362021 2171.05999999999994543032 2176.34000000000014551915 2182.24499999999989086064 2187.91499999999996362021 2193.67000000000007275958 2199.86999999999989086064 2207.00500000000010913936 2215.53000000000020008883 2223.69500000000016370905 2229.71999999999979991117
2065.40000000000009094947 2063.12500000000000000000 2060.09499999999979991117 2057.40000000000009094947 2056.19500000000016370905 2055.86999999999989086064 2055.84999999999990905053 2056.98000000000001818989 2060.16499999999996362021 2064.63500000000021827873 2069.72499999999990905053 2075.23000000000001818989 2080.94000000000005456968 2086.73000000000001818989 2092.51499999999987267074 2098.19999999999981810106 2103.83500000000003637979 2109.77500000000009094947 2116.46999999999979991117 2123.43499999999994543032 2130.24499999999989086064 2136.32499999999981810106 2141.04500000000007275958 2146.33500000000003637979 2154.11999999999989086064 2161.71999999999979991117 2166.38999999999987267074 2170.90999999999985448085 2178.01499999999987267074 2185.98500000000012732926 2193.13000000000010913936 2199.90500000000020008883 2206.78499999999985448085 2214.23999999999978172127 2222.74499999999989086064 2231.45499999999992724042 2239.55000000000018189894
2051.59999999999990905053 2049.28000000000020008883 2046.31500000000005456968 2044.09500000000002728484 2043.99000000000000909495 2045.25999999999999090505 2047.10500000000001818989 2050.03999999999996362021 2054.57000000000016370905 2059.58500000000003637979 2063.97499999999990905053 2068.90000000000009094947 2075.47499999999990905053 2082.96000000000003637979 2090.67500000000018189894 2098.38999999999987267074 2105.81500000000005456968 2113.17000000000007275958 2120.68499999999994543032 2128.11000000000012732926 2135.28499999999985448085 2141.73000000000001818989 2146.98500000000012732926 2152.57000000000016370905 2159.99499999999989086064 2167.58500000000003637979 2173.69000000000005456968 2179.49499999999989086064 2186.40500000000020008883 2193.84499999999979991117 2201.19500000000016370905 2208.55000000000018189894 2215.96000000000003637979 2223.72499999999990905053 2232.13000000000010913936 2241.00000000000000000000 2250.18499999999994543032
2037.95499999999992724042 2035.94499999999993633537 2033.75500000000010913936 2032.58999999999991814548 2033.73000000000001818989 2036.51999999999998181011 2040.34999999999990905053 2045.20000000000004547474 2051.03999999999996362021 2056.71999999999979991117 2061.04500000000007275958 2066.03499999999985448085 2073.77500000000009094947 2082.92500000000018189894 2092.17999999999983629095 2101.55000000000018189894 2111.01499999999987267074 2120.32000000000016370905 2129.21500000000014551915 2137.53000000000020008883 2145.11499999999978172127 2152.05000000000018189894 2158.38000000000010913936 2164.65999999999985448085 2171.46500000000014551915 2178.57000000000016370905 2185.70499999999992724042 2192.50000000000000000000 2198.58500000000003637979 2204.76499999999987267074 2211.79500000000007275958 2219.32000000000016370905 2226.94500000000016370905 2234.82999999999992724042 2243.09499999999979991117 2251.84999999999990905053 2261.23999999999978172127
