data/muragl/bed.grid
NCOLS	208
NROWS	120
XLLCORNER	0
YLLCORNER	0
CELLSIZE	25
NODATA_value	-9999
[rows 32 to 47 of 120, columns 0 to 36 of 208]
1752.00999999999999090505 1752.00999999999999090505 1760.89499999999998181011 1765.79500000000007275958 1770.00500000000010913936 1774.23000000000001818989 1778.37500000000000000000 1782.42499999999995452526 1786.35999999999989995558 1790.24499999999989086064 1794.29999999999995452526 1798.74000000000000909495 1803.98499999999989995558 1810.38499999999999090505 1817.44000000000005456968 1824.59999999999990905053 1832.18000000000006366463 1840.54500000000007275958 1849.69499999999993633537 1859.65499999999997271516 1870.25500000000010913936 1881.30999999999994543032 1892.99499999999989086064 1905.51999999999998181011 1918.21499999999991814548 1930.46000000000003637979 1942.66000000000008185452 1955.21499999999991814548 1968.19000000000005456968 1981.57500000000004547474 1994.34999999999990905053 2005.48499999999989995558 2014.32500000000004547474 2020.15499999999997271516 2023.71499999999991814548 2025.76500000000010004442 2026.28500000000008185452
1754.21000000000003637979 1754.21000000000003637979 1762.19499999999993633537 1766.94000000000005456968 1771.09999999999990905053 1775.22499999999990905053 1779.25500000000010913936 1783.04999999999995452526 1786.74000000000000909495 1790.38499999999999090505 1794.14499999999998181011 1798.15000000000009094947 1802.84999999999990905053 1808.73499999999989995558 1815.50000000000000000000 1822.83999999999991814548 1830.71499999999991814548 1839.08999999999991814548 1847.82999999999992724042 1856.82500000000004547474 1866.61500000000000909495 1877.69499999999993633537 1889.86500000000000909495 1902.96000000000003637979 1916.03500000000008185452 1928.21000000000003637979 1940.01999999999998181011 1952.06500000000005456968 1964.27999999999997271516 1976.59999999999990905053 1988.06999999999993633537 1997.75999999999999090505 2005.08500000000003637979 2009.54999999999995452526 2012.03500000000008185452 2013.52999999999997271516 2014.09999999999990905053
1756.76999999999998181011 1756.76999999999998181011 1763.34999999999990905053 1767.76500000000010004442 1771.87500000000000000000 1776.00999999999999090505 1780.00500000000010913936 1783.62500000000000000000 1787.03999999999996362021 1790.45000000000004547474 1793.86999999999989086064 1797.37500000000000000000 1801.55500000000006366463 1807.09999999999990905053 1813.68499999999994543032 1821.08500000000003637979 1829.13000000000010913936 1837.63499999999999090505 1846.23499999999989995558 1854.51500000000010004442 1863.58500000000003637979 1874.56500000000005456968 1886.81500000000005456968 1899.75999999999999090505 1912.68499999999994543032 1924.89499999999998181011 1936.89499999999998181011 1949.19000000000005456968 1961.08999999999991814548 1971.89000000000010004442 1981.43499999999994543032 1989.48000000000001818989 1995.32999999999992724042 1998.27999999999997271516 1999.62500000000000000000 2000.66000000000008185452 2001.88499999999999090505
1759.00999999999999090505 1759.00999999999999090505 1764.48000000000001818989 1768.53500000000008185452 1772.48499999999989995558 1776.57500000000004547474 1780.48000000000001818989 1783.90000000000009094947 1787.08999999999991814548 1790.26999999999998181011 1793.41000000000008185452 1796.49499999999989086064 1800.29500000000007275958 1805.58500000000003637979 1812.07999999999992724042 1819.44499999999993633537 1827.54999999999995452526 1836.20000000000004547474 1844.79500000000007275958 1852.71499999999991814548 1861.35500000000001818989 1872.05500000000006366463 1884.02500000000009094947 1896.50000000000000000000 1909.04500000000007275958 1921.23000000000001818989 1933.31999999999993633537 1945.65499999999997271516 1956.97000000000002728484 1966.00500000000010913936 1973.38000000000010913936 1979.76500000000010004442 1984.29500000000007275958 1986.12500000000000000000 1987.10500000000001818989 1989.00500000000010913936 1992.14000000000010004442
1760.94000000000005456968 1760.94000000000005456968 1765.80999999999994543032 1769.49000000000000909495 1773.13000000000010913936 1776.85500000000001818989 1780.46499999999991814548 1783.69000000000005456968 1786.72499999999990905053 1789.74000000000000909495 1792.72000000000002728484 1795.64000000000010004442 1799.28500000000008185452 1804.39499999999998181011 1810.72000000000002728484 1818.03999999999996362021 1826.11500000000000909495 1834.76500000000010004442 1843.41499999999996362021 1851.50000000000000000000 1860.09500000000002728484 1870.28500000000008185452 1881.66499999999996362021 1893.77999999999997271516 1906.07500000000004547474 1917.92000000000007275958 1929.41499999999996362021 1940.60500000000001818989 1950.34999999999990905053 1957.46499999999991814548 1962.93499999999994543032 1967.76999999999998181011 1971.30500000000006366463 1972.89499999999998181011 1975.04999999999995452526 1980.33500000000003637979 1987.35500000000001818989
1762.53999999999996362021 1762.53999999999996362021 1767.24499999999989086064 1770.67000000000007275958 1773.96499999999991814548 1777.19000000000005456968 1780.30999999999994543032 1783.31500000000005456968 1786.25500000000010913936 1789.13499999999999090505 1792.02999999999997271516 1794.90000000000009094947 1798.46499999999991814548 1803.36999999999989086064 1809.48499999999989995558 1816.65499999999997271516 1824.62500000000000000000 1833.13499999999999090505 1841.81500000000005456968 1850.25500000000010913936 1859.05999999999994543032 1868.76500000000010004442 1879.44499999999993633537 1891.09999999999990905053 1902.94000000000005456968 1914.17499999999995452526 1924.62500000000000000000 1934.05999999999994543032 1941.78999999999996362021 1947.01500000000010004442 1951.01999999999998181011 1955.05999999999994543032 1958.73000000000001818989 1961.69000000000005456968 1966.43499999999994543032 1975.55999999999994543032 1986.15499999999997271516
1763.82999999999992724042 1763.82999999999992724042 1768.71499999999991814548 1772.10500000000001818989 1775.14499999999998181011 1777.78500000000008185452 1780.33999999999991814548 1783.10500000000001818989 1785.94000000000005456968 1788.74499999999989086064 1791.56500000000005456968 1794.40000000000009094947 1797.81500000000005456968 1802.39499999999998181011 1808.13499999999999090505 1815.09999999999990905053 1822.86999999999989086064 1831.12500000000000000000 1839.72499999999990905053 1848.46000000000003637979 1857.51999999999998181011 1867.03500000000008185452 1877.13499999999999090505 1887.94499999999993633537 1898.82999999999992724042 1909.15000000000009094947 1918.37500000000000000000 1926.01500000000010004442 1931.77999999999997271516 1935.32500000000004547474 1938.51500000000010004442 1943.18000000000006366463 1948.98499999999989995558 1955.63000000000010913936 1964.16499999999996362021 1975.70000000000004547474 1987.18499999999994543032
1764.70000000000004547474 1764.70000000000004547474 1770.05500000000006366463 1773.54500000000007275958 1776.49000000000000909495 1778.64499999999998181011 1780.65499999999997271516 1783.13499999999999090505 1785.86999999999989086064 1788.59500000000002728484 1791.32999999999992724042 1794.07999999999992724042 1797.31500000000005456968 1801.46499999999991814548 1806.81500000000005456968 1813.53500000000008185452 1821.16499999999996362021 1829.14000000000010004442 1837.58999999999991814548 1846.61999999999989086064 1855.96499999999991814548 1865.36999999999989086064 1874.91499999999996362021 1884.70499999999992724042 1894.27500000000009094947 1903.21499999999991814548 1910.92499999999995452526 1916.88499999999999090505 1921.18000000000006366463 1923.99499999999989086064 1927.41000000000008185452 1933.57999999999992724042 1942.05500000000006366463 1952.41000000000008185452 1964.01999999999998181011 1976.27500000000009094947 1986.88000000000010913936
1765.15000000000009094947 1765.15000000000009094947 1771.01999999999998181011 1774.80999999999994543032 1777.84999999999990905053 1779.71499999999991814548 1781.31999999999993633537 1783.57500000000004547474 1786.14499999999998181011 1788.71000000000003637979 1791.31500000000005456968 1793.94499999999993633537 1796.94000000000005456968 1800.63000000000010913936 1805.55999999999994543032 1812.20499999999992724042 1819.81500000000005456968 1827.55999999999994543032 1835.90000000000009094947 1845.24000000000000909495 1854.88499999999999090505 1864.07999999999992724042 1873.00500000000010913936 1881.72499999999990905053 1889.80999999999994543032 1896.75999999999999090505 1902.53500000000008185452 1907.06500000000005456968 1910.88000000000010913936 1914.57999999999992724042 1919.69000000000005456968 1927.75000000000000000000 1938.02999999999997271516 1949.82500000000004547474 1961.86500000000000909495 1972.85999999999989995558 1981.56500000000005456968
1764.73000000000001818989 1764.73000000000001818989 1771.27999999999997271516 1775.32999999999992724042 1778.60999999999989995558 1780.55500000000006366463 1782.10500000000001818989 1784.23499999999989995558 1786.68000000000006366463 1789.11500000000000909495 1791.57999999999992724042 1794.08999999999991814548 1796.88499999999999090505 1800.26500000000010004442 1804.85999999999989995558 1811.33999999999991814548 1818.86999999999989086064 1826.57500000000004547474 1835.01999999999998181011 1844.82999999999992724042 1854.88000000000010913936 1864.13000000000010913936 1872.39499999999998181011 1879.56500000000005456968 1885.58500000000003637979 1890.36500000000000909495 1894.41000000000008185452 1898.15000000000009094947 1902.34500000000002728484 1907.71000000000003637979 1914.91499999999996362021 1924.61999999999989086064 1935.72000000000002728484 1947.20000000000004547474 1957.98000000000001818989 1967.05500000000006366463 1974.30500000000006366463
1763.44000000000005456968 1763.44000000000005456968 1770.46000000000003637979 1774.63000000000010913936 1778.19000000000005456968 1780.68499999999994543032 1782.72499999999990905053 1784.99499999999989086064 1787.40000000000009094947 1789.77500000000009094947 1792.16499999999996362021 1794.57999999999992724042 1797.32999999999992724042 1800.72000000000002728484 1805.20000000000004547474 1811.21499999999991814548 1818.37500000000000000000 1826.31999999999993633537 1835.36500000000000909495 1845.88000000000010913936 1856.61500000000000909495 1866.42000000000007275958 1874.16499999999996362021 1878.77500000000009094947 1881.74499999999989086064 1884.57500000000004547474 1887.75999999999999090505 1891.79500000000007275958 1897.08999999999991814548 1904.07500000000004547474 1912.74000000000000909495 1923.10999999999989995558 1933.89000000000010004442 1943.78999999999996362021 1952.68000000000006366463 1960.40499999999997271516 1968.01500000000010004442
1762.61999999999989086064 1762.61999999999989086064 1769.37500000000000000000 1773.58500000000003637979 1777.38000000000010913936 1780.31999999999993633537 1782.80999999999994543032 1785.25000000000000000000 1787.64000000000010004442 1790.00000000000000000000 1792.39499999999998181011 1794.87500000000000000000 1797.73000000000001818989 1801.24499999999989086064 1805.64499999999998181011 1811.15499999999997271516 1817.95000000000004547474 1826.19499999999993633537 1835.88000000000010913936 1847.03500000000008185452 1858.18499999999994543032 1867.80500000000006366463 1874.48499999999989995558 1876.78500000000008185452 1877.46000000000003637979 1879.27999999999997271516 1882.42000000000007275958 1887.08999999999991814548 1893.45499999999992724042 1901.73499999999989995558 1911.23000000000001818989 1921.29999999999995452526 1930.92499999999995452526 1939.07500000000004547474 1946.52999999999997271516 1954.10999999999989995558 1963.28500000000008185452
1762.25999999999999090505 1762.25999999999999090505 1768.86999999999989086064 1773.16499999999996362021 1776.97000000000002728484 1779.75000000000000000000 1782.02500000000009094947 1784.40499999999997271516 1786.77999999999997271516 1789.14000000000010004442 1791.65499999999997271516 1794.45499999999992724042 1797.56999999999993633537 1801.05999999999994543032 1805.27999999999997271516 1810.54999999999995452526 1817.19499999999993633537 1825.55500000000006366463 1835.54999999999995452526 1847.03500000000008185452 1857.68499999999994543032 1865.13000000000010913936 1869.55999999999994543032 1871.02999999999997271516 1871.83999999999991814548 1874.34500000000002728484 1878.21000000000003637979 1883.14499999999998181011 1889.75999999999999090505 1898.75999999999999090505 1908.47499999999990905053 1917.24000000000000909495 1925.21000000000003637979 1932.43000000000006366463 1940.09999999999990905053 1949.32500000000004547474 1960.71499999999991814548
1762.19000000000005456968 1762.19000000000005456968 1768.63000000000010913936 1772.93499999999994543032 1776.61999999999989086064 1779.05500000000006366463 1781.01999999999998181011 1783.25000000000000000000 1785.66000000000008185452 1788.13499999999999090505 1790.88499999999999090505 1794.07500000000004547474 1797.51500000000010004442 1801.00000000000000000000 1804.99499999999989086064 1810.05500000000006366463 1816.54999999999995452526 1824.82999999999992724042 1834.73000000000001818989 1846.02500000000009094947 1855.61500000000000909495 1860.43000000000006366463 1862.59500000000002728484 1864.22000000000002728484 1866.40000000000009094947 1870.27500000000009094947 1875.12500000000000000000 1880.22499999999990905053 1886.67000000000007275958 1895.60999999999989995558 1904.80999999999994543032 1912.10999999999989995558 1918.71000000000003637979 1925.91000000000008185452 1934.70000000000004547474 1946.18499999999994543032 1959.62500000000000000000
1762.41000000000008185452 1762.41000000000008185452 1768.42000000000007275958 1772.47499999999990905053 1775.95499999999992724042 1778.40000000000009094947 1780.40499999999997271516 1782.59500000000002728484 1785.07500000000004547474 1787.93499999999994543032 1791.09500000000002728484 1794.56500000000005456968 1798.18000000000006366463 1801.79999999999995452526 1805.75999999999999090505 1810.41499999999996362021 1816.42000000000007275958 1824.40499999999997271516 1833.84999999999990905053 1844.19499999999993633537 1852.47000000000002728484 1855.65499999999997271516 1856.83999999999991814548 1859.13499999999999090505 1862.65499999999997271516 1867.55999999999994543032 1873.13000000000010913936 1878.56999999999993633537 1884.77500000000009094947 1892.67000000000007275958 1900.63000000000010913936 1907.00000000000000000000 1913.41000000000008185452 1921.47499999999990905053 1931.75999999999999090505 1944.83999999999991814548 1959.38499999999999090505
1762.23000000000001818989 1762.23000000000001818989 1767.96000000000003637979 1771.71499999999991814548 1775.09999999999990905053 1777.76500000000010004442 1780.06999999999993633537 1782.38000000000010913936 1784.98000000000001818989 1788.24000000000000909495 1791.84999999999990905053 1795.50000000000000000000 1799.21499999999991814548 1803.03999999999996362021 1807.06999999999993633537 1811.40000000000009094947 1816.85999999999989995558 1824.27999999999997271516 1832.85999999999989995558 1841.70499999999992724042 1848.54500000000007275958 1850.95499999999992724042 1852.17499999999995452526 1855.38499999999999090505 1860.21499999999991814548 1866.28999999999996362021 1872.56500000000005456968 1878.00999999999999090505 1883.49000000000000909495 1889.89000000000010004442 1896.46000000000003637979 1902.40000000000009094947 1909.11500000000000909495 1918.04500000000007275958 1929.27999999999997271516 1942.99000000000000909495 1957.67499999999995452526
