data/muragl/bed.grid
NCOLS	208
NROWS	120
XLLCORNER	0
YLLCORNER	0
CELLSIZE	25
NODATA_value	-9999
[rows 16 to 31 of 120, columns 111 to 147 of 208]
2622.36499999999978172127 2626.38999999999987267074 2631.38500000000021827873 2636.71500000000014551915 2641.69500000000016370905 2644.84000000000014551915 2644.73500000000012732926 2641.37500000000000000000 2634.80499999999983629095 2625.84999999999990905053 2615.38500000000021827873 2603.62500000000000000000 2590.81500000000005456968 2578.25500000000010913936 2567.32999999999992724042 2559.13000000000010913936 2554.63000000000010913936 2551.39499999999998181011 2547.02500000000009094947 2541.00500000000010913936 2532.82499999999981810106 2523.19999999999981810106 2512.86499999999978172127 2502.84999999999990905053 2494.19000000000005456968 2487.42500000000018189894 2483.11999999999989086064 2480.92000000000007275958 2480.34999999999990905053 2482.18499999999994543032 2487.17500000000018189894 2493.98500000000012732926 2501.24499999999989086064 2509.09999999999990905053 2517.69999999999981810106 2525.38500000000021827873 2530.42500000000018189894
2621.96000000000003637979 2625.45499999999992724042 2629.78000000000020008883 2634.80000000000018189894 2640.42500000000018189894 2645.09999999999990905053 2647.19500000000016370905 2646.69000000000005456968 2643.55000000000018189894 2638.25500000000010913936 2631.34999999999990905053 2622.90999999999985448085 2613.03000000000020008883 2602.07499999999981810106 2590.44500000000016370905 2580.41499999999996362021 2574.32999999999992724042 2569.87500000000000000000 2564.71000000000003637979 2558.15999999999985448085 2549.61000000000012732926 2539.30499999999983629095 2527.51999999999998181011 2515.63500000000021827873 2505.07499999999981810106 2496.05499999999983629095 2488.82000000000016370905 2483.88000000000010913936 2481.77500000000009094947 2482.47499999999990905053 2485.90999999999985448085 2490.96500000000014551915 2496.40999999999985448085 2502.75000000000000000000 2510.48500000000012732926 2518.03000000000020008883 2523.78499999999985448085
2623.26999999999998181011 2626.69500000000016370905 2630.12500000000000000000 2633.96500000000014551915 2638.67500000000018189894 2643.18499999999994543032 2646.39499999999998181011 2648.09000000000014551915 2648.00500000000010913936 2646.19999999999981810106 2642.71500000000014551915 2637.84999999999990905053 2631.88999999999987267074 2624.78499999999985448085 2616.53000000000020008883 2607.48000000000001818989 2598.08500000000003637979 2589.35500000000001818989 2582.09000000000014551915 2574.61000000000012732926 2565.23500000000012732926 2554.17999999999983629095 2541.65500000000020008883 2528.78499999999985448085 2516.70499999999992724042 2506.02500000000009094947 2497.23500000000012732926 2490.65999999999985448085 2486.58500000000003637979 2485.36999999999989086064 2487.34499999999979991117 2491.07999999999992724042 2495.24499999999989086064 2500.14499999999998181011 2506.19500000000016370905 2512.55999999999994543032 2518.37500000000000000000
2624.46999999999979991117 2628.15999999999985448085 2630.81500000000005456968 2633.36000000000012732926 2636.69500000000016370905 2640.38999999999987267074 2643.99499999999989086064 2647.17999999999983629095 2649.60500000000001818989 2650.94000000000005456968 2650.89499999999998181011 2649.48000000000001818989 2646.82000000000016370905 2643.28999999999996362021 2639.18499999999994543032 2632.51499999999987267074 2621.20499999999992724042 2608.96000000000003637979 2599.45499999999992724042 2590.73000000000001818989 2580.76499999999987267074 2569.26499999999987267074 2556.01499999999987267074 2542.11999999999989086064 2528.73500000000012732926 2516.79500000000007275958 2507.23999999999978172127 2499.63500000000021827873 2493.57999999999992724042 2490.20499999999992724042 2490.67999999999983629095 2493.27500000000009094947 2496.23500000000012732926 2499.73999999999978172127 2503.94999999999981810106 2508.79500000000007275958 2514.17000000000007275958
2623.72499999999990905053 2627.91499999999996362021 2630.30000000000018189894 2632.12500000000000000000 2634.71000000000003637979 2637.92500000000018189894 2641.58500000000003637979 2645.59499999999979991117 2649.80000000000018189894 2653.84000000000014551915 2657.25500000000010913936 2658.84499999999979991117 2657.34499999999979991117 2654.55000000000018189894 2652.13500000000021827873 2647.71999999999979991117 2638.88000000000010913936 2627.88000000000010913936 2617.12500000000000000000 2606.84499999999979991117 2597.11999999999989086064 2585.92999999999983629095 2571.33500000000003637979 2555.55999999999994543032 2540.80499999999983629095 2527.87500000000000000000 2517.68499999999994543032 2509.23000000000001818989 2501.50000000000000000000 2496.24499999999989086064 2495.22499999999990905053 2496.43499999999994543032 2497.93499999999994543032 2499.98000000000001818989 2502.81500000000005456968 2506.53499999999985448085 2511.26499999999987267074
2621.36999999999989086064 2626.26999999999998181011 2628.98000000000001818989 2630.73999999999978172127 2632.88500000000021827873 2635.62500000000000000000 2639.19000000000005456968 2643.53999999999996362021 2648.67500000000018189894 2654.30999999999994543032 2660.17000000000007275958 2663.97499999999990905053 2663.47499999999990905053 2661.15500000000020008883 2659.53000000000020008883 2656.95499999999992724042 2651.65999999999985448085 2643.51499999999987267074 2632.36999999999989086064 2620.92000000000007275958 2611.81500000000005456968 2601.47499999999990905053 2586.42500000000018189894 2569.41499999999996362021 2553.25500000000010913936 2539.26999999999998181011 2528.76000000000021827873 2520.04500000000007275958 2511.42500000000018189894 2504.75500000000010913936 2501.96000000000003637979 2501.33500000000003637979 2501.19999999999981810106 2501.90500000000020008883 2503.69999999999981810106 2506.52500000000009094947 2510.33500000000003637979
2617.76000000000021827873 2623.52500000000009094947 2627.31500000000005456968 2629.72499999999990905053 2631.36000000000012732926 2633.34499999999979991117 2636.76499999999987267074 2641.21999999999979991117 2646.30499999999983629095 2651.94999999999981810106 2658.03000000000020008883 2662.96500000000014551915 2665.07999999999992724042 2665.52500000000009094947 2665.46500000000014551915 2664.02500000000009094947 2660.28499999999985448085 2653.38500000000021827873 2642.42000000000007275958 2630.90000000000009094947 2622.34499999999979991117 2613.23000000000001818989 2599.98500000000012732926 2583.93499999999994543032 2566.48500000000012732926 2550.96500000000014551915 2540.59999999999990905053 2532.65999999999985448085 2524.34000000000014551915 2516.95499999999992724042 2511.92000000000007275958 2508.73000000000001818989 2506.92500000000018189894 2506.48999999999978172127 2507.48000000000001818989 2509.47499999999990905053 2512.13000000000010913936
2612.91499999999996362021 2619.36000000000012732926 2624.46500000000014551915 2627.98999999999978172127 2629.63999999999987267074 2631.17999999999983629095 2634.26999999999998181011 2638.40000000000009094947 2643.03999999999996362021 2648.11000000000012732926 2653.55999999999994543032 2658.86000000000012732926 2663.45499999999992724042 2667.04500000000007275958 2669.28499999999985448085 2669.23999999999978172127 2665.98000000000001818989 2659.40999999999985448085 2649.42000000000007275958 2638.84499999999979991117 2630.59000000000014551915 2622.33500000000003637979 2611.79500000000007275958 2598.18499999999994543032 2580.81500000000005456968 2564.53499999999985448085 2554.13000000000010913936 2546.63000000000010913936 2539.01499999999987267074 2531.63999999999987267074 2524.88500000000021827873 2519.40500000000020008883 2515.92500000000018189894 2514.28499999999985448085 2514.25500000000010913936 2515.43499999999994543032 2517.32000000000016370905
2606.78000000000020008883 2613.51000000000021827873 2619.68499999999994543032 2624.50500000000010913936 2627.23000000000001818989 2629.15999999999985448085 2631.62500000000000000000 2634.89499999999998181011 2639.19500000000016370905 2644.14499999999998181011 2649.42999999999983629095 2654.78499999999985448085 2659.92500000000018189894 2665.07000000000016370905 2670.35500000000001818989 2672.90500000000020008883 2669.96000000000003637979 2663.48999999999978172127 2655.49499999999989086064 2646.80499999999983629095 2638.36000000000012732926 2630.03499999999985448085 2621.67000000000007275958 2611.18499999999994543032 2596.51499999999987267074 2581.57999999999992724042 2570.27500000000009094947 2561.57999999999992724042 2554.28000000000020008883 2547.55499999999983629095 2540.55499999999983629095 2534.13000000000010913936 2529.11000000000012732926 2525.71999999999979991117 2524.16499999999996362021 2524.44999999999981810106 2526.51000000000021827873
2599.80499999999983629095 2606.37500000000000000000 2612.88999999999987267074 2618.59000000000014551915 2622.72499999999990905053 2625.73000000000001818989 2628.11999999999989086064 2630.98999999999978172127 2635.51999999999998181011 2640.82499999999981810106 2646.13000000000010913936 2651.28999999999996362021 2656.17500000000018189894 2661.99499999999989086064 2669.92999999999983629095 2675.29500000000007275958 2673.46000000000003637979 2668.09499999999979991117 2662.96500000000014551915 2657.01000000000021827873 2649.27500000000009094947 2641.06500000000005456968 2633.78499999999985448085 2625.15500000000020008883 2612.86000000000012732926 2599.20499999999992724042 2586.46500000000014551915 2575.87500000000000000000 2568.59000000000014551915 2562.80499999999983629095 2556.79500000000007275958 2550.69500000000016370905 2544.63999999999987267074 2539.90500000000020008883 2537.73500000000012732926 2538.29500000000007275958 2541.69500000000016370905
2592.40000000000009094947 2598.34000000000014551915 2604.09000000000014551915 2609.59499999999979991117 2614.74499999999989086064 2619.27500000000009094947 2622.94000000000005456968 2626.99499999999989086064 2632.76000000000021827873 2638.86999999999989086064 2644.07000000000016370905 2648.86499999999978172127 2653.79500000000007275958 2660.18499999999994543032 2669.36999999999989086064 2676.75000000000000000000 2677.71000000000003637979 2675.69500000000016370905 2674.17500000000018189894 2671.70499999999992724042 2666.84000000000014551915 2660.15999999999985448085 2652.34499999999979991117 2642.38500000000021827873 2629.24499999999989086064 2614.58500000000003637979 2600.09000000000014551915 2587.94999999999981810106 2580.40000000000009094947 2575.53000000000020008883 2571.48999999999978172127 2566.95499999999992724042 2560.69000000000005456968 2555.81500000000005456968 2555.42000000000007275958 2558.68499999999994543032 2564.78999999999996362021
2584.48000000000001818989 2590.34000000000014551915 2595.44500000000016370905 2600.51999999999998181011 2606.19500000000016370905 2611.88999999999987267074 2617.01000000000021827873 2622.51000000000021827873 2629.38500000000021827873 2636.19999999999981810106 2641.52500000000009094947 2646.38000000000010913936 2651.78999999999996362021 2658.87500000000000000000 2668.71999999999979991117 2677.60500000000001818989 2681.80000000000018189894 2683.65000000000009094947 2685.48000000000001818989 2686.27500000000009094947 2684.91499999999996362021 2680.54500000000007275958 2672.38000000000010913936 2660.76499999999987267074 2646.05499999999983629095 2629.73500000000012732926 2613.30499999999983629095 2599.48000000000001818989 2590.97499999999990905053 2586.26999999999998181011 2583.78499999999985448085 2581.06500000000005456968 2575.59999999999990905053 2571.59499999999979991117 2573.30499999999983629095 2579.02500000000009094947 2587.01499999999987267074
2575.86999999999989086064 2583.25000000000000000000 2589.03999999999996362021 2594.27500000000009094947 2599.96500000000014551915 2605.75500000000010913936 2611.31500000000005456968 2617.17000000000007275958 2623.90500000000020008883 2630.69999999999981810106 2636.75000000000000000000 2642.67500000000018189894 2649.17999999999983629095 2657.26999999999998181011 2667.98999999999978172127 2678.23999999999978172127 2684.86999999999989086064 2689.37500000000000000000 2693.33500000000003637979 2696.19999999999981810106 2697.42500000000018189894 2695.50500000000010913936 2688.90999999999985448085 2678.13999999999987267074 2663.61000000000012732926 2646.59499999999979991117 2628.28999999999996362021 2612.14499999999998181011 2601.59499999999979991117 2595.55499999999983629095 2592.92999999999983629095 2591.15000000000009094947 2587.63000000000010913936 2585.38999999999987267074 2587.57000000000016370905 2592.81500000000005456968 2599.67000000000007275958
2566.61999999999989086064 2576.51999999999998181011 2583.97499999999990905053 2589.98999999999978172127 2595.65999999999985448085 2601.15999999999985448085 2606.70499999999992724042 2612.44999999999981810106 2618.55999999999994543032 2624.95499999999992724042 2631.53000000000020008883 2638.34499999999979991117 2645.49499999999989086064 2654.23000000000001818989 2665.78000000000020008883 2677.21500000000014551915 2685.59499999999979991117 2691.92999999999983629095 2697.17500000000018189894 2701.35500000000001818989 2704.42500000000018189894 2704.80000000000018189894 2700.79500000000007275958 2692.40500000000020008883 2679.59499999999979991117 2663.32000000000016370905 2644.45499999999992724042 2626.55999999999994543032 2613.21999999999979991117 2604.62500000000000000000 2600.94999999999981810106 2599.61999999999989086064 2598.06500000000005456968 2597.50000000000000000000 2599.19000000000005456968 2602.59999999999990905053 2607.19999999999981810106
2556.66499999999996362021 2569.57499999999981810106 2579.33500000000003637979 2586.80999999999994543032 2592.92500000000018189894 2598.41499999999996362021 2604.04500000000007275958 2609.76000000000021827873 2615.56500000000005456968 2621.50500000000010913936 2627.65999999999985448085 2633.97499999999990905053 2640.38500000000021827873 2648.67000000000007275958 2660.65999999999985448085 2673.09999999999990905053 2682.75000000000000000000 2690.29500000000007275958 2696.48000000000001818989 2701.59000000000014551915 2705.96999999999979991117 2708.21500000000014551915 2706.84999999999990905053 2701.48500000000012732926 2691.69999999999981810106 2678.07000000000016370905 2661.12500000000000000000 2643.22499999999990905053 2626.73999999999978172127 2614.65000000000009094947 2609.83500000000003637979 2608.84499999999979991117 2608.27500000000009094947 2608.25000000000000000000 2609.04500000000007275958 2610.86000000000012732926 2613.94500000000016370905
2545.94000000000005456968 2561.30000000000018189894 2573.68499999999994543032 2583.26000000000021827873 2590.26499999999987267074 2596.07999999999992724042 2601.98000000000001818989 2607.84499999999979991117 2613.48500000000012732926 2618.98999999999978172127 2624.48000000000001818989 2629.90000000000009094947 2635.23999999999978172127 2642.54500000000007275958 2653.88000000000010913936 2666.25000000000000000000 2676.52500000000009094947 2685.01999999999998181011 2691.97499999999990905053 2697.81500000000005456968 2702.95499999999992724042 2706.57999999999992724042 2707.90500000000020008883 2706.05999999999994543032 2700.11999999999989086064 2690.30499999999983629095 2676.75500000000010913936 2660.21000000000003637979 2641.46999999999979991117 2626.21000000000003637979 2619.99499999999989086064 2618.69500000000016370905 2618.13000000000010913936 2618.03499999999985448085 2618.09000000000014551915 2618.92500000000018189894 2621.11499999999978172127
