data/muragl/surfinit.grid
NCOLS	208
NROWS	120
XLLCORNER	0
YLLCORNER	0
CELLSIZE	25
NODATA_value	-9999
[rows 0 to 15 of 120, columns 0 to 36 of 208]
1742.18000000000006366463 1742.18000000000006366463 1746.52999999999997271516 1752.21000000000003637979 1759.24000000000000909495 1767.09999999999990905053 1775.79999999999995452526 1781.80999999999994543032 1785.11999999999989086064 1789.34999999999990905053 1794.50000000000000000000 1801.84999999999990905053 1811.40000000000009094947 1822.98000000000001818989 1836.58999999999991814548 1851.80999999999994543032 1868.64000000000010004442 1884.40000000000009094947 1899.09999999999990905053 1912.34999999999990905053 1924.15000000000009094947 1936.72000000000002728484 1950.05999999999994543032 1965.44000000000005456968 1982.88000000000010913936 1998.41000000000008185452 2012.01999999999998181011 2025.80999999999994543032 2039.78999999999996362021 2055.63999999999987267074 2073.36000000000012732926 2090.65999999999985448085 2107.51999999999998181011 2125.15999999999985448085 2143.57000000000016370905 2161.44999999999981810106 2178.80000000000018189894
1742.18000000000006366463 1742.18000000000006366463 1746.52999999999997271516 1752.21000000000003637979 1759.24000000000000909495 1767.09999999999990905053 1775.79999999999995452526 1781.80999999999994543032 1785.11999999999989086064 1789.34999999999990905053 1794.50000000000000000000 1801.84999999999990905053 1811.40000000000009094947 1822.98000000000001818989 1836.58999999999991814548 1851.80999999999994543032 1868.64000000000010004442 1884.40000000000009094947 1899.09999999999990905053 1912.34999999999990905053 1924.15000000000009094947 1936.72000000000002728484 1950.05999999999994543032 1965.44000000000005456968 1982.88000000000010913936 1998.41000000000008185452 2012.01999999999998181011 2025.80999999999994543032 2039.78999999999996362021 2055.63999999999987267074 2073.36000000000012732926 2090.65999999999985448085 2107.51999999999998181011 2125.15999999999985448085 2143.57000000000016370905 2161.44999999999981810106 2178.80000000000018189894
1742.18000000000006366463 1742.18000000000006366463 1746.52999999999997271516 1752.21000000000003637979 1759.24000000000000909495 1767.09999999999990905053 1775.79999999999995452526 1781.80999999999994543032 1785.11999999999989086064 1789.34999999999990905053 1794.50000000000000000000 1801.84999999999990905053 1811.40000000000009094947 1822.98000000000001818989 1836.58999999999991814548 1851.80999999999994543032 1868.64000000000010004442 1884.40000000000009094947 1899.09999999999990905053 1912.34999999999990905053 1924.15000000000009094947 1936.72000000000002728484 1950.05999999999994543032 1965.44000000000005456968 1982.88000000000010913936 1998.41000000000008185452 2012.01999999999998181011 2025.80999999999994543032 2039.78999999999996362021 2055.63999999999987267074 2073.36000000000012732926 2090.65999999999985448085 2107.51999999999998181011 2125.15999999999985448085 2143.57000000000016370905 2161.44999999999981810106 2178.80000000000018189894
1742.18000000000006366463 1742.18000000000006366463 1746.52999999999997271516 1752.21000000000003637979 1759.24000000000000909495 1767.09999999999990905053 1775.79999999999995452526 1781.80999999999994543032 1785.11999999999989086064 1789.34999999999990905053 1794.50000000000000000000 1801.84999999999990905053 1811.40000000000009094947 1822.98000000000001818989 1836.58999999999991814548 1851.80999999999994543032 1868.64000000000010004442 1884.40000000000009094947 1899.09999999999990905053 1912.34999999999990905053 1924.15000000000009094947 1936.72000000000002728484 1950.05999999999994543032 1965.44000000000005456968 1982.88000000000010913936 1998.41000000000008185452 2012.01999999999998181011 2025.80999999999994543032 2039.78999999999996362021 2055.63999999999987267074 2073.36000000000012732926 2090.65999999999985448085 2107.51999999999998181011 2125.15999999999985448085 2143.57000000000016370905 2161.44999999999981810106 2178.80000000000018189894
1742.18000000000006366463 1742.18000000000006366463 1746.52999999999997271516 1752.21000000000003637979 1759.24000000000000909495 1767.09999999999990905053 1775.79999999999995452526 1781.80999999999994543032 1785.11999999999989086064 1789.34999999999990905053 1794.50000000000000000000 1801.84999999999990905053 1811.40000000000009094947 1822.98000000000001818989 1836.58999999999991814548 1851.80999999999994543032 1868.64000000000010004442 1884.40000000000009094947 1899.09999999999990905053 1912.34999999999990905053 1924.15000000000009094947 1936.72000000000002728484 1950.05999999999994543032 1965.44000000000005456968 1982.88000000000010913936 1998.41000000000008185452 2012.01999999999998181011 2025.80999999999994543032 2039.78999999999996362021 2055.63999999999987267074 2073.36000000000012732926 2090.65999999999985448085 2107.51999999999998181011 2125.15999999999985448085 2143.57000000000016370905 2161.44999999999981810106 2178.80000000000018189894
1742.18000000000006366463 1742.18000000000006366463 1746.52999999999997271516 1752.21000000000003637979 1759.24000000000000909495 1767.09999999999990905053 1775.79999999999995452526 1781.80999999999994543032 1785.11999999999989086064 1789.34999999999990905053 1794.50000000000000000000 1801.84999999999990905053 1811.40000000000009094947 1822.98000000000001818989 1836.58999999999991814548 1851.80999999999994543032 1868.64000000000010004442 1884.40000000000009094947 1899.09999999999990905053 1912.34999999999990905053 1924.15000000000009094947 1936.72000000000002728484 1950.05999999999994543032 1965.44000000000005456968 1982.88000000000010913936 1998.41000000000008185452 2012.01999999999998181011 2025.80999999999994543032 2039.78999999999996362021 2055.63999999999987267074 2073.36000000000012732926 2090.65999999999985448085 2107.51999999999998181011 2125.15999999999985448085 2143.57000000000016370905 2161.44999999999981810106 2178.80000000000018189894
1742.18000000000006366463 1742.18000000000006366463 1746.52999999999997271516 1752.21000000000003637979 1759.24000000000000909495 1767.09999999999990905053 1775.79999999999995452526 1781.80999999999994543032 1785.11999999999989086064 1789.34999999999990905053 1794.50000000000000000000 1801.84999999999990905053 1811.40000000000009094947 1822.98000000000001818989 1836.58999999999991814548 1851.80999999999994543032 1868.64000000000010004442 1884.40000000000009094947 1899.09999999999990905053 1912.34999999999990905053 1924.15000000000009094947 1936.72000000000002728484 1950.05999999999994543032 1965.44000000000005456968 1982.88000000000010913936 1998.41000000000008185452 2012.01999999999998181011 2025.80999999999994543032 2039.78999999999996362021 2055.63999999999987267074 2073.36000000000012732926 2090.65999999999985448085 2107.51999999999998181011 2125.15999999999985448085 2143.57000000000016370905 2161.44999999999981810106 2178.80000000000018189894
1742.18000000000006366463 1742.18000000000006366463 1746.52999999999997271516 1752.21000000000003637979 1759.24000000000000909495 1767.09999999999990905053 1775.79999999999995452526 1781.80999999999994543032 1785.11999999999989086064 1789.34999999999990905053 1794.50000000000000000000 1801.84999999999990905053 1811.40000000000009094947 1822.98000000000001818989 1836.58999999999991814548 1851.80999999999994543032 1868.64000000000010004442 1884.40000000000009094947 1899.09999999999990905053 1912.34999999999990905053 1924.15000000000009094947 1936.72000000000002728484 1950.05999999999994543032 1965.44000000000005456968 1982.88000000000010913936 1998.41000000000008185452 2012.01999999999998181011 2025.80999999999994543032 2039.78999999999996362021 2055.63999999999987267074 2073.36000000000012732926 2090.65999999999985448085 2107.51999999999998181011 2125.15999999999985448085 2143.57000000000016370905 2161.44999999999981810106 2178.80000000000018189894
1742.18000000000006366463 1742.18000000000006366463 1746.52999999999997271516 1752.21000000000003637979 1759.24000000000000909495 1767.09999999999990905053 1775.79999999999995452526 1781.80999999999994543032 1785.11999999999989086064 1789.34999999999990905053 1794.50000000000000000000 1801.84999999999990905053 1811.40000000000009094947 1822.98000000000001818989 1836.58999999999991814548 1851.80999999999994543032 1868.64000000000010004442 1884.40000000000009094947 1899.09999999999990905053 1912.34999999999990905053 1924.15000000000009094947 1936.72000000000002728484 1950.05999999999994543032 1965.44000000000005456968 1982.88000000000010913936 1998.41000000000008185452 2012.01999999999998181011 2025.80999999999994543032 2039.78999999999996362021 2055.63999999999987267074 2073.36000000000012732926 2090.65999999999985448085 2107.51999999999998181011 2125.15999999999985448085 2143.57000000000016370905 2161.44999999999981810106 2178.80000000000018189894
1742.18000000000006366463 1742.18000000000006366463 1746.52999999999997271516 1752.21000000000003637979 1759.24000000000000909495 1767.09999999999990905053 1775.79999999999995452526 1781.80999999999994543032 1785.11999999999989086064 1789.34999999999990905053 1794.50000000000000000000 1801.84999999999990905053 1811.40000000000009094947 1822.98000000000001818989 1836.58999999999991814548 1851.80999999999994543032 1868.64000000000010004442 1884.40000000000009094947 1899.09999999999990905053 1912.34999999999990905053 1924.15000000000009094947 1936.72000000000002728484 1950.05999999999994543032 1965.44000000000005456968 1982.88000000000010913936 1998.41000000000008185452 2012.01999999999998181011 2025.80999999999994543032 2039.78999999999996362021 2055.63999999999987267074 2073.36000000000012732926 2090.65999999999985448085 2107.51999999999998181011 2125.15999999999985448085 2143.57000000000016370905 2161.44999999999981810106 2178.80000000000018189894
1742.18000000000006366463 1742.18000000000006366463 1746.52999999999997271516 1752.21000000000003637979 1759.24000000000000909495 1767.09999999999990905053 1775.79999999999995452526 1781.80999999999994543032 1785.11999999999989086064 1789.34999999999990905053 1794.50000000000000000000 1801.84999999999990905053 1811.40000000000009094947 1822.98000000000001818989 1836.58999999999991814548 1851.80999999999994543032 1868.64000000000010004442 1884.40000000000009094947 1899.09999999999990905053 1912.34999999999990905053 1924.15000000000009094947 1936.72000000000002728484 1950.05999999999994543032 1965.44000000000005456968 1982.88000000000010913936 1998.41000000000008185452 2012.01999999999998181011 2025.80999999999994543032 2039.78999999999996362021 2055.63999999999987267074 2073.36000000000012732926 2090.65999999999985448085 2107.51999999999998181011 2125.15999999999985448085 2143.57000000000016370905 2161.44999999999981810106 2178.80000000000018189894
1742.18000000000006366463 1742.18000000000006366463 1746.52999999999997271516 1752.21000000000003637979 1759.24000000000000909495 1767.09999999999990905053 1775.79999999999995452526 1781.80999999999994543032 1785.11999999999989086064 1789.34999999999990905053 1794.50000000000000000000 1801.84999999999990905053 1811.40000000000009094947 1822.98000000000001818989 1836.58999999999991814548 1851.80999999999994543032 1868.64000000000010004442 1884.40000000000009094947 1899.09999999999990905053 1912.34999999999990905053 1924.15000000000009094947 1936.72000000000002728484 1950.05999999999994543032 1965.44000000000005456968 1982.88000000000010913936 1998.41000000000008185452 2012.01999999999998181011 2025.80999999999994543032 2039.78999999999996362021 2055.63999999999987267074 2073.36000000000012732926 2090.65999999999985448085 2107.51999999999998181011 2125.15999999999985448085 2143.57000000000016370905 2161.44999999999981810106 2178.80000000000018189894
1742.18000000000006366463 1742.18000000000006366463 1746.52999999999997271516 1752.21000000000003637979 1759.24000000000000909495 1767.09999999999990905053 1775.79999999999995452526 1781.80999999999994543032 1785.11999999999989086064 1789.34999999999990905053 1794.50000000000000000000 1801.84999999999990905053 1811.40000000000009094947 1822.98000000000001818989 1836.58999999999991814548 1851.80999999999994543032 1868.64000000000010004442 1884.40000000000009094947 1899.09999999999990905053 1912.34999999999990905053 1924.15000000000009094947 1936.72000000000002728484 1950.05999999999994543032 1965.44000000000005456968 1982.88000000000010913936 1998.41000000000008185452 2012.01999999999998181011 2025.80999999999994543032 2039.78999999999996362021 2055.63999999999987267074 2073.36000000000012732926 2090.65999999999985448085 2107.51999999999998181011 2125.15999999999985448085 2143.57000000000016370905 2161.44999999999981810106 2178.80000000000018189894
1742.18000000000006366463 1742.18000000000006366463 1746.52999999999997271516 1752.21000000000003637979 1759.24000000000000909495 1767.09999999999990905053 1775.79999999999995452526 1781.80999999999994543032 1785.11999999999989086064 1789.34999999999990905053 1794.50000000000000000000 1801.84999999999990905053 1811.40000000000009094947 1822.98000000000001818989 1836.58999999999991814548 1851.80999999999994543032 1868.64000000000010004442 1884.40000000000009094947 1899.09999999999990905053 1912.34999999999990905053 1924.15000000000009094947 1936.72000000000002728484 1950.05999999999994543032 1965.44000000000005456968 1982.88000000000010913936 1998.41000000000008185452 2012.01999999999998181011 2025.80999999999994543032 2039.78999999999996362021 2055.63999999999987267074 2073.36000000000012732926 2090.65999999999985448085 2107.51999999999998181011 2125.15999999999985448085 2143.57000000000016370905 2161.44999999999981810106 2178.80000000000018189894
1741.88000000000010913936 1741.88000000000010913936 1748.87500000000000000000 1755.25000000000000000000 1762.69000000000005456968 1770.74000000000000909495 1777.92000000000007275958 1782.77999999999997271516 1786.82999999999992724042 1791.65000000000009094947 1797.90499999999997271516 1806.28500000000008185452 1816.83500000000003637979 1829.56999999999993633537 1844.12500000000000000000 1860.12500000000000000000 1876.52999999999997271516 1892.19000000000005456968 1906.71499999999991814548 1919.69000000000005456968 1932.19000000000005456968 1945.26999999999998181011 1959.41499999999996362021 1975.15499999999997271516 1990.94499999999993633537 2005.31999999999993633537 2018.91499999999996362021 2032.52500000000009094947 2046.97000000000002728484 2063.12500000000000000000 2080.15000000000009094947 2097.25500000000010913936 2114.53999999999996362021 2132.15000000000009094947 2149.74499999999989086064 2166.96000000000003637979 2186.15999999999985448085
1741.16000000000008185452 1741.16000000000008185452 1747.88499999999999090505 1754.26500000000010004442 1761.64000000000010004442 1769.26500000000010004442 1776.09500000000002728484 1781.12500000000000000000 1785.60500000000001818989 1790.79500000000007275958 1797.28999999999996362021 1805.63000000000010913936 1816.14000000000010004442 1829.03999999999996362021 1843.75500000000010913936 1859.70000000000004547474 1876.19499999999993633537 1892.54500000000007275958 1907.94499999999993633537 1921.65000000000009094947 1934.62500000000000000000 1947.90499999999997271516 1961.87500000000000000000 1976.85500000000001818989 1991.89499999999998181011 2006.04500000000007275958 2019.53999999999996362021 2032.58999999999991814548 2046.07999999999992724042 2060.98500000000012732926 2076.92500000000018189894 2093.57999999999992724042 2110.48000000000001818989 2127.21999999999979991117 2143.92000000000007275958 2160.67500000000018189894 2179.69500000000016370905
