data/muragl/surfinit.grid
NCOLS	208
NROWS	120
XLLCORNER	0
YLLCORNER	0
CELLSIZE	25
NODATA_value	-9999
[rows 80 to 95 of 120, columns 37 to 73 of 208]
1834.64000000000010004442 1841.07999999999992724042 1848.89499999999998181011 1856.85999999999989995558 1863.70000000000004547474 1870.79999999999995452526 1879.52500000000009094947 1890.34999999999990905053 1903.78999999999996362021 1918.77999999999997271516 1934.17000000000007275958 1950.28999999999996362021 1967.34500000000002728484 1985.10999999999989995558 2003.34999999999990905053 2021.17499999999995452526 2037.59500000000002728484 2055.73000000000001818989 2078.84999999999990905053 2102.78999999999996362021 2123.32499999999981810106 2141.09499999999979991117 2156.73999999999978172127 2171.84499999999979991117 2187.96500000000014551915 2203.29500000000007275958 2215.98999999999978172127 2227.84999999999990905053 2240.61000000000012732926 2254.15000000000009094947 2268.43499999999994543032 2283.03499999999985448085 2297.59000000000014551915 2312.63500000000021827873 2328.73000000000001818989 2344.67500000000018189894 2359.34499999999979991117
1831.29500000000007275958 1837.20499999999992724042 1844.04500000000007275958 1850.84999999999990905053 1856.68000000000006366463 1863.43000000000006366463 1873.07999999999992724042 1884.91000000000008185452 1898.21000000000003637979 1912.13499999999999090505 1925.85999999999989995558 1940.44000000000005456968 1956.98000000000001818989 1974.20499999999992724042 1990.85500000000001818989 2008.03999999999996362021 2026.84999999999990905053 2048.15500000000020008883 2072.98999999999978172127 2097.48500000000012732926 2117.82499999999981810106 2134.79500000000007275958 2149.16499999999996362021 2163.06500000000005456968 2178.59499999999979991117 2193.43499999999994543032 2205.19500000000016370905 2216.59499999999979991117 2230.38000000000010913936 2245.48999999999978172127 2260.80499999999983629095 2275.75500000000010913936 2289.69000000000005456968 2303.98000000000001818989 2320.04500000000007275958 2336.47499999999990905053 2351.92500000000018189894
1827.63000000000010913936 1832.68499999999994543032 1838.70000000000004547474 1845.20499999999992724042 1851.59999999999990905053 1859.11999999999989086064 1869.01999999999998181011 1880.60999999999989995558 1893.19499999999993633537 1906.25000000000000000000 1919.24000000000000909495 1932.81999999999993633537 1947.75000000000000000000 1963.23000000000001818989 1978.50000000000000000000 1994.90499999999997271516 2013.89499999999998181011 2035.82500000000004547474 2061.03000000000020008883 2085.45499999999992724042 2105.05000000000018189894 2121.30000000000018189894 2135.60500000000001818989 2149.35500000000001818989 2164.01000000000021827873 2178.92500000000018189894 2193.46500000000014551915 2208.63000000000010913936 2225.53000000000020008883 2242.84000000000014551915 2259.23000000000001818989 2274.44999999999981810106 2288.17999999999983629095 2301.73500000000012732926 2316.40500000000020008883 2331.52500000000009094947 2346.31500000000005456968
1823.74499999999989086064 1828.18499999999994543032 1833.75999999999999090505 1840.32999999999992724042 1847.81999999999993633537 1856.36500000000000909495 1866.21000000000003637979 1877.06500000000005456968 1888.73499999999989995558 1900.92000000000007275958 1913.41499999999996362021 1926.26500000000010004442 1939.59999999999990905053 1953.41000000000008185452 1967.70499999999992724042 1983.35999999999989995558 2001.27500000000009094947 2022.16000000000008185452 2046.62500000000000000000 2070.70499999999992724042 2090.34999999999990905053 2107.25500000000010913936 2123.08500000000003637979 2138.09499999999979991117 2152.55000000000018189894 2167.96500000000014551915 2185.78999999999996362021 2205.07499999999981810106 2224.92500000000018189894 2244.03000000000020008883 2261.02500000000009094947 2276.18499999999994543032 2289.68499999999994543032 2302.57000000000016370905 2315.85500000000001818989 2329.50000000000000000000 2343.42000000000007275958
1819.66499999999996362021 1824.41000000000008185452 1830.03500000000008185452 1836.74000000000000909495 1844.66499999999996362021 1853.60999999999989995558 1863.42000000000007275958 1873.86500000000000909495 1884.75999999999999090505 1896.00000000000000000000 1907.54999999999995452526 1919.60500000000001818989 1932.42499999999995452526 1945.91000000000008185452 1959.98000000000001818989 1975.00999999999999090505 1991.42499999999995452526 2010.48499999999989995558 2033.40499999999997271516 2057.23999999999978172127 2079.00000000000000000000 2099.25500000000010913936 2118.61000000000012732926 2136.55000000000018189894 2152.55499999999983629095 2168.73000000000001818989 2187.16499999999996362021 2207.04500000000007275958 2227.48999999999978172127 2246.84499999999979991117 2263.53000000000020008883 2278.01499999999987267074 2290.76999999999998181011 2303.13500000000021827873 2316.37500000000000000000 2330.13500000000021827873 2344.06500000000005456968
1815.58999999999991814548 1820.86500000000000909495 1826.76500000000010004442 1833.56500000000005456968 1841.58500000000003637979 1850.57500000000004547474 1860.27500000000009094947 1870.39499999999998181011 1880.62500000000000000000 1890.99000000000000909495 1901.45499999999992724042 1912.68499999999994543032 1925.24499999999989086064 1939.10999999999989995558 1954.23499999999989995558 1969.96000000000003637979 1985.70499999999992724042 2003.23000000000001818989 2024.30500000000006366463 2047.38000000000010913936 2070.86999999999989086064 2093.98500000000012732926 2115.96500000000014551915 2136.38999999999987267074 2154.84999999999990905053 2172.53999999999996362021 2190.67000000000007275958 2209.44000000000005456968 2229.01999999999998181011 2247.63500000000021827873 2263.61000000000012732926 2277.44999999999981810106 2289.68499999999994543032 2301.83500000000003637979 2315.44999999999981810106 2329.77500000000009094947 2344.07499999999981810106
1811.73499999999989995558 1817.18499999999994543032 1823.10999999999989995558 1829.91000000000008185452 1837.99499999999989086064 1846.93499999999994543032 1856.41499999999996362021 1866.09999999999990905053 1875.70499999999992724042 1885.30999999999994543032 1894.96499999999991814548 1905.32500000000004547474 1917.08999999999991814548 1931.40000000000009094947 1949.36999999999989086064 1968.26500000000010004442 1985.43499999999994543032 2002.82999999999992724042 2022.31500000000005456968 2043.49000000000000909495 2065.92000000000007275958 2088.21500000000014551915 2108.96999999999979991117 2129.31500000000005456968 2150.33500000000003637979 2170.71999999999979991117 2189.26999999999998181011 2207.09999999999990905053 2225.32999999999992724042 2242.75000000000000000000 2258.16499999999996362021 2271.97499999999990905053 2284.59499999999979991117 2297.09499999999979991117 2310.64499999999998181011 2324.84499999999979991117 2339.28000000000020008883
1808.25999999999999090505 1813.65499999999997271516 1819.50000000000000000000 1826.19499999999993633537 1834.17000000000007275958 1842.88000000000010913936 1851.86500000000000909495 1860.90000000000009094947 1869.77999999999997271516 1878.61500000000000909495 1887.50000000000000000000 1897.04500000000007275958 1907.88499999999999090505 1922.09500000000002728484 1941.76500000000010004442 1963.40000000000009094947 1983.50000000000000000000 2002.78999999999996362021 2022.04500000000007275958 2041.54500000000007275958 2061.61999999999989086064 2081.24499999999989086064 2099.40999999999985448085 2118.82499999999981810106 2142.15999999999985448085 2165.40000000000009094947 2184.57000000000016370905 2201.62500000000000000000 2218.51999999999998181011 2234.69000000000005456968 2249.57499999999981810106 2263.46500000000014551915 2276.70499999999992724042 2289.75500000000010913936 2303.11000000000012732926 2316.98999999999978172127 2331.51499999999987267074
1805.29500000000007275958 1810.64000000000010004442 1816.30999999999994543032 1822.73499999999989995558 1830.37500000000000000000 1838.58500000000003637979 1846.69499999999993633537 1854.72000000000002728484 1862.65499999999997271516 1870.57999999999992724042 1878.58999999999991814548 1887.36500000000000909495 1897.52999999999997271516 1910.53500000000008185452 1927.95000000000004547474 1948.98499999999989995558 1972.77999999999997271516 1996.67499999999995452526 2018.11500000000000909495 2037.52500000000009094947 2055.30999999999994543032 2072.25500000000010913936 2088.97499999999990905053 2108.41499999999996362021 2133.53999999999996362021 2158.69000000000005456968 2178.14499999999998181011 2194.55999999999994543032 2210.59000000000014551915 2225.90000000000009094947 2240.17500000000018189894 2253.82999999999992724042 2267.27500000000009094947 2280.61999999999989086064 2293.97499999999990905053 2307.81500000000005456968 2322.62500000000000000000
1802.75000000000000000000 1808.02500000000009094947 1813.46000000000003637979 1819.46000000000003637979 1826.47499999999990905053 1833.84500000000002728484 1840.94499999999993633537 1847.94499999999993633537 1855.04999999999995452526 1862.38000000000010913936 1870.02999999999997271516 1878.46000000000003637979 1888.14499999999998181011 1899.63499999999999090505 1913.48499999999989995558 1931.88499999999999090505 1956.96000000000003637979 1983.76999999999998181011 2007.31999999999993633537 2027.63499999999999090505 2044.71499999999991814548 2060.91499999999996362021 2078.50500000000010913936 2099.31500000000005456968 2125.13500000000021827873 2150.61999999999989086064 2170.28000000000020008883 2186.69000000000005456968 2202.41499999999996362021 2217.26000000000021827873 2231.09999999999990905053 2244.40500000000020008883 2257.69000000000005456968 2270.97499999999990905053 2284.24499999999989086064 2297.90999999999985448085 2312.42000000000007275958
1800.51500000000010004442 1805.70499999999992724042 1810.86500000000000909495 1816.27999999999997271516 1822.27500000000009094947 1828.50999999999999090505 1834.59999999999990905053 1840.89499999999998181011 1847.71499999999991814548 1855.20000000000004547474 1863.54999999999995452526 1872.51999999999998181011 1881.92499999999995452526 1892.22000000000002728484 1903.84500000000002728484 1918.97499999999990905053 1939.88499999999999090505 1963.49000000000000909495 1986.57500000000004547474 2008.18000000000006366463 2027.41000000000008185452 2046.79500000000007275958 2068.90000000000009094947 2092.76000000000021827873 2117.63500000000021827873 2141.24499999999989086064 2161.25500000000010913936 2178.73500000000012732926 2194.79500000000007275958 2209.65999999999985448085 2223.44500000000016370905 2236.57499999999981810106 2249.38000000000010913936 2262.07499999999981810106 2274.92999999999983629095 2287.82499999999981810106 2300.71999999999979991117
1798.14499999999998181011 1803.09999999999990905053 1807.80500000000006366463 1812.55999999999994543032 1817.57500000000004547474 1822.78999999999996362021 1828.03999999999996362021 1833.84999999999990905053 1840.74499999999989086064 1848.84999999999990905053 1858.35500000000001818989 1868.13499999999999090505 1877.09999999999990905053 1886.28999999999996362021 1896.68000000000006366463 1909.21000000000003637979 1924.89000000000010004442 1943.55500000000006366463 1964.94000000000005456968 1987.45000000000004547474 2009.46499999999991814548 2032.79999999999995452526 2059.31500000000005456968 2086.08500000000003637979 2110.10500000000001818989 2132.04500000000007275958 2152.44000000000005456968 2171.07000000000016370905 2187.69500000000016370905 2202.75000000000000000000 2216.59499999999979991117 2229.43499999999994543032 2241.50000000000000000000 2253.34000000000014551915 2265.57000000000016370905 2277.51499999999987267074 2288.61999999999989086064
1795.21000000000003637979 1799.55999999999994543032 1803.61500000000000909495 1807.69499999999993633537 1812.19000000000005456968 1816.88000000000010913936 1821.59500000000002728484 1827.10999999999989995558 1834.29999999999995452526 1843.12500000000000000000 1853.66499999999996362021 1863.91000000000008185452 1871.94499999999993633537 1879.85500000000001818989 1889.73499999999989995558 1901.50500000000010913936 1915.14000000000010004442 1931.51999999999998181011 1951.51500000000010004442 1973.76999999999998181011 1997.00000000000000000000 2021.86500000000000909495 2049.15999999999985448085 2076.56500000000005456968 2101.61999999999989086064 2124.45499999999992724042 2145.25000000000000000000 2164.09000000000014551915 2181.05499999999983629095 2196.25500000000010913936 2209.84499999999979991117 2222.08500000000003637979 2233.26999999999998181011 2244.19500000000016370905 2255.66499999999996362021 2266.90999999999985448085 2277.13999999999987267074
1791.94499999999993633537 1795.70499999999992724042 1799.14499999999998181011 1802.71499999999991814548 1806.89499999999998181011 1811.37500000000000000000 1815.85999999999989995558 1821.29500000000007275958 1828.70000000000004547474 1837.86999999999989086064 1848.65499999999997271516 1858.86999999999989086064 1866.28999999999996362021 1873.58999999999991814548 1883.46499999999991814548 1895.20000000000004547474 1908.10500000000001818989 1923.18000000000006366463 1941.46000000000003637979 1962.38499999999999090505 1985.38000000000010913936 2010.36500000000000909495 2037.31999999999993633537 2064.92000000000007275958 2091.83500000000003637979 2116.67999999999983629095 2138.09999999999990905053 2156.96500000000014551915 2174.14499999999998181011 2189.48000000000001818989 2202.84499999999979991117 2214.56500000000005456968 2225.05999999999994543032 2235.17500000000018189894 2245.83500000000003637979 2256.34999999999990905053 2266.07499999999981810106
1788.56500000000005456968 1792.05999999999994543032 1795.26999999999998181011 1798.60999999999989995558 1802.51999999999998181011 1806.84500000000002728484 1811.47000000000002728484 1817.06999999999993633537 1824.31999999999993633537 1832.93000000000006366463 1842.50500000000010913936 1851.93000000000006366463 1859.93000000000006366463 1868.18499999999994543032 1878.38000000000010913936 1889.73000000000001818989 1901.33999999999991814548 1914.39000000000010004442 1930.06999999999993633537 1948.52999999999997271516 1970.01999999999998181011 1994.66000000000008185452 2022.59500000000002728484 2051.87500000000000000000 2080.55999999999994543032 2106.98500000000012732926 2129.42000000000007275958 2148.86999999999989086064 2166.28499999999985448085 2181.69999999999981810106 2195.15999999999985448085 2206.90500000000020008883 2217.19500000000016370905 2226.84000000000014551915 2236.59499999999979991117 2246.15999999999985448085 2255.20499999999992724042
1785.65000000000009094947 1788.97499999999990905053 1792.18000000000006366463 1795.47499999999990905053 1799.15000000000009094947 1803.34500000000002728484 1808.26999999999998181011 1814.06999999999993633537 1820.95000000000004547474 1828.61999999999989086064 1836.78999999999996362021 1845.30500000000006366463 1853.98000000000001818989 1863.21499999999991814548 1873.40000000000009094947 1884.00000000000000000000 1894.44499999999993633537 1905.84500000000002728484 1919.27999999999997271516 1935.33500000000003637979 1954.50500000000010913936 1977.89499999999998181011 2006.46000000000003637979 2037.32500000000004547474 2067.58500000000003637979 2095.28999999999996362021 2118.55000000000018189894 2138.57499999999981810106 2156.63000000000010913936 2172.72499999999990905053 2186.85500000000001818989 2199.13999999999987267074 2209.73500000000012732926 2219.19500000000016370905 2228.12500000000000000000 2236.67999999999983629095 2245.03999999999996362021
