data/muragl/surfinit.grid
NCOLS	208
NROWS	120
XLLCORNER	0
YLLCORNER	0
CELLSIZE	25
NODATA_value	-9999
[rows 48 to 63 of 120, columns 148 to 184 of 208]
2724.27500000000009094947 2740.16499999999996362021 2744.38000000000010913936 2744.42000000000007275958 2748.07999999999992724042 2748.84000000000014551915 2754.20499999999992724042 2748.94000000000005456968 2778.97499999999990905053 2784.13999999999987267074 2785.13999999999987267074 2779.00500000000010913936 2793.77500000000009094947 2797.80499999999983629095 2819.36999999999989086064 2825.53999999999996362021 2829.19500000000016370905 2832.98500000000012732926 2830.92500000000018189894 2838.48000000000001818989 2833.48000000000001818989 2842.73999999999978172127 2848.09999999999990905053 2848.09999999999990905053 2786.88000000000010913936 2786.00500000000010913936 2786.27500000000009094947 2787.67500000000018189894 2789.75500000000010913936 2792.08500000000003637979 2795.44500000000016370905 2800.73999999999978172127 2807.05499999999983629095 2813.44999999999981810106 2820.26499999999987267074 2827.77500000000009094947 2837.22499999999990905053
2722.82000000000016370905 2724.48500000000012732926 2732.78000000000020008883 2740.57000000000016370905 2742.70499999999992724042 2748.09999999999990905053 2748.09000000000014551915 2748.07000000000016370905 2778.71500000000014551915 2781.33500000000003637979 2778.01000000000021827873 2777.60500000000001818989 2790.40999999999985448085 2793.06500000000005456968 2814.87500000000000000000 2814.05499999999983629095 2817.21000000000003637979 2825.15000000000009094947 2825.79500000000007275958 2830.61499999999978172127 2831.99499999999989086064 2832.38999999999987267074 2837.55999999999994543032 2839.60500000000001818989 2800.89499999999998181011 2804.39499999999998181011 2807.98000000000001818989 2811.76499999999987267074 2815.71000000000003637979 2819.73500000000012732926 2824.13999999999987267074 2829.19999999999981810106 2835.03499999999985448085 2841.71000000000003637979 2848.82499999999981810106 2856.03999999999996362021 2863.44999999999981810106
2719.23000000000001818989 2722.05499999999983629095 2729.00000000000000000000 2732.23000000000001818989 2738.38999999999987267074 2742.94999999999981810106 2744.19500000000016370905 2742.98000000000001818989 2761.09999999999990905053 2766.26999999999998181011 2765.70499999999992724042 2772.71999999999979991117 2788.03499999999985448085 2788.11499999999978172127 2803.58500000000003637979 2808.91499999999996362021 2812.71999999999979991117 2817.89499999999998181011 2819.80000000000018189894 2821.78000000000020008883 2822.09499999999979991117 2830.57499999999981810106 2831.14499999999998181011 2837.65999999999985448085 2843.01499999999987267074 2845.90500000000020008883 2848.65500000000020008883 2846.78499999999985448085 2848.09999999999990905053 2848.48000000000001818989 2853.33500000000003637979 2864.63000000000010913936 2867.57999999999992724042 2879.03499999999985448085 2881.86499999999978172127 2886.30999999999994543032 2889.56500000000005456968
2716.86499999999978172127 2717.57499999999981810106 2722.67999999999983629095 2731.33500000000003637979 2736.01499999999987267074 2739.29500000000007275958 2740.21000000000003637979 2755.07000000000016370905 2757.80000000000018189894 2763.67999999999983629095 2768.02500000000009094947 2773.46500000000014551915 2775.17999999999983629095 2784.94999999999981810106 2792.77500000000009094947 2804.55999999999994543032 2807.90500000000020008883 2809.30499999999983629095 2813.11499999999978172127 2811.40000000000009094947 2814.61000000000012732926 2822.57000000000016370905 2830.98999999999978172127 2832.93499999999994543032 2837.78499999999985448085 2839.76000000000021827873 2842.82000000000016370905 2844.55000000000018189894 2844.98999999999978172127 2847.73000000000001818989 2858.64499999999998181011 2857.86000000000012732926 2864.30000000000018189894 2875.81500000000005456968 2875.87500000000000000000 2883.34499999999979991117 2891.17000000000007275958
2702.77500000000009094947 2708.54500000000007275958 2712.78499999999985448085 2723.15000000000009094947 2729.46999999999979991117 2729.23000000000001818989 2738.01999999999998181011 2751.78000000000020008883 2749.55999999999994543032 2757.55499999999983629095 2758.90999999999985448085 2768.08500000000003637979 2770.54500000000007275958 2782.26499999999987267074 2782.63999999999987267074 2792.11999999999989086064 2798.23999999999978172127 2803.89499999999998181011 2805.19999999999981810106 2807.67999999999983629095 2813.62500000000000000000 2817.88000000000010913936 2819.76499999999987267074 2829.25500000000010913936 2834.36999999999989086064 2829.56500000000005456968 2832.75000000000000000000 2840.94999999999981810106 2846.03499999999985448085 2843.78999999999996362021 2843.48999999999978172127 2852.07999999999992724042 2859.15000000000009094947 2868.84999999999990905053 2870.25000000000000000000 2885.59000000000014551915 2888.13000000000010913936
2706.01499999999987267074 2713.48000000000001818989 2718.05499999999983629095 2720.15000000000009094947 2724.78499999999985448085 2734.46999999999979991117 2738.03000000000020008883 2744.30499999999983629095 2748.53999999999996362021 2750.67999999999983629095 2755.28000000000020008883 2760.42999999999983629095 2770.87500000000000000000 2783.05499999999983629095 2781.18499999999994543032 2786.76499999999987267074 2802.71000000000003637979 2798.78000000000020008883 2798.90999999999985448085 2804.63500000000021827873 2809.84499999999979991117 2810.19999999999981810106 2809.86499999999978172127 2814.93499999999994543032 2823.19500000000016370905 2825.36999999999989086064 2829.63999999999987267074 2840.14499999999998181011 2840.02500000000009094947 2844.08500000000003637979 2841.76499999999987267074 2845.63999999999987267074 2857.77500000000009094947 2862.98000000000001818989 2868.01499999999987267074 2883.01000000000021827873 2885.42000000000007275958
2705.19999999999981810106 2704.64499999999998181011 2713.96500000000014551915 2714.21000000000003637979 2727.00000000000000000000 2733.11000000000012732926 2734.05999999999994543032 2735.09499999999979991117 2746.24499999999989086064 2754.09499999999979991117 2750.53499999999985448085 2753.65999999999985448085 2764.59999999999990905053 2776.69500000000016370905 2776.71500000000014551915 2780.59999999999990905053 2784.99499999999989086064 2789.97499999999990905053 2792.10500000000001818989 2808.59000000000014551915 2808.67999999999983629095 2804.76999999999998181011 2808.46999999999979991117 2809.61999999999989086064 2820.88999999999987267074 2824.32000000000016370905 2828.69999999999981810106 2833.14499999999998181011 2832.96000000000003637979 2839.65999999999985448085 2839.02500000000009094947 2837.75500000000010913936 2845.20499999999992724042 2852.64499999999998181011 2863.07499999999981810106 2874.55999999999994543032 2879.46000000000003637979
2698.10500000000001818989 2705.26000000000021827873 2711.35500000000001818989 2714.82000000000016370905 2731.47499999999990905053 2733.09499999999979991117 2733.15999999999985448085 2732.79500000000007275958 2746.58500000000003637979 2748.53499999999985448085 2749.34000000000014551915 2748.69000000000005456968 2752.71999999999979991117 2765.75500000000010913936 2767.03999999999996362021 2783.32499999999981810106 2784.57000000000016370905 2788.53999999999996362021 2790.13000000000010913936 2794.05999999999994543032 2797.86499999999978172127 2802.59499999999979991117 2806.03999999999996362021 2807.94999999999981810106 2811.67500000000018189894 2819.80999999999994543032 2823.36000000000012732926 2824.65500000000020008883 2824.49499999999989086064 2834.26499999999987267074 2835.66499999999996362021 2834.80000000000018189894 2845.61999999999989086064 2843.55499999999983629095 2863.11000000000012732926 2872.17999999999983629095 2883.15000000000009094947
2700.67999999999983629095 2705.07499999999981810106 2710.57499999999981810106 2720.93499999999994543032 2724.35500000000001818989 2728.44000000000005456968 2733.24499999999989086064 2738.09999999999990905053 2743.05499999999983629095 2746.05999999999994543032 2751.73500000000012732926 2757.80000000000018189894 2765.91499999999996362021 2764.82999999999992724042 2765.82999999999992724042 2777.82999999999992724042 2780.41499999999996362021 2787.96500000000014551915 2790.63999999999987267074 2792.54500000000007275958 2789.82499999999981810106 2799.51999999999998181011 2803.90999999999985448085 2808.35500000000001818989 2804.17999999999983629095 2810.86999999999989086064 2819.07999999999992724042 2823.63500000000021827873 2822.35500000000001818989 2830.68499999999994543032 2830.18499999999994543032 2832.95499999999992724042 2831.11999999999989086064 2846.34499999999979991117 2861.20499999999992724042 2866.03000000000020008883 2877.51499999999987267074
2708.84000000000014551915 2713.40000000000009094947 2718.42999999999983629095 2723.03999999999996362021 2726.15500000000020008883 2728.17000000000007275958 2731.49499999999989086064 2734.47499999999990905053 2738.33500000000003637979 2743.27500000000009094947 2749.50500000000010913936 2752.08500000000003637979 2763.73000000000001818989 2766.50500000000010913936 2770.25500000000010913936 2771.48999999999978172127 2779.94999999999981810106 2783.12500000000000000000 2790.11499999999978172127 2791.65500000000020008883 2795.26000000000021827873 2804.57000000000016370905 2806.86499999999978172127 2806.59000000000014551915 2809.15000000000009094947 2812.73000000000001818989 2812.59499999999979991117 2819.96999999999979991117 2822.88999999999987267074 2823.94000000000005456968 2824.57000000000016370905 2830.03499999999985448085 2829.46500000000014551915 2844.48000000000001818989 2855.33500000000003637979 2858.19000000000005456968 2863.25000000000000000000
2708.17500000000018189894 2709.76999999999998181011 2711.67000000000007275958 2724.12500000000000000000 2728.62500000000000000000 2731.34000000000014551915 2735.07499999999981810106 2733.92000000000007275958 2733.05999999999994543032 2750.28499999999985448085 2754.25000000000000000000 2754.97499999999990905053 2753.42000000000007275958 2765.07499999999981810106 2764.51499999999987267074 2770.95499999999992724042 2779.55499999999983629095 2785.36999999999989086064 2790.75000000000000000000 2793.01499999999987267074 2793.36999999999989086064 2793.68499999999994543032 2799.80000000000018189894 2808.09000000000014551915 2812.16499999999996362021 2814.13999999999987267074 2819.23500000000012732926 2816.13999999999987267074 2815.96999999999979991117 2814.90999999999985448085 2821.90000000000009094947 2817.67999999999983629095 2830.89499999999998181011 2829.98999999999978172127 2829.88000000000010913936 2852.92500000000018189894 2861.67999999999983629095
2713.09999999999990905053 2710.05999999999994543032 2714.94000000000005456968 2720.43499999999994543032 2723.49499999999989086064 2724.37500000000000000000 2731.25000000000000000000 2731.71500000000014551915 2744.23999999999978172127 2749.51999999999998181011 2742.87500000000000000000 2748.21999999999979991117 2761.62500000000000000000 2755.83500000000003637979 2763.03999999999996362021 2768.59999999999990905053 2777.31500000000005456968 2784.26000000000021827873 2788.36999999999989086064 2790.13000000000010913936 2794.55000000000018189894 2796.33500000000003637979 2804.50500000000010913936 2801.69000000000005456968 2813.09999999999990905053 2813.11999999999989086064 2813.09999999999990905053 2817.24499999999989086064 2814.83500000000003637979 2818.09499999999979991117 2822.92000000000007275958 2820.65999999999985448085 2825.02500000000009094947 2830.21000000000003637979 2825.42999999999983629095 2859.19000000000005456968 2857.84000000000014551915
2711.57999999999992724042 2711.34000000000014551915 2714.25500000000010913936 2715.59499999999979991117 2726.41499999999996362021 2728.90500000000020008883 2730.19000000000005456968 2728.45499999999992724042 2741.16499999999996362021 2743.90000000000009094947 2749.84000000000014551915 2751.53999999999996362021 2761.49499999999989086064 2756.42500000000018189894 2772.21500000000014551915 2773.11000000000012732926 2780.53000000000020008883 2785.79500000000007275958 2788.40500000000020008883 2790.30000000000018189894 2793.78999999999996362021 2796.28000000000020008883 2797.05000000000018189894 2798.09999999999990905053 2807.61499999999978172127 2815.34000000000014551915 2819.30999999999994543032 2812.70499999999992724042 2826.78000000000020008883 2824.11000000000012732926 2816.09000000000014551915 2820.21000000000003637979 2832.49499999999989086064 2832.69500000000016370905 2828.74499999999989086064 2842.70499999999992724042 2852.19500000000016370905
2714.14499999999998181011 2718.61999999999989086064 2718.42000000000007275958 2722.67500000000018189894 2726.01000000000021827873 2728.12500000000000000000 2728.63999999999987267074 2730.48999999999978172127 2739.17999999999983629095 2743.53999999999996362021 2748.27500000000009094947 2747.51000000000021827873 2759.61499999999978172127 2763.88500000000021827873 2768.72499999999990905053 2774.69500000000016370905 2774.65999999999985448085 2778.63999999999987267074 2785.40999999999985448085 2789.07000000000016370905 2793.05499999999983629095 2795.86000000000012732926 2798.04500000000007275958 2799.09999999999990905053 2808.09999999999990905053 2807.07499999999981810106 2811.32499999999981810106 2812.29500000000007275958 2818.69999999999981810106 2814.63999999999987267074 2824.16499999999996362021 2822.26999999999998181011 2826.73500000000012732926 2835.94500000000016370905 2830.63000000000010913936 2843.52500000000009094947 2853.75000000000000000000
2703.15999999999985448085 2712.97499999999990905053 2717.77500000000009094947 2723.08500000000003637979 2725.16499999999996362021 2726.36000000000012732926 2725.86000000000012732926 2743.46500000000014551915 2745.05499999999983629095 2739.69000000000005456968 2750.33500000000003637979 2750.07499999999981810106 2755.87500000000000000000 2759.59999999999990905053 2764.76000000000021827873 2769.85500000000001818989 2772.00000000000000000000 2778.86499999999978172127 2783.15999999999985448085 2787.84999999999990905053 2790.19500000000016370905 2793.73000000000001818989 2797.99499999999989086064 2800.42000000000007275958 2801.28000000000020008883 2800.06500000000005456968 2813.09999999999990905053 2813.81500000000005456968 2817.18499999999994543032 2815.05999999999994543032 2812.66499999999996362021 2820.88999999999987267074 2829.72499999999990905053 2836.05000000000018189894 2836.57000000000016370905 2835.67999999999983629095 2834.62500000000000000000
2698.67999999999983629095 2706.53499999999985448085 2719.78999999999996362021 2723.01000000000021827873 2724.73999999999978172127 2725.76000000000021827873 2725.90000000000009094947 2744.63000000000010913936 2747.00500000000010913936 2746.11999999999989086064 2750.88000000000010913936 2753.01499999999987267074 2752.11000000000012732926 2758.74499999999989086064 2764.90000000000009094947 2770.08500000000003637979 2771.38999999999987267074 2777.99499999999989086064 2777.72499999999990905053 2786.19999999999981810106 2790.03000000000020008883 2793.80000000000018189894 2797.92999999999983629095 2801.55499999999983629095 2803.09999999999990905053 2801.98500000000012732926 2813.09999999999990905053 2814.88000000000010913936 2817.51999999999998181011 2813.40500000000020008883 2813.88500000000021827873 2824.36999999999989086064 2827.90500000000020008883 2832.20499999999992724042 2838.15000000000009094947 2839.69000000000005456968 2839.96999999999979991117
