data/muragl/surfinit.grid
NCOLS	208
NROWS	120
XLLCORNER	0
YLLCORNER	0
CELLSIZE	25
NODATA_value	-9999
[rows 16 to 31 of 120, columns 74 to 110 of 208]
2360.37500000000000000000 2367.17999999999983629095 2372.23000000000001818989 2377.26999999999998181011 2382.32000000000016370905 2382.30999999999994543032 2379.09499999999979991117 2386.44000000000005456968 2395.01499999999987267074 2404.73000000000001818989 2415.63500000000021827873 2427.75000000000000000000 2440.26499999999987267074 2452.38999999999987267074 2463.88000000000010913936 2474.54500000000007275958 2484.90000000000009094947 2495.38500000000021827873 2505.67000000000007275958 2515.44500000000016370905 2524.76000000000021827873 2533.71000000000003637979 2541.63999999999987267074 2547.94500000000016370905 2553.94999999999981810106 2560.94500000000016370905 2568.52500000000009094947 2576.30499999999983629095 2583.28999999999996362021 2588.48999999999978172127 2592.61000000000012732926 2596.36999999999989086064 2600.19999999999981810106 2604.53000000000020008883 2609.17500000000018189894 2613.96000000000003637979 2618.48999999999978172127
2370.51000000000021827873 2373.44999999999981810106 2379.01999999999998181011 2377.98500000000012732926 2380.53000000000020008883 2385.31500000000005456968 2364.00500000000010913936 2371.21000000000003637979 2379.51499999999987267074 2389.30000000000018189894 2400.40999999999985448085 2412.65000000000009094947 2425.51499999999987267074 2438.41499999999996362021 2450.57999999999992724042 2461.16499999999996362021 2471.50500000000010913936 2482.90500000000020008883 2494.71500000000014551915 2506.27500000000009094947 2517.53499999999985448085 2528.40500000000020008883 2538.01999999999998181011 2545.53999999999996362021 2552.16499999999996362021 2559.12500000000000000000 2566.15000000000009094947 2572.94000000000005456968 2579.15500000000020008883 2584.44000000000005456968 2589.06500000000005456968 2593.36499999999978172127 2597.86999999999989086064 2603.18499999999994543032 2608.69000000000005456968 2613.86999999999989086064 2618.38500000000021827873
2366.04500000000007275958 2370.30499999999983629095 2369.86000000000012732926 2375.23000000000001818989 2383.98500000000012732926 2390.55499999999983629095 2392.56500000000005456968 2392.53000000000020008883 2395.23999999999978172127 2398.25500000000010913936 2385.82499999999981810106 2397.94000000000005456968 2410.71000000000003637979 2423.57000000000016370905 2435.46999999999979991117 2445.39499999999998181011 2455.32000000000016370905 2467.24499999999989086064 2480.50500000000010913936 2494.39499999999998181011 2507.98999999999978172127 2520.40999999999985448085 2531.28499999999985448085 2540.29500000000007275958 2548.05499999999983629095 2555.21500000000014551915 2561.87500000000000000000 2568.08500000000003637979 2573.74499999999989086064 2578.73999999999978172127 2583.63000000000010913936 2588.98000000000001818989 2594.90999999999985448085 2601.56500000000005456968 2608.25000000000000000000 2614.23000000000001818989 2619.29500000000007275958
2361.33500000000003637979 2366.25000000000000000000 2373.94999999999981810106 2382.46999999999979991117 2381.94000000000005456968 2377.78499999999985448085 2389.60500000000001818989 2389.99499999999989086064 2389.76999999999998181011 2404.84000000000014551915 2408.36999999999989086064 2411.19000000000005456968 2396.23500000000012732926 2408.59000000000014551915 2419.94500000000016370905 2429.38999999999987267074 2439.19000000000005456968 2451.68499999999994543032 2466.19000000000005456968 2482.00000000000000000000 2497.42500000000018189894 2510.77500000000009094947 2522.36499999999978172127 2532.50000000000000000000 2541.26499999999987267074 2548.72499999999990905053 2555.47499999999990905053 2562.08500000000003637979 2568.08500000000003637979 2573.01999999999998181011 2578.03499999999985448085 2584.24499999999989086064 2591.41499999999996362021 2599.23999999999978172127 2606.98000000000001818989 2613.82999999999992724042 2619.71500000000014551915
2366.61499999999978172127 2372.49499999999989086064 2370.69999999999981810106 2379.42999999999983629095 2384.16499999999996362021 2384.63000000000010913936 2384.44999999999981810106 2394.90999999999985448085 2404.75000000000000000000 2404.82999999999992724042 2404.58500000000003637979 2418.42000000000007275958 2421.05999999999994543032 2423.89499999999998181011 2433.17000000000007275958 2437.88000000000010913936 2425.92000000000007275958 2439.44000000000005456968 2454.88000000000010913936 2471.34999999999990905053 2487.11999999999989086064 2500.51499999999987267074 2512.09000000000014551915 2522.42999999999983629095 2531.48000000000001818989 2539.19999999999981810106 2546.76000000000021827873 2555.22499999999990905053 2563.11499999999978172127 2568.87500000000000000000 2574.07000000000016370905 2580.25000000000000000000 2587.44999999999981810106 2595.67999999999983629095 2604.01999999999998181011 2611.51000000000021827873 2618.09999999999990905053
2365.38500000000021827873 2370.15000000000009094947 2374.86999999999989086064 2377.24499999999989086064 2377.35500000000001818989 2387.90500000000020008883 2391.26000000000021827873 2397.48000000000001818989 2398.47499999999990905053 2406.27500000000009094947 2411.53999999999996362021 2412.40999999999985448085 2418.01999999999998181011 2420.38000000000010913936 2421.84000000000014551915 2428.46500000000014551915 2414.15000000000009094947 2428.34999999999990905053 2444.02500000000009094947 2460.15000000000009094947 2475.46000000000003637979 2488.55499999999983629095 2499.97499999999990905053 2510.25500000000010913936 2519.48500000000012732926 2527.76999999999998181011 2536.61499999999978172127 2547.44999999999981810106 2557.71500000000014551915 2564.87500000000000000000 2570.56500000000005456968 2576.49499999999989086064 2583.27500000000009094947 2591.43499999999994543032 2599.94999999999981810106 2607.82499999999981810106 2614.98500000000012732926
2361.61000000000012732926 2362.96000000000003637979 2379.15000000000009094947 2381.56500000000005456968 2379.05499999999983629095 2381.75000000000000000000 2393.44999999999981810106 2398.59499999999979991117 2397.48000000000001818989 2404.38500000000021827873 2408.54500000000007275958 2410.11000000000012732926 2412.78999999999996362021 2414.42000000000007275958 2424.24499999999989086064 2430.80999999999994543032 2439.15000000000009094947 2442.44999999999981810106 2447.98000000000001818989 2446.15000000000009094947 2460.73500000000012732926 2473.75500000000010913936 2485.44999999999981810106 2496.13500000000021827873 2506.05499999999983629095 2515.51499999999987267074 2525.90500000000020008883 2538.67000000000007275958 2550.86999999999989086064 2559.59499999999979991117 2566.32000000000016370905 2572.49499999999989086064 2579.05000000000018189894 2586.96500000000014551915 2595.32999999999992724042 2603.28000000000020008883 2610.78999999999996362021
2368.04500000000007275958 2379.37500000000000000000 2379.91499999999996362021 2383.09999999999990905053 2383.96500000000014551915 2393.53499999999985448085 2398.09499999999979991117 2397.48000000000001818989 2402.38500000000021827873 2407.36000000000012732926 2412.16499999999996362021 2413.07999999999992724042 2416.98000000000001818989 2418.80000000000018189894 2418.76999999999998181011 2424.92500000000018189894 2434.01999999999998181011 2438.84999999999990905053 2443.81500000000005456968 2447.98000000000001818989 2445.17000000000007275958 2458.07999999999992724042 2470.14499999999998181011 2481.40500000000020008883 2492.32000000000016370905 2503.38500000000021827873 2515.48500000000012732926 2529.48000000000001818989 2542.76999999999998181011 2552.67000000000007275958 2560.40000000000009094947 2567.15500000000020008883 2573.97499999999990905053 2581.88500000000021827873 2590.16499999999996362021 2598.05999999999994543032 2605.63500000000021827873
2369.15000000000009094947 2371.81500000000005456968 2380.32499999999981810106 2384.32999999999992724042 2388.76000000000021827873 2386.43499999999994543032 2388.17999999999983629095 2392.73500000000012732926 2404.81500000000005456968 2408.49499999999989086064 2412.96500000000014551915 2417.53499999999985448085 2420.58500000000003637979 2424.30999999999994543032 2428.53000000000020008883 2432.24499999999989086064 2434.36499999999978172127 2437.84499999999979991117 2438.36999999999989086064 2458.98000000000001818989 2464.34000000000014551915 2470.30000000000018189894 2455.71000000000003637979 2467.42999999999983629095 2479.40500000000020008883 2492.37500000000000000000 2506.12500000000000000000 2520.51000000000021827873 2533.69000000000005456968 2543.69000000000005456968 2551.85500000000001818989 2559.46999999999979991117 2567.21999999999979991117 2575.81500000000005456968 2584.44000000000005456968 2592.30000000000018189894 2599.67000000000007275958
2367.69500000000016370905 2373.51000000000021827873 2378.30999999999994543032 2390.79500000000007275958 2391.00500000000010913936 2394.11499999999978172127 2395.19000000000005456968 2404.78999999999996362021 2409.01499999999987267074 2409.59499999999979991117 2406.09999999999990905053 2417.63000000000010913936 2424.15999999999985448085 2431.32000000000016370905 2434.17999999999983629095 2431.44999999999981810106 2423.57499999999981810106 2441.57000000000016370905 2450.89499999999998181011 2452.49499999999989086064 2455.74499999999989086064 2460.99499999999989086064 2476.76000000000021827873 2454.84499999999979991117 2467.61499999999978172127 2481.98999999999978172127 2496.75500000000010913936 2510.69999999999981810106 2522.88000000000010913936 2532.36999999999989086064 2540.63500000000021827873 2549.17000000000007275958 2558.16499999999996362021 2567.83500000000003637979 2577.26499999999987267074 2585.53999999999996362021 2592.95499999999992724042
2370.19999999999981810106 2376.13999999999987267074 2378.63000000000010913936 2388.22499999999990905053 2390.54500000000007275958 2391.28999999999996362021 2402.57999999999992724042 2403.98999999999978172127 2404.30499999999983629095 2408.55000000000018189894 2412.78999999999996362021 2414.46000000000003637979 2425.48999999999978172127 2428.47499999999990905053 2434.17000000000007275958 2434.59499999999979991117 2437.84000000000014551915 2438.76499999999987267074 2447.68499999999994543032 2450.07999999999992724042 2455.11999999999989086064 2471.38500000000021827873 2475.94500000000016370905 2479.73000000000001818989 2482.72499999999990905053 2488.09999999999990905053 2486.34000000000014551915 2498.94000000000005456968 2509.59999999999990905053 2518.32999999999992724042 2526.62500000000000000000 2536.01000000000021827873 2546.23000000000001818989 2557.06500000000005456968 2567.68499999999994543032 2577.30000000000018189894 2585.61999999999989086064
2373.21999999999979991117 2374.88500000000021827873 2387.35500000000001818989 2388.24499999999989086064 2388.65999999999985448085 2387.25000000000000000000 2406.64499999999998181011 2407.57000000000016370905 2411.78999999999996362021 2416.17500000000018189894 2414.27500000000009094947 2424.09000000000014551915 2430.15999999999985448085 2433.71000000000003637979 2437.84000000000014551915 2438.89499999999998181011 2439.69000000000005456968 2444.21500000000014551915 2448.92999999999983629095 2455.34999999999990905053 2459.31500000000005456968 2464.90000000000009094947 2467.84000000000014551915 2475.11999999999989086064 2481.13000000000010913936 2490.73000000000001818989 2474.23999999999978172127 2485.35500000000001818989 2494.80999999999994543032 2503.18499999999994543032 2511.76999999999998181011 2521.90000000000009094947 2533.04500000000007275958 2544.67500000000018189894 2556.30499999999983629095 2567.38999999999987267074 2577.07499999999981810106
2374.10500000000001818989 2384.03999999999996362021 2384.64499999999998181011 2395.30499999999983629095 2393.21000000000003637979 2397.48000000000001818989 2406.24499999999989086064 2411.27500000000009094947 2412.55999999999994543032 2415.67000000000007275958 2422.60500000000001818989 2424.26499999999987267074 2431.37500000000000000000 2435.87500000000000000000 2438.07999999999992724042 2444.03499999999985448085 2451.43499999999994543032 2449.96999999999979991117 2458.61999999999989086064 2461.71999999999979991117 2462.65000000000009094947 2466.31500000000005456968 2473.11499999999978172127 2474.48999999999978172127 2485.00500000000010913936 2489.03499999999985448085 2492.66499999999996362021 2496.07999999999992724042 2510.30000000000018189894 2510.79500000000007275958 2498.03999999999996362021 2508.75000000000000000000 2520.19999999999981810106 2531.91499999999996362021 2543.79500000000007275958 2555.73500000000012732926 2566.74499999999989086064
2379.96999999999979991117 2384.34999999999990905053 2387.98000000000001818989 2393.51999999999998181011 2402.51000000000021827873 2403.25000000000000000000 2401.48500000000012732926 2410.58500000000003637979 2415.08500000000003637979 2418.30499999999983629095 2426.63000000000010913936 2429.05999999999994543032 2434.28499999999985448085 2439.69500000000016370905 2441.22499999999990905053 2440.55000000000018189894 2448.14499999999998181011 2454.46000000000003637979 2456.63999999999987267074 2458.07000000000016370905 2463.50000000000000000000 2471.19500000000016370905 2476.46500000000014551915 2480.19999999999981810106 2478.88500000000021827873 2485.46500000000014551915 2489.47499999999990905053 2501.07000000000016370905 2510.44000000000005456968 2514.38500000000021827873 2484.91499999999996362021 2495.91499999999996362021 2507.29500000000007275958 2518.83500000000003637979 2530.65500000000020008883 2542.95499999999992724042 2555.11999999999989086064
2380.82999999999992724042 2388.42999999999983629095 2389.04500000000007275958 2397.48000000000001818989 2403.87500000000000000000 2406.07999999999992724042 2403.23000000000001818989 2413.01000000000021827873 2420.13500000000021827873 2418.09999999999990905053 2429.45499999999992724042 2435.53000000000020008883 2439.40000000000009094947 2443.53499999999985448085 2444.80999999999994543032 2449.07000000000016370905 2449.01999999999998181011 2456.26999999999998181011 2460.01499999999987267074 2465.24499999999989086064 2468.01499999999987267074 2471.47499999999990905053 2475.92999999999983629095 2478.46999999999979991117 2482.92500000000018189894 2483.67000000000007275958 2495.94500000000016370905 2499.61999999999989086064 2506.05999999999994543032 2508.53499999999985448085 2508.47499999999990905053 2529.38000000000010913936 2528.17999999999983629095 2528.00000000000000000000 2517.43499999999994543032 2529.72499999999990905053 2542.69500000000016370905
2385.40000000000009094947 2389.15999999999985448085 2394.94500000000016370905 2395.32000000000016370905 2406.53999999999996362021 2410.36499999999978172127 2414.59999999999990905053 2420.68499999999994543032 2419.57000000000016370905 2426.82000000000016370905 2426.07000000000016370905 2431.25500000000010913936 2441.34499999999979991117 2447.98000000000001818989 2450.14499999999998181011 2456.19000000000005456968 2455.53999999999996362021 2458.23500000000012732926 2463.00000000000000000000 2466.27500000000009094947 2467.80000000000018189894 2469.03999999999996362021 2479.76999999999998181011 2483.05499999999983629095 2488.88000000000010913936 2481.74499999999989086064 2483.53499999999985448085 2490.61999999999989086064 2504.13000000000010913936 2508.99499999999989086064 2514.46000000000003637979 2513.03000000000020008883 2514.32000000000016370905 2527.93499999999994543032 2504.62500000000000000000 2516.83500000000003637979 2530.21500000000014551915
