data/gries/surface-1979.grid
NCOLS       257
NROWS       241
XLLCORNER          666587.50
YLLCORNER          140987.50
CELLSIZE           25.000000
NODATA_VALUE   -9999
[rows 0 to 28 of 241, columns 0 to 66 of 257]
2536.82 2479.80 2491.80 2502.70 2511.60 2520.40 2524.10 2528.50 2531.70 2532.80 2539.40 2548.30 2553.90 2555.90 2553.30 2551.90 2554.10 2552.70 2551.80 2548.10 2546.70 2546.30 2545.00 2541.80 2539.10 2541.90 2539.70 2535.50 2526.90 2517.70 2516.10 2518.10 2520.60 2522.20 2525.80 2531.70 2540.30 2547.50 2554.70 2562.90 2569.60 2576.30 2583.20 2596.60 2615.30 2621.30 2622.80 2627.80 2637.90 2643.10 2648.10 2652.20 2660.30 2652.50 2645.80 2633.40 2623.60 2618.60 2614.90 2612.50 2613.20 2615.70 2622.90 2620.80 2619.30 2620.20 2620.80
2478.70 2489.00 2497.40 2504.60 2512.10 2518.40 2524.90 2531.10 2535.10 2538.00 2544.20 2554.00 2563.60 2564.60 2563.40 2561.00 2561.10 2560.40 2560.70 2560.00 2558.10 2556.40 2553.10 2552.60 2547.60 2549.60 2546.80 2541.10 2532.90 2527.90 2523.60 2525.80 2530.00 2530.70 2532.40 2536.80 2545.30 2559.20 2562.10 2566.70 2570.90 2577.80 2586.50 2596.90 2617.20 2628.30 2631.60 2636.00 2642.70 2651.10 2658.50 2656.30 2647.20 2638.10 2628.90 2619.80 2611.60 2604.50 2601.30 2599.90 2605.10 2613.00 2618.30 2613.50 2608.60 2604.50 2600.60
2489.10 2490.00 2495.50 2501.70 2509.90 2517.30 2525.40 2534.20 2538.20 2543.00 2550.00 2555.40 2564.30 2574.30 2574.30 2570.60 2566.70 2566.20 2564.90 2564.10 2563.40 2561.90 2561.70 2561.40 2559.30 2557.00 2553.70 2547.90 2540.80 2542.90 2539.70 2537.80 2539.00 2539.40 2541.60 2547.30 2557.10 2566.10 2573.20 2577.30 2578.30 2583.30 2590.00 2599.70 2617.20 2629.60 2639.30 2643.70 2651.50 2659.70 2652.30 2644.20 2633.60 2624.10 2616.70 2609.20 2600.70 2596.90 2595.00 2595.70 2601.90 2609.10 2609.40 2606.50 2598.50 2593.30 2590.00
2504.50 2504.70 2507.20 2507.20 2512.60 2519.50 2528.20 2536.50 2545.00 2551.70 2557.90 2561.50 2571.10 2586.60 2586.00 2576.50 2572.40 2571.70 2569.10 2568.10 2567.40 2566.80 2568.80 2568.30 2565.90 2563.80 2560.60 2555.60 2560.10 2557.90 2557.40 2552.00 2551.20 2551.90 2555.70 2561.10 2567.80 2574.80 2582.30 2587.80 2589.20 2593.10 2599.60 2607.50 2617.30 2629.20 2640.30 2649.90 2657.70 2654.70 2640.20 2630.60 2621.20 2611.90 2603.70 2599.00 2595.60 2591.70 2590.00 2593.80 2599.70 2602.60 2601.10 2597.20 2589.00 2582.70 2578.80
2520.70 2520.20 2520.00 2520.00 2520.00 2526.30 2533.20 2542.60 2551.70 2560.00 2567.80 2575.10 2583.30 2599.60 2599.70 2586.80 2578.10 2575.90 2573.30 2572.10 2571.00 2573.50 2576.00 2575.00 2572.30 2570.50 2566.70 2564.50 2567.40 2568.40 2568.10 2567.10 2566.70 2569.40 2569.70 2572.00 2576.60 2583.70 2592.10 2597.60 2601.80 2600.70 2607.90 2616.60 2625.10 2633.70 2643.50 2654.50 2659.30 2645.30 2631.60 2621.20 2613.80 2606.50 2599.00 2595.50 2591.80 2590.00 2590.00 2594.00 2597.10 2594.50 2590.10 2582.40 2576.80 2571.60 2567.30
2532.70 2538.60 2537.80 2536.70 2536.30 2536.00 2540.70 2550.30 2559.70 2570.30 2580.10 2588.40 2596.10 2612.00 2617.40 2602.80 2591.30 2580.70 2577.60 2576.20 2577.40 2579.00 2580.90 2581.30 2578.70 2577.50 2573.50 2571.40 2574.60 2576.90 2581.10 2585.10 2586.30 2586.70 2583.60 2583.30 2585.00 2591.70 2599.20 2606.70 2610.60 2612.10 2615.70 2624.50 2633.60 2641.00 2649.40 2659.90 2647.00 2636.00 2623.90 2614.70 2608.00 2601.30 2596.10 2592.60 2589.10 2586.20 2586.90 2584.10 2585.00 2582.90 2578.50 2574.20 2568.50 2562.70 2556.30
2537.60 2549.30 2557.30 2559.80 2556.10 2555.40 2556.40 2562.30 2570.00 2580.50 2592.00 2602.60 2612.30 2623.60 2634.90 2622.90 2610.40 2598.30 2587.50 2580.80 2581.20 2583.30 2585.90 2585.80 2584.50 2583.40 2580.50 2578.20 2581.10 2584.00 2587.90 2596.20 2600.30 2599.60 2596.80 2595.90 2595.70 2600.20 2611.00 2615.70 2619.40 2625.10 2629.20 2635.80 2641.10 2648.50 2655.90 2651.60 2637.40 2629.70 2622.10 2614.60 2605.90 2598.20 2593.10 2588.90 2585.20 2581.70 2580.10 2574.10 2569.60 2566.00 2561.70 2558.80 2556.30 2552.40 2545.20
2537.50 2551.00 2566.00 2573.10 2573.30 2573.50 2574.00 2578.60 2584.60 2593.00 2604.90 2618.20 2627.20 2638.30 2653.00 2643.80 2630.60 2616.40 2604.90 2600.80 2594.80 2593.90 2592.10 2590.70 2589.50 2588.90 2586.50 2589.20 2592.30 2591.50 2595.80 2599.60 2604.30 2608.50 2607.00 2607.60 2609.00 2613.40 2621.50 2628.10 2634.70 2640.50 2642.60 2644.60 2647.20 2650.40 2660.30 2645.30 2638.40 2629.30 2619.80 2610.30 2601.00 2596.10 2590.40 2585.80 2581.60 2574.20 2564.30 2558.30 2555.40 2551.00 2546.90 2542.60 2540.60 2538.50 2534.60
2528.10 2546.10 2561.30 2581.20 2585.60 2592.60 2593.00 2595.40 2600.90 2608.20 2618.40 2629.80 2640.80 2652.10 2665.10 2668.00 2656.80 2634.90 2620.60 2610.90 2601.80 2598.50 2596.70 2595.30 2593.70 2594.40 2593.70 2597.60 2600.80 2600.80 2603.40 2605.70 2607.20 2611.80 2614.70 2616.20 2620.10 2624.90 2633.10 2640.30 2643.20 2645.90 2649.50 2651.40 2653.50 2656.40 2660.00 2658.90 2648.00 2634.90 2617.10 2609.40 2601.20 2592.80 2587.30 2582.80 2576.30 2565.10 2555.40 2548.80 2544.60 2538.50 2535.70 2532.60 2530.10 2528.00 2523.20
2519.70 2542.30 2563.00 2581.90 2596.90 2606.80 2611.30 2614.70 2617.10 2624.50 2631.80 2643.40 2654.90 2667.20 2681.00 2690.60 2683.40 2657.20 2639.40 2627.30 2621.60 2612.20 2604.00 2599.20 2599.30 2599.90 2601.60 2601.60 2607.00 2606.50 2609.10 2611.60 2613.00 2615.20 2619.20 2624.40 2628.00 2632.40 2640.30 2645.80 2648.70 2651.30 2654.40 2658.30 2661.10 2667.40 2680.20 2667.50 2655.60 2640.50 2630.50 2621.00 2608.50 2597.50 2586.70 2578.70 2570.00 2558.20 2548.10 2539.70 2536.50 2533.70 2528.80 2524.80 2519.80 2518.40 2514.80
2516.90 2541.60 2561.90 2581.30 2600.40 2614.60 2625.80 2637.20 2644.10 2644.60 2651.80 2660.70 2669.60 2681.80 2696.50 2709.00 2697.70 2681.40 2663.70 2647.60 2635.90 2626.60 2617.80 2610.20 2607.80 2608.60 2610.10 2608.00 2612.70 2613.70 2614.70 2617.50 2619.40 2620.00 2624.50 2629.40 2635.10 2640.00 2646.90 2651.40 2654.10 2656.60 2659.20 2667.20 2675.90 2681.30 2679.00 2658.50 2647.20 2638.90 2629.00 2618.20 2607.10 2598.30 2589.70 2580.90 2566.40 2552.80 2543.60 2537.60 2532.70 2527.70 2524.50 2521.30 2520.70 2520.40 2519.80
2512.90 2532.20 2552.80 2580.50 2601.30 2613.50 2626.10 2640.70 2647.70 2658.90 2674.60 2680.80 2688.00 2699.80 2710.90 2723.00 2713.60 2697.10 2679.10 2668.30 2654.60 2644.10 2633.00 2625.20 2619.80 2617.90 2618.70 2617.30 2616.20 2619.90 2620.50 2622.80 2623.50 2626.70 2629.60 2632.70 2640.20 2640.90 2639.60 2646.10 2658.20 2661.70 2669.20 2677.40 2683.10 2679.10 2667.60 2655.60 2643.10 2631.80 2620.70 2612.20 2604.30 2595.10 2583.50 2572.80 2560.00 2549.00 2539.40 2535.80 2532.80 2529.90 2526.70 2524.30 2523.80 2523.40 2522.70
2508.40 2528.90 2550.20 2575.80 2594.30 2606.90 2618.30 2625.30 2632.10 2645.70 2667.10 2675.90 2685.40 2703.10 2724.70 2737.20 2736.40 2722.70 2701.70 2687.30 2678.40 2669.80 2657.50 2643.90 2635.70 2632.70 2632.30 2629.30 2624.30 2627.50 2627.20 2627.80 2627.90 2631.30 2634.70 2637.10 2638.00 2638.00 2642.30 2654.00 2663.70 2671.10 2678.90 2686.00 2680.80 2665.70 2653.80 2645.20 2638.40 2625.70 2618.40 2612.50 2605.50 2596.60 2584.00 2573.50 2563.50 2551.50 2542.50 2538.80 2535.80 2532.10 2529.00 2527.30 2526.90 2526.60 2524.50
2495.00 2520.40 2535.30 2560.10 2578.70 2585.70 2591.70 2598.20 2617.60 2635.80 2645.70 2657.00 2672.90 2695.40 2720.80 2742.00 2761.60 2755.70 2733.00 2713.60 2693.70 2689.80 2679.10 2668.40 2660.50 2651.20 2647.70 2641.70 2634.50 2635.30 2633.90 2633.50 2632.20 2635.90 2638.00 2638.00 2638.50 2642.40 2651.60 2664.80 2672.70 2679.80 2686.60 2678.50 2671.00 2656.40 2643.30 2634.50 2627.30 2618.30 2613.10 2607.60 2601.00 2593.40 2585.90 2578.40 2567.80 2558.80 2552.30 2545.20 2539.20 2534.90 2531.30 2530.40 2530.00 2527.60 2525.20
2487.70 2505.10 2519.40 2540.10 2549.90 2557.60 2568.40 2581.20 2593.40 2608.70 2624.70 2647.50 2670.70 2695.40 2723.10 2746.50 2771.80 2771.90 2760.50 2738.70 2723.10 2706.80 2696.20 2687.00 2677.00 2666.30 2660.30 2654.20 2647.00 2640.10 2638.40 2638.00 2638.20 2638.00 2638.00 2640.00 2646.40 2654.60 2663.80 2674.40 2683.30 2685.80 2674.00 2669.00 2661.10 2649.40 2639.70 2631.60 2621.20 2614.80 2609.10 2603.50 2597.50 2592.10 2586.90 2582.00 2575.30 2564.10 2555.40 2548.20 2540.70 2535.20 2533.00 2533.00 2531.40 2529.70 2528.10
2480.00 2494.80 2504.50 2516.80 2520.90 2534.20 2546.30 2562.40 2581.90 2603.30 2620.00 2646.00 2671.20 2701.60 2728.00 2751.40 2778.00 2787.70 2782.00 2764.80 2747.30 2734.00 2721.30 2706.30 2692.30 2684.90 2675.50 2664.90 2654.40 2646.10 2639.50 2638.00 2638.80 2640.90 2644.00 2650.00 2655.70 2664.50 2675.20 2687.50 2683.70 2671.10 2660.00 2653.40 2646.30 2638.60 2634.40 2628.40 2623.10 2616.60 2610.10 2603.10 2597.80 2591.20 2585.00 2581.40 2575.30 2565.70 2556.70 2549.60 2542.60 2536.40 2534.10 2534.70 2535.40 2533.70 2532.10
2468.70 2476.70 2484.10 2492.70 2505.60 2519.00 2541.20 2560.90 2583.40 2604.80 2627.30 2649.80 2675.80 2707.30 2733.90 2758.20 2780.90 2782.00 2775.30 2768.10 2759.50 2745.50 2733.30 2718.30 2708.10 2696.80 2686.60 2674.10 2662.30 2654.50 2646.80 2639.70 2650.70 2655.20 2655.00 2664.10 2668.00 2676.50 2687.70 2687.10 2673.80 2658.90 2652.10 2644.70 2637.90 2634.70 2629.00 2622.30 2617.70 2611.00 2604.40 2598.50 2589.10 2582.60 2579.00 2573.70 2568.50 2562.10 2553.60 2546.60 2539.90 2535.30 2536.00 2537.00 2537.30 2537.70 2534.70
2450.60 2458.80 2465.70 2479.50 2500.80 2519.70 2541.90 2562.70 2586.00 2607.40 2630.00 2652.80 2682.50 2710.20 2742.70 2764.90 2774.40 2772.10 2763.40 2757.60 2751.00 2745.20 2741.20 2730.20 2723.30 2714.80 2698.70 2685.90 2673.90 2665.20 2662.90 2658.70 2665.90 2668.80 2672.30 2675.20 2681.60 2688.60 2690.20 2678.80 2669.30 2659.40 2648.70 2639.40 2635.10 2630.80 2627.50 2624.10 2620.50 2606.60 2598.90 2589.70 2580.50 2574.60 2568.90 2564.20 2559.80 2554.80 2548.50 2542.00 2537.90 2537.30 2538.10 2538.60 2539.90 2539.90 2543.20
2427.60 2435.90 2458.10 2482.00 2500.30 2520.60 2542.60 2568.30 2597.90 2612.80 2633.90 2665.00 2686.20 2714.70 2736.20 2749.40 2761.30 2761.80 2751.10 2745.90 2740.40 2733.30 2730.80 2732.10 2732.40 2723.60 2714.50 2696.80 2683.70 2675.50 2675.50 2674.30 2678.10 2683.60 2687.00 2687.50 2691.70 2697.00 2687.60 2676.30 2661.00 2657.60 2650.60 2641.20 2637.60 2634.00 2630.80 2624.80 2616.40 2601.90 2590.50 2580.50 2573.90 2566.10 2559.60 2556.50 2551.90 2547.40 2540.80 2539.10 2538.90 2539.90 2542.00 2543.00 2547.20 2549.70 2551.80
2414.10 2435.10 2453.10 2472.60 2493.80 2522.00 2540.00 2571.10 2605.20 2630.50 2652.10 2669.40 2687.00 2709.50 2722.80 2735.80 2746.90 2746.00 2738.60 2733.60 2727.90 2721.20 2721.50 2721.70 2722.50 2726.00 2723.10 2712.20 2695.70 2693.10 2692.80 2692.80 2696.80 2698.80 2698.50 2697.50 2698.20 2692.10 2682.20 2666.50 2657.40 2653.30 2649.40 2645.50 2640.40 2633.90 2626.90 2620.40 2604.50 2591.20 2580.60 2573.90 2567.50 2560.90 2556.10 2551.70 2547.40 2544.10 2541.90 2542.30 2542.50 2546.10 2549.10 2550.70 2555.00 2558.40 2560.90
2415.90 2434.20 2451.80 2471.30 2490.50 2518.20 2535.80 2559.00 2593.60 2616.50 2637.40 2655.90 2676.20 2687.80 2706.90 2724.60 2731.20 2726.90 2731.20 2724.40 2715.10 2706.30 2701.70 2702.30 2707.70 2714.80 2720.00 2714.70 2716.80 2711.90 2711.00 2711.10 2709.90 2708.80 2707.30 2702.90 2695.70 2687.30 2676.50 2665.60 2657.80 2653.50 2648.60 2643.60 2637.90 2629.80 2622.20 2609.20 2595.50 2581.60 2574.10 2567.40 2561.80 2557.90 2554.60 2551.40 2548.40 2546.40 2544.60 2546.70 2548.30 2550.90 2554.80 2558.40 2563.90 2567.80 2570.50
2417.70 2435.20 2452.50 2470.70 2490.40 2510.60 2529.90 2553.30 2587.80 2604.50 2621.90 2642.00 2660.40 2679.20 2700.50 2712.80 2709.90 2709.70 2722.30 2713.60 2705.00 2694.80 2688.30 2687.00 2696.60 2703.70 2712.30 2720.60 2722.80 2723.90 2723.90 2724.60 2720.90 2717.10 2712.40 2704.90 2697.40 2686.40 2676.00 2665.80 2658.80 2653.90 2649.60 2646.10 2643.80 2634.60 2622.30 2605.00 2590.80 2579.00 2574.10 2574.50 2567.20 2560.60 2556.20 2552.80 2550.80 2549.00 2548.60 2550.90 2553.40 2555.40 2559.30 2567.80 2574.10 2577.70 2579.00
2427.60 2442.50 2461.30 2477.30 2495.50 2510.70 2528.60 2548.60 2573.90 2596.20 2621.20 2639.20 2662.80 2681.70 2694.50 2694.10 2688.70 2696.50 2707.40 2699.80 2690.70 2682.60 2675.90 2672.80 2683.30 2694.70 2700.80 2706.20 2716.20 2718.70 2723.70 2726.70 2724.50 2721.00 2713.30 2703.20 2695.00 2686.20 2676.80 2668.80 2661.10 2656.50 2653.40 2652.30 2648.10 2636.00 2619.10 2604.20 2592.90 2585.70 2579.60 2580.30 2570.70 2561.60 2557.40 2555.70 2553.80 2551.50 2552.80 2555.10 2557.60 2560.00 2571.20 2578.10 2582.70 2587.10 2580.20
2437.60 2452.70 2466.90 2480.00 2496.00 2511.30 2528.90 2551.90 2575.20 2600.20 2623.50 2639.10 2663.00 2675.50 2680.90 2670.40 2668.60 2684.30 2692.00 2688.20 2680.40 2667.10 2660.90 2658.90 2667.00 2672.40 2681.30 2689.70 2703.10 2709.50 2715.80 2723.00 2720.90 2717.50 2710.50 2699.10 2692.80 2688.20 2678.30 2671.20 2664.80 2660.90 2659.40 2657.50 2649.60 2638.00 2626.30 2610.70 2601.00 2594.60 2592.80 2578.00 2570.60 2564.50 2562.20 2558.30 2555.80 2555.50 2557.40 2559.30 2565.80 2573.70 2583.00 2589.80 2591.70 2594.70 2593.40
2432.50 2444.10 2456.50 2473.10 2491.80 2510.00 2531.00 2551.10 2574.90 2601.70 2622.30 2640.60 2657.60 2661.20 2649.50 2647.30 2657.80 2672.70 2678.00 2673.30 2662.50 2651.50 2647.80 2646.20 2652.90 2661.40 2667.60 2675.70 2687.00 2697.50 2709.30 2718.60 2717.50 2713.30 2706.30 2698.10 2694.00 2689.40 2680.60 2675.40 2670.80 2667.90 2665.20 2662.60 2655.80 2641.30 2635.60 2618.40 2609.10 2605.10 2600.80 2587.00 2576.50 2572.20 2566.10 2559.90 2559.90 2560.60 2564.90 2569.20 2575.10 2584.30 2593.80 2600.10 2600.40 2600.30 2600.60
2416.10 2435.60 2452.80 2472.90 2495.30 2514.30 2533.80 2557.10 2580.90 2599.70 2621.30 2637.20 2645.60 2632.90 2628.20 2632.10 2651.00 2666.10 2666.00 2660.00 2648.20 2639.10 2636.40 2635.50 2641.90 2649.10 2656.50 2667.00 2672.20 2682.20 2697.70 2708.60 2710.00 2707.10 2704.40 2699.80 2696.00 2691.30 2685.70 2680.60 2677.40 2674.10 2670.60 2663.80 2655.80 2641.10 2632.70 2623.50 2619.10 2613.70 2609.00 2603.20 2588.60 2575.90 2568.70 2566.90 2570.90 2573.90 2576.10 2579.90 2585.90 2595.90 2600.70 2601.40 2601.90 2601.30 2600.50
2416.80 2434.70 2457.20 2483.40 2502.50 2522.20 2540.10 2562.70 2584.50 2598.70 2615.90 2627.10 2615.20 2604.20 2606.70 2619.10 2641.20 2651.80 2648.90 2639.40 2630.30 2625.50 2626.70 2625.90 2633.00 2643.40 2651.00 2657.40 2659.60 2669.20 2693.10 2698.90 2700.70 2700.00 2697.70 2696.40 2695.50 2690.50 2687.10 2684.50 2681.70 2677.00 2669.50 2661.70 2653.30 2644.40 2635.00 2630.60 2626.50 2622.30 2613.70 2601.40 2586.90 2579.80 2573.50 2574.70 2578.40 2583.80 2588.30 2592.60 2600.40 2600.80 2601.90 2601.50 2601.10 2600.60 2599.40
2421.50 2436.60 2460.60 2483.70 2503.80 2522.80 2545.30 2561.20 2570.00 2586.40 2605.20 2606.30 2588.00 2587.20 2591.10 2611.10 2625.20 2629.80 2628.00 2620.50 2615.30 2614.90 2617.60 2617.00 2627.20 2636.40 2641.70 2648.30 2653.60 2660.20 2681.50 2692.70 2692.40 2692.10 2691.50 2693.10 2692.90 2691.10 2688.60 2684.80 2681.20 2676.30 2668.00 2660.40 2651.40 2645.10 2639.90 2636.70 2632.70 2627.10 2619.00 2605.40 2598.20 2586.30 2583.60 2581.80 2584.20 2589.30 2595.00 2600.10 2601.80 2601.60 2601.20 2600.70 2600.30 2596.20 2586.20
2422.80 2443.90 2465.40 2481.50 2498.70 2517.40 2532.20 2539.50 2557.20 2574.10 2585.90 2581.80 2567.50 2566.80 2575.80 2593.20 2605.60 2610.50 2610.10 2607.30 2606.90 2607.00 2604.60 2608.10 2619.00 2627.20 2635.10 2643.10 2652.30 2663.50 2680.40 2686.10 2685.80 2686.20 2687.60 2687.90 2688.30 2687.00 2686.50 2683.50 2680.00 2673.40 2667.80 2659.60 2655.00 2650.00 2645.30 2640.70 2631.50 2622.00 2614.80 2610.20 2601.40 2594.40 2591.30 2590.90 2592.00 2592.90 2596.10 2598.60 2599.80 2600.90 2600.30 2597.30 2589.00 2580.70 2576.90
