data/gries/surface-1967.grid
NCOLS       257
NROWS       241
XLLCORNER          666587.50
YLLCORNER          140987.50
CELLSIZE           25.000000
NODATA_VALUE   -9999
[rows 116 to 144 of 241, columns 134 to 200 of 257]
2684.55 2686.82 2690.96 2690.83 2693.43 2697.11 2702.49 2708.54 2714.24 2721.22 2727.22 2732.30 2741.00 2777.20 2827.10 2846.00 2837.80 2827.90 2818.90 2804.30 2787.30 2772.10 2756.20 2745.40 2739.90 2735.10 2728.90 2723.20 2714.70 2704.50 2695.60 2687.60 2680.40 2677.10 2674.00 2667.20 2664.20 2661.90 2663.80 2663.10 2640.50 2603.70 2562.90 2560.50 2532.10 2501.00 2477.50 2448.50 2426.40 2415.30 2402.80 2383.10 2351.80 2324.90 2304.90 2262.80 2238.60 2217.00 2196.80 2175.40 2164.70 2156.10 2148.80 2142.30 2135.60 2130.40 2125.20
2703.87 2706.27 2708.93 2709.25 2710.51 2712.48 2715.48 2722.10 2728.12 2734.13 2740.08 2742.64 2756.80 2804.30 2850.40 2863.60 2854.70 2843.80 2831.70 2817.30 2804.00 2784.10 2768.00 2756.90 2747.90 2739.80 2736.00 2725.40 2715.30 2705.60 2697.80 2690.80 2683.90 2678.60 2675.40 2671.40 2670.70 2669.50 2668.80 2661.60 2635.00 2590.50 2588.30 2572.10 2538.90 2515.40 2494.60 2460.90 2428.90 2409.30 2392.60 2378.10 2351.00 2328.20 2304.70 2284.00 2246.60 2218.80 2194.70 2174.70 2159.90 2153.30 2147.10 2140.80 2135.40 2130.20 2125.10
2719.13 2721.95 2723.93 2724.39 2725.22 2726.83 2729.01 2735.15 2741.88 2747.93 2753.20 2758.09 2782.40 2835.60 2881.10 2884.50 2872.20 2858.00 2843.60 2829.70 2810.70 2792.50 2775.60 2762.20 2754.40 2747.20 2738.30 2725.40 2718.50 2710.00 2701.40 2694.20 2687.90 2681.70 2678.60 2677.00 2676.50 2673.60 2662.00 2647.40 2620.00 2616.90 2602.90 2573.40 2552.30 2522.90 2499.10 2468.40 2437.30 2413.20 2385.80 2363.20 2347.80 2328.80 2309.40 2283.00 2243.00 2219.40 2196.70 2177.20 2165.70 2158.10 2151.60 2143.90 2135.80 2130.30 2124.90
2732.86 2734.70 2736.49 2737.17 2738.83 2741.39 2744.36 2749.02 2756.41 2762.59 2767.10 2770.10 2810.60 2863.70 2908.00 2904.10 2885.20 2868.90 2852.90 2832.30 2810.60 2793.30 2778.80 2768.80 2759.10 2748.20 2737.90 2728.80 2720.80 2712.70 2706.50 2699.00 2693.50 2688.50 2685.20 2683.50 2679.50 2673.10 2664.30 2647.50 2642.20 2629.50 2601.30 2582.70 2549.90 2519.80 2496.30 2462.50 2435.00 2412.20 2390.80 2348.10 2336.60 2322.30 2301.40 2263.10 2237.20 2219.20 2201.90 2185.10 2172.80 2162.20 2152.90 2144.20 2136.70 2131.10 2125.30
2744.32 2747.42 2749.77 2750.72 2751.80 2756.56 2760.94 2764.92 2771.47 2778.78 2780.94 2787.50 2841.70 2891.90 2929.30 2913.90 2894.70 2875.40 2850.00 2824.60 2807.00 2791.20 2778.50 2769.90 2761.40 2749.90 2740.50 2733.00 2725.30 2718.10 2710.60 2705.10 2700.60 2695.30 2692.60 2686.40 2681.00 2673.00 2665.90 2663.20 2654.80 2629.80 2603.10 2576.90 2550.40 2518.90 2497.50 2474.90 2453.40 2424.40 2394.00 2346.20 2313.20 2303.70 2276.60 2249.40 2230.90 2217.70 2206.90 2186.00 2172.80 2160.50 2151.90 2142.90 2135.80 2129.80 2123.80
2756.42 2761.00 2764.47 2765.86 2766.76 2772.64 2777.74 2782.29 2788.78 2794.75 2799.14 2812.40 2865.90 2930.40 2938.80 2917.90 2899.30 2876.70 2851.00 2826.20 2807.60 2793.00 2780.90 2772.30 2764.20 2756.40 2748.10 2739.50 2730.70 2724.10 2719.50 2712.40 2707.80 2700.40 2693.90 2687.70 2682.20 2678.30 2675.00 2672.30 2666.00 2631.00 2622.80 2592.00 2553.70 2534.80 2501.50 2477.10 2447.00 2411.00 2380.00 2338.00 2315.60 2294.50 2278.40 2272.10 2257.80 2240.00 2218.70 2190.00 2167.50 2155.30 2147.00 2139.00 2133.00 2126.30 2120.50
2772.21 2778.18 2781.16 2783.08 2784.82 2791.08 2795.64 2799.88 2806.90 2812.36 2814.82 2846.40 2899.40 2938.40 2943.10 2918.60 2897.60 2873.30 2852.00 2830.00 2810.60 2795.40 2785.30 2777.70 2771.80 2763.70 2754.70 2743.40 2737.20 2733.10 2727.10 2718.30 2709.40 2700.40 2693.90 2690.00 2684.90 2678.80 2671.10 2666.20 2655.80 2644.60 2622.40 2600.00 2581.80 2535.20 2506.30 2478.80 2439.00 2410.20 2380.00 2353.50 2346.70 2330.10 2294.00 2271.40 2253.30 2231.80 2211.70 2194.00 2170.10 2155.20 2143.90 2135.70 2129.90 2123.70 2118.30
2788.01 2799.99 2802.51 2801.70 2803.50 2810.71 2815.63 2819.52 2825.91 2831.05 2833.34 2882.10 2926.20 2962.80 2943.80 2918.60 2896.70 2874.50 2846.00 2828.00 2811.70 2799.50 2791.90 2785.70 2777.40 2766.60 2755.50 2750.00 2745.00 2741.30 2732.30 2720.70 2711.10 2702.90 2697.60 2690.40 2678.20 2667.40 2662.10 2646.00 2630.80 2621.40 2614.80 2607.10 2582.20 2538.40 2511.30 2476.90 2451.40 2419.60 2406.70 2389.70 2372.00 2341.60 2304.80 2285.40 2243.90 2220.70 2198.30 2184.80 2170.50 2153.80 2143.40 2135.30 2128.20 2120.70 2117.30
2831.56 2819.90 2823.09 2821.14 2821.71 2832.90 2837.28 2841.83 2848.23 2850.00 2857.00 2899.40 2961.70 2964.90 2945.40 2918.50 2895.80 2873.50 2849.00 2833.40 2819.90 2808.00 2801.00 2790.00 2778.80 2769.20 2762.60 2757.70 2751.60 2744.00 2734.60 2724.80 2717.40 2707.10 2694.40 2679.50 2662.20 2650.80 2639.50 2627.00 2607.90 2597.50 2588.30 2579.60 2565.00 2546.50 2511.80 2503.50 2475.80 2441.90 2411.00 2380.00 2355.50 2335.80 2320.20 2294.60 2268.80 2238.40 2216.70 2200.90 2175.50 2154.00 2138.40 2129.70 2121.60 2118.30 2115.10
2836.25 2835.50 2847.69 2850.00 2867.70 2878.10 2892.60 2886.60 2875.80 2872.90 2889.60 2910.40 2956.00 2968.30 2948.90 2923.80 2900.30 2876.90 2857.90 2841.00 2828.50 2816.60 2805.70 2794.00 2781.70 2774.20 2769.00 2761.60 2752.10 2743.50 2737.40 2726.00 2716.70 2704.30 2689.40 2669.20 2648.20 2634.50 2623.00 2610.20 2594.50 2579.90 2567.50 2558.50 2545.20 2535.80 2515.10 2493.90 2471.60 2445.80 2418.40 2386.00 2358.30 2331.30 2314.40 2295.00 2272.00 2251.20 2231.40 2204.00 2177.30 2157.70 2142.00 2131.40 2120.30 2118.60 2116.60
2848.53 2857.90 2892.00 2905.10 2910.00 2917.90 2922.80 2926.30 2913.40 2908.30 2931.30 2956.30 2991.80 2972.30 2951.50 2929.60 2907.00 2883.70 2866.40 2851.10 2835.30 2821.40 2809.30 2797.90 2787.90 2779.60 2770.70 2761.90 2755.90 2749.30 2740.10 2727.90 2716.50 2702.90 2687.80 2660.60 2633.30 2618.90 2609.20 2596.50 2583.80 2567.90 2552.50 2541.60 2528.40 2515.20 2502.60 2480.40 2462.00 2441.90 2418.60 2391.40 2364.70 2343.40 2322.90 2298.50 2273.70 2252.80 2231.40 2204.00 2179.00 2160.00 2139.00 2133.40 2126.20 2120.00 2117.50
2855.61 2877.80 2911.60 2931.30 2940.00 2953.00 2955.60 2961.20 2946.40 2938.80 2966.80 2998.60 3002.50 2980.20 2956.70 2939.40 2920.10 2899.40 2880.40 2858.70 2841.80 2827.20 2814.50 2803.40 2793.80 2784.80 2776.30 2769.10 2761.80 2751.90 2740.30 2727.30 2710.20 2695.80 2680.90 2651.40 2624.10 2604.30 2594.20 2584.20 2571.60 2556.50 2541.60 2528.40 2515.40 2497.30 2484.20 2468.90 2455.00 2434.10 2411.00 2388.20 2365.80 2345.90 2326.20 2299.10 2269.60 2247.30 2226.10 2204.00 2179.60 2149.90 2137.80 2132.10 2126.80 2122.50 2120.10
2861.50 2888.60 2926.40 2957.90 2970.10 2982.50 2991.20 2991.20 2984.10 2973.70 3000.30 3020.20 3004.60 2984.10 2966.80 2948.50 2932.90 2912.40 2887.30 2866.70 2849.30 2834.60 2821.40 2810.50 2800.20 2791.70 2782.10 2773.60 2765.00 2753.90 2740.40 2726.50 2703.80 2684.90 2661.80 2637.20 2617.40 2598.20 2586.80 2573.50 2560.40 2544.30 2530.40 2516.80 2501.40 2484.40 2470.00 2457.20 2443.30 2426.50 2407.30 2378.90 2358.60 2343.30 2326.20 2299.50 2262.50 2237.10 2216.80 2197.70 2173.70 2147.80 2137.90 2136.00 2135.80 2135.50 2136.20
2875.35 2911.32 2933.20 2970.20 2997.20 3009.70 3018.90 3024.30 3019.20 3007.30 3006.80 3023.10 3015.30 3001.50 2985.40 2967.10 2944.20 2918.20 2894.20 2876.30 2860.60 2847.60 2832.40 2819.50 2809.20 2799.30 2788.80 2778.30 2767.80 2754.10 2740.70 2723.20 2704.20 2667.90 2641.30 2624.00 2606.90 2593.70 2579.10 2565.50 2550.70 2534.60 2518.60 2503.80 2490.10 2474.70 2458.40 2445.10 2431.90 2417.00 2400.70 2371.20 2351.20 2336.40 2319.80 2293.40 2247.20 2213.50 2199.70 2179.60 2162.40 2148.10 2144.30 2147.20 2149.20 2148.60 2147.60
2899.60 2945.89 2939.66 2978.30 3007.90 3023.80 3038.50 3037.90 3035.40 3032.40 3025.90 3017.70 3008.30 2995.10 2979.10 2961.20 2942.30 2925.60 2908.30 2894.80 2879.40 2862.50 2845.60 2831.50 2818.20 2809.70 2796.70 2784.30 2767.80 2754.10 2737.60 2710.10 2682.60 2659.30 2636.30 2620.00 2604.00 2587.50 2572.80 2557.90 2541.20 2525.80 2507.40 2489.80 2476.60 2463.30 2447.70 2433.50 2420.50 2403.40 2388.90 2361.00 2342.20 2328.50 2309.40 2274.00 2236.70 2209.10 2185.10 2172.40 2159.00 2155.50 2154.40 2159.40 2161.90 2159.60 2154.20
2900.26 2912.46 2933.23 2963.60 2988.00 3004.00 3024.30 3020.30 3016.30 3012.40 3008.40 3004.40 2996.00 2980.00 2965.90 2949.20 2931.10 2911.80 2896.60 2882.60 2873.60 2863.10 2851.50 2842.80 2831.60 2823.20 2810.00 2790.90 2765.30 2746.90 2725.00 2696.70 2667.50 2647.20 2631.90 2616.00 2601.70 2585.80 2569.70 2553.70 2535.50 2516.90 2498.00 2478.80 2463.80 2451.10 2436.70 2426.30 2414.40 2396.00 2377.50 2358.40 2335.30 2318.40 2302.20 2259.30 2227.00 2205.20 2185.30 2183.30 2173.70 2170.10 2166.30 2170.00 2171.80 2170.50 2160.20
2920.95 2921.65 2935.18 2973.70 2990.50 3007.00 3003.10 3000.00 2997.50 2994.70 2990.80 2985.50 2976.60 2965.90 2952.40 2935.40 2915.90 2896.80 2881.40 2867.80 2860.80 2848.00 2838.90 2830.60 2824.80 2818.20 2808.80 2793.50 2763.20 2740.50 2713.40 2686.70 2662.00 2633.00 2617.10 2608.10 2594.00 2578.30 2562.30 2547.60 2528.80 2508.20 2487.70 2469.30 2453.50 2438.90 2424.20 2413.80 2405.60 2391.80 2375.50 2358.30 2333.70 2313.10 2289.90 2248.70 2224.60 2206.10 2203.50 2202.80 2189.30 2190.70 2180.80 2179.80 2183.40 2175.10 2163.50
2939.43 2972.76 3012.15 2982.50 2989.20 2983.00 2980.00 2980.00 2979.10 2976.60 2973.70 2968.40 2962.00 2953.10 2939.50 2921.00 2893.40 2878.50 2860.00 2847.00 2839.50 2832.30 2823.40 2817.10 2810.30 2803.20 2796.30 2786.50 2762.10 2733.50 2707.90 2681.50 2659.00 2628.90 2607.30 2594.30 2585.40 2572.20 2558.10 2543.20 2524.00 2502.80 2480.70 2461.80 2447.50 2430.10 2412.00 2401.70 2393.80 2381.30 2365.00 2347.10 2325.90 2310.00 2286.90 2250.30 2231.80 2215.60 2220.70 2214.90 2206.40 2204.30 2199.60 2200.80 2194.70 2181.80 2173.80
2944.18 2990.38 3022.30 3000.50 2987.50 2970.60 2956.00 2957.50 2958.40 2957.00 2954.60 2952.00 2946.80 2936.90 2922.60 2901.40 2873.00 2850.40 2831.60 2820.30 2810.30 2807.90 2805.20 2801.00 2791.20 2782.50 2776.80 2770.30 2762.80 2734.00 2709.70 2681.60 2654.50 2626.20 2599.60 2582.70 2575.40 2566.40 2553.60 2538.70 2518.10 2494.70 2469.00 2451.90 2437.50 2420.90 2406.20 2390.50 2375.20 2365.90 2355.20 2337.70 2324.70 2307.30 2286.80 2263.10 2238.80 2243.60 2240.20 2232.80 2231.10 2226.50 2223.20 2217.80 2205.00 2194.20 2184.20
2972.53 3007.16 3040.52 2989.30 2970.60 2948.60 2934.10 2932.80 2936.40 2937.70 2938.80 2935.90 2929.70 2919.50 2908.80 2884.80 2851.00 2827.80 2807.50 2794.80 2786.50 2780.50 2774.90 2773.80 2768.80 2762.00 2757.10 2753.50 2746.10 2732.40 2717.70 2688.20 2658.50 2631.00 2598.50 2577.90 2558.00 2556.30 2544.90 2530.40 2512.40 2488.60 2460.50 2436.60 2424.50 2414.10 2396.90 2381.80 2367.20 2351.30 2347.20 2334.10 2322.20 2300.40 2278.00 2256.40 2260.00 2262.30 2258.20 2252.20 2248.40 2245.40 2239.20 2226.70 2216.60 2205.00 2194.60
2992.87 3028.22 3024.30 2976.70 2954.00 2932.10 2914.90 2910.70 2915.10 2918.70 2919.50 2918.50 2912.60 2903.40 2893.40 2860.30 2828.90 2805.50 2788.80 2775.80 2761.20 2752.20 2748.00 2747.70 2742.90 2732.80 2727.40 2727.10 2720.80 2707.10 2690.50 2688.10 2661.40 2632.00 2597.10 2574.80 2556.00 2535.20 2531.00 2521.60 2504.80 2482.20 2456.20 2429.40 2408.70 2404.60 2390.80 2375.10 2362.10 2342.30 2332.50 2319.50 2310.10 2288.60 2271.10 2272.70 2280.50 2275.60 2273.20 2269.60 2263.70 2254.10 2244.80 2236.40 2227.00 2216.90 2203.10
2994.57 2996.56 2987.53 2964.50 2940.00 2920.70 2896.70 2890.00 2894.00 2897.00 2900.00 2899.60 2895.90 2888.80 2874.00 2845.60 2814.00 2792.50 2770.80 2752.80 2743.50 2737.20 2726.70 2725.10 2718.00 2708.70 2702.00 2697.90 2694.90 2681.00 2667.10 2666.40 2645.70 2616.50 2591.30 2571.10 2551.90 2530.90 2513.20 2508.80 2495.40 2472.20 2448.10 2422.90 2402.30 2391.30 2379.20 2369.50 2360.40 2355.20 2343.40 2324.30 2297.10 2285.90 2285.70 2289.10 2292.70 2289.50 2286.30 2278.60 2268.70 2260.10 2254.10 2248.70 2236.80 2225.90 2205.80
2978.55 2969.01 2963.00 2950.30 2929.30 2908.40 2887.90 2870.40 2872.20 2876.00 2879.80 2880.80 2878.60 2871.40 2861.80 2836.10 2803.10 2775.30 2756.70 2739.10 2725.70 2725.60 2709.30 2707.40 2702.10 2694.50 2681.70 2670.80 2665.80 2659.90 2648.00 2634.80 2622.50 2602.80 2585.80 2567.50 2548.40 2525.70 2502.50 2492.70 2481.70 2460.00 2434.60 2416.10 2401.80 2386.60 2376.70 2372.90 2369.00 2361.50 2343.40 2313.40 2298.60 2299.80 2305.00 2307.40 2307.70 2303.20 2297.60 2285.60 2276.80 2270.30 2266.00 2260.50 2245.00 2220.00 2202.50
2958.28 2953.63 2943.50 2933.70 2915.70 2893.20 2873.70 2855.50 2852.80 2851.40 2858.40 2861.10 2860.30 2854.40 2845.80 2825.80 2789.80 2764.20 2745.00 2725.20 2710.80 2710.00 2701.60 2687.50 2685.30 2676.30 2667.40 2656.00 2644.70 2643.10 2632.10 2618.20 2603.90 2594.20 2579.10 2560.70 2543.30 2522.70 2500.10 2472.60 2461.40 2441.20 2423.10 2407.10 2393.40 2388.50 2384.00 2380.90 2376.70 2365.90 2337.90 2313.90 2321.10 2322.00 2326.10 2324.40 2319.50 2312.10 2304.10 2295.20 2287.10 2282.30 2278.70 2261.10 2235.70 2215.40 2203.10
2938.95 2930.10 2925.00 2914.70 2901.50 2873.40 2856.30 2839.60 2834.10 2834.70 2835.90 2841.80 2841.90 2836.40 2829.10 2817.40 2777.80 2757.20 2738.30 2718.90 2698.30 2692.50 2688.70 2679.50 2666.10 2661.50 2652.70 2643.80 2630.50 2619.40 2614.20 2605.30 2592.00 2581.80 2570.90 2554.70 2539.10 2520.40 2494.80 2467.80 2439.40 2428.10 2415.60 2405.60 2398.50 2390.80 2384.30 2380.50 2366.50 2349.00 2329.90 2333.00 2339.80 2344.20 2342.60 2337.70 2330.40 2319.00 2310.60 2305.60 2300.30 2293.40 2277.20 2255.20 2236.90 2224.00 2219.20
2921.24 2907.60 2903.20 2894.60 2882.10 2855.40 2835.30 2821.40 2820.90 2820.70 2820.50 2820.60 2820.20 2819.50 2812.00 2802.50 2768.90 2748.20 2730.40 2711.50 2692.20 2677.20 2674.90 2668.00 2659.40 2645.90 2638.40 2630.00 2618.10 2604.50 2600.30 2591.00 2581.00 2569.00 2558.10 2547.70 2535.30 2517.40 2489.60 2461.20 2440.10 2426.90 2415.50 2406.00 2398.30 2386.90 2373.40 2359.30 2349.00 2346.00 2348.40 2358.70 2360.50 2360.60 2356.30 2348.20 2336.80 2323.80 2315.90 2315.50 2312.70 2299.80 2279.40 2276.50 2257.50 2269.20 2264.30
2911.83 2877.40 2881.60 2870.10 2858.90 2840.50 2823.60 2797.70 2796.50 2800.30 2801.20 2801.20 2801.20 2799.30 2795.40 2784.70 2763.20 2735.70 2717.30 2700.10 2683.40 2669.10 2659.90 2654.00 2646.30 2636.50 2625.60 2616.60 2605.70 2593.80 2584.40 2574.60 2565.10 2556.80 2546.90 2536.40 2525.20 2506.90 2481.40 2460.40 2440.80 2426.30 2416.50 2405.10 2391.90 2377.20 2361.80 2361.80 2365.10 2369.50 2373.30 2374.70 2376.60 2373.80 2362.40 2346.50 2335.30 2332.90 2330.20 2325.10 2321.30 2314.40 2303.40 2277.90 2291.40 2292.50 2284.40
2855.40 2846.80 2844.40 2840.80 2833.50 2816.50 2798.90 2778.40 2775.60 2776.40 2775.90 2777.50 2783.10 2781.90 2777.30 2768.60 2752.20 2725.90 2702.80 2683.70 2672.70 2660.40 2649.20 2639.90 2631.80 2626.00 2615.90 2605.60 2595.10 2583.40 2569.60 2557.40 2550.50 2543.00 2533.20 2526.60 2512.40 2489.80 2471.70 2456.00 2454.30 2448.00 2424.40 2407.30 2388.70 2376.70 2367.60 2379.20 2384.00 2386.90 2393.40 2394.90 2391.80 2377.10 2362.60 2357.50 2352.60 2344.40 2335.50 2323.30 2319.90 2307.00 2301.40 2304.60 2306.60 2307.50 2302.90
2834.60 2823.30 2816.90 2814.20 2807.80 2794.90 2775.50 2759.70 2754.60 2753.50 2748.90 2752.00 2760.00 2763.90 2759.10 2751.50 2738.40 2710.90 2689.40 2670.00 2660.80 2649.40 2638.70 2628.00 2617.10 2612.40 2604.80 2594.40 2584.30 2573.10 2557.80 2542.00 2535.90 2526.90 2518.20 2511.90 2499.70 2484.10 2473.20 2471.50 2465.70 2442.70 2417.90 2401.10 2392.10 2393.00 2375.30 2389.50 2396.70 2399.60 2403.10 2404.00 2400.50 2387.10 2382.90 2371.00 2357.60 2341.80 2328.30 2318.50 2313.00 2314.20 2317.90 2318.50 2318.70 2319.00 2320.70
