data/gries/surface-1998.grid
NCOLS       257
NROWS       241
XLLCORNER          666587.50
YLLCORNER          140987.50
CELLSIZE           25.000000
NODATA_VALUE   -9999
[rows 58 to 86 of 241, columns 0 to 66 of 257]
2233.90 2255.70 2275.00 2289.50 2304.50 2327.30 2342.70 2362.70 2390.20 2413.80 2434.60 2451.20 2468.30 2486.30 2504.30 2525.30 2541.30 2558.60 2572.40 2587.30 2602.70 2615.60 2627.80 2641.50 2657.50 2673.90 2700.00 2715.70 2731.00 2733.90 2729.40 2728.30 2728.20 2734.50 2747.00 2762.90 2778.70 2793.90 2798.00 2788.70 2779.40 2773.70 2770.10 2765.90 2759.00 2749.60 2739.00 2732.80 2729.90 2728.60 2727.80 2727.20 2728.30 2731.00 2734.30 2736.80 2740.30 2743.40 2746.50 2748.80 2753.80 2749.30 2742.10 2730.40 2717.90 2700.00 2681.40
2241.40 2258.40 2275.90 2293.60 2313.80 2331.60 2348.80 2367.60 2393.30 2414.20 2434.90 2451.40 2468.00 2486.80 2507.00 2526.90 2551.60 2572.70 2586.30 2600.50 2614.80 2627.10 2639.00 2653.40 2669.10 2684.40 2700.00 2719.00 2741.40 2750.40 2755.00 2747.40 2746.70 2751.00 2762.80 2775.70 2790.00 2802.10 2801.10 2790.10 2781.40 2775.70 2773.90 2774.70 2768.00 2760.00 2751.40 2743.70 2737.80 2734.40 2733.40 2733.00 2734.00 2736.90 2740.70 2743.40 2744.50 2746.70 2749.30 2753.20 2752.80 2746.80 2741.50 2726.90 2709.80 2691.10 2671.10
2241.90 2256.50 2275.70 2290.10 2306.90 2326.60 2347.30 2370.00 2392.80 2414.20 2433.10 2449.80 2468.10 2487.00 2509.50 2531.30 2550.60 2571.10 2597.00 2612.80 2626.50 2638.50 2652.30 2665.70 2681.40 2697.60 2711.40 2729.50 2748.10 2762.40 2769.00 2766.80 2765.30 2769.10 2777.60 2790.30 2802.40 2812.30 2798.70 2788.90 2781.50 2779.30 2779.70 2782.40 2776.70 2770.00 2761.20 2751.90 2746.00 2740.80 2738.70 2738.10 2738.50 2742.70 2747.10 2749.10 2748.70 2750.20 2751.60 2751.80 2752.60 2750.60 2741.60 2726.30 2704.40 2684.50 2656.90
2234.20 2248.70 2265.70 2284.40 2304.80 2324.60 2345.40 2367.90 2387.80 2405.90 2426.60 2446.90 2467.50 2487.10 2508.40 2531.30 2550.10 2572.40 2593.40 2619.20 2640.00 2652.20 2666.00 2677.80 2695.50 2711.00 2725.80 2743.50 2760.20 2769.50 2778.70 2781.00 2784.90 2784.20 2794.40 2803.90 2812.00 2809.60 2795.70 2787.60 2785.50 2786.60 2790.40 2792.50 2786.70 2779.40 2767.90 2759.90 2754.00 2749.00 2745.90 2744.20 2744.60 2745.30 2748.70 2752.00 2752.00 2752.40 2753.70 2753.60 2751.90 2749.10 2735.60 2721.30 2700.40 2669.20 2648.60
2231.30 2247.70 2263.40 2281.00 2299.40 2319.80 2340.00 2358.50 2376.70 2396.80 2422.10 2443.00 2462.80 2482.70 2506.80 2528.30 2546.40 2561.10 2591.00 2613.30 2637.40 2644.10 2674.50 2692.60 2708.60 2718.50 2715.50 2732.00 2745.10 2745.30 2749.40 2748.70 2749.70 2757.60 2764.10 2776.20 2789.80 2797.00 2792.80 2791.10 2791.90 2794.50 2796.50 2797.80 2792.70 2784.30 2773.10 2766.90 2760.90 2754.90 2752.00 2750.80 2751.50 2750.00 2751.50 2754.30 2754.30 2754.60 2755.80 2754.00 2751.90 2748.90 2732.60 2716.00 2689.00 2657.40 2649.60
2232.00 2245.60 2261.70 2278.30 2295.80 2315.20 2335.50 2355.50 2373.20 2395.80 2419.20 2441.10 2460.00 2481.60 2504.70 2524.80 2541.40 2559.00 2584.20 2594.90 2608.60 2650.80 2661.10 2669.30 2682.20 2689.10 2706.60 2725.20 2726.30 2725.50 2717.80 2718.30 2723.90 2733.70 2740.50 2753.30 2767.60 2780.30 2792.20 2795.70 2796.50 2799.30 2802.10 2802.90 2797.40 2788.10 2779.30 2770.50 2763.90 2758.20 2759.90 2758.00 2760.00 2758.70 2756.20 2756.20 2756.60 2757.00 2756.30 2753.60 2750.90 2742.50 2722.20 2691.60 2670.90 2658.90 2651.70
2231.20 2245.20 2257.10 2273.60 2292.30 2310.90 2327.80 2351.00 2372.50 2391.10 2413.20 2434.10 2458.20 2480.40 2502.20 2517.80 2538.30 2551.50 2563.20 2578.70 2604.00 2616.50 2626.00 2640.90 2651.70 2676.10 2701.10 2709.50 2709.10 2706.00 2699.20 2699.80 2707.70 2715.90 2726.10 2738.80 2756.10 2778.60 2793.80 2799.90 2801.80 2804.20 2806.80 2806.00 2799.60 2791.00 2782.40 2771.80 2765.70 2761.60 2761.50 2762.00 2762.10 2762.20 2759.50 2758.30 2759.20 2758.90 2757.20 2753.80 2750.00 2730.70 2696.10 2678.70 2671.90 2662.00 2656.30
2230.40 2242.70 2254.70 2268.50 2286.20 2304.20 2322.40 2348.00 2368.90 2389.20 2411.00 2430.00 2452.70 2475.40 2496.50 2511.50 2523.70 2538.80 2548.90 2556.60 2572.80 2591.50 2609.80 2624.50 2638.00 2652.70 2680.00 2689.50 2689.50 2687.70 2687.10 2692.70 2699.50 2709.10 2719.10 2734.30 2753.70 2774.20 2798.20 2806.30 2809.20 2810.70 2813.40 2809.90 2799.80 2791.60 2783.40 2773.00 2766.20 2764.00 2763.30 2764.40 2764.70 2765.10 2763.70 2762.50 2763.10 2761.00 2759.10 2753.10 2741.20 2702.40 2680.10 2676.10 2671.10 2663.70 2661.40
2229.50 2240.30 2252.20 2265.70 2284.50 2302.80 2321.20 2340.60 2362.60 2384.00 2401.00 2425.80 2448.80 2466.10 2479.10 2493.80 2507.80 2522.40 2539.80 2554.70 2572.80 2591.30 2607.30 2621.70 2634.10 2647.80 2660.40 2676.00 2676.50 2679.50 2687.20 2693.70 2698.70 2706.50 2716.80 2731.20 2748.20 2771.30 2795.80 2812.90 2816.00 2817.80 2818.10 2810.30 2801.20 2792.80 2784.20 2773.80 2768.10 2766.20 2765.00 2766.20 2767.30 2767.60 2769.50 2770.40 2767.50 2764.80 2760.70 2746.10 2712.90 2689.10 2678.90 2674.50 2670.30 2667.30 2665.30
2237.30 2241.80 2252.50 2266.10 2281.30 2298.90 2315.60 2337.30 2362.50 2380.30 2393.10 2414.80 2432.50 2447.10 2467.50 2486.00 2503.00 2520.20 2537.10 2554.80 2573.60 2594.80 2609.70 2622.20 2633.90 2645.70 2660.40 2668.40 2678.50 2682.80 2687.30 2691.90 2696.50 2699.80 2712.00 2727.60 2744.00 2765.50 2794.00 2809.10 2824.10 2826.20 2825.90 2816.90 2806.40 2796.00 2786.90 2777.10 2771.10 2768.50 2766.90 2767.90 2769.10 2770.30 2773.20 2775.40 2772.00 2762.10 2749.20 2717.30 2698.00 2685.90 2679.30 2677.10 2674.70 2672.60 2670.60
2239.10 2245.30 2254.20 2264.80 2277.60 2292.70 2310.90 2330.90 2352.10 2377.90 2392.60 2412.30 2439.40 2455.00 2472.80 2492.60 2509.30 2526.70 2542.40 2558.10 2574.70 2593.90 2610.00 2623.70 2636.70 2649.10 2661.00 2668.60 2678.00 2681.70 2686.20 2690.80 2694.50 2698.50 2707.70 2722.30 2737.20 2758.90 2780.00 2815.00 2833.70 2835.70 2835.20 2824.40 2813.00 2801.60 2792.20 2784.80 2777.30 2770.30 2768.90 2769.50 2772.00 2775.30 2778.90 2780.10 2772.20 2754.60 2730.30 2709.80 2694.10 2687.10 2683.10 2681.30 2679.80 2677.80 2675.00
2242.60 2246.40 2255.20 2265.90 2277.60 2293.50 2311.00 2328.00 2352.70 2377.40 2400.00 2420.70 2442.10 2460.70 2476.00 2492.00 2508.70 2526.40 2545.90 2562.00 2578.40 2595.30 2608.10 2622.30 2639.60 2650.20 2662.80 2674.50 2682.80 2685.90 2690.00 2694.00 2697.60 2701.40 2707.10 2718.70 2734.60 2754.40 2787.40 2817.40 2841.80 2843.30 2840.70 2831.40 2819.50 2807.20 2796.70 2790.60 2782.80 2775.00 2772.80 2774.00 2779.40 2780.00 2781.30 2780.10 2766.90 2736.40 2718.60 2705.40 2696.00 2691.10 2688.60 2687.00 2684.90 2682.30 2679.30
2246.50 2249.40 2256.10 2266.70 2279.50 2298.00 2316.80 2337.30 2356.40 2382.70 2406.10 2428.90 2447.70 2462.60 2475.10 2491.00 2506.90 2524.30 2547.50 2567.40 2581.30 2599.40 2615.90 2624.90 2632.80 2645.00 2660.70 2670.20 2680.30 2683.30 2691.60 2697.20 2701.00 2707.40 2713.90 2720.60 2731.50 2750.20 2781.70 2814.60 2839.80 2850.00 2846.70 2835.40 2821.30 2809.90 2798.90 2793.70 2788.10 2780.00 2778.50 2779.30 2783.10 2783.10 2780.70 2763.90 2745.60 2721.50 2713.10 2702.50 2699.10 2696.00 2694.10 2691.90 2689.60 2687.10 2684.00
2250.20 2253.00 2255.90 2263.90 2280.00 2298.10 2318.20 2336.70 2357.00 2383.20 2406.60 2431.30 2450.00 2465.80 2477.60 2490.40 2506.00 2527.10 2548.60 2567.80 2586.10 2599.80 2617.80 2629.30 2640.00 2644.10 2652.50 2661.80 2668.50 2675.80 2685.80 2696.10 2703.70 2710.70 2717.40 2725.70 2734.90 2748.30 2769.10 2796.90 2825.10 2848.00 2849.60 2833.90 2818.40 2808.50 2801.30 2796.40 2790.60 2784.70 2782.60 2783.60 2785.40 2782.70 2778.90 2761.10 2731.20 2716.10 2710.30 2705.20 2703.00 2701.10 2698.80 2696.60 2694.40 2691.90 2688.90
2252.50 2256.40 2259.40 2264.80 2279.10 2298.50 2323.00 2339.10 2359.10 2378.80 2407.20 2429.90 2449.70 2467.60 2481.50 2496.60 2515.40 2538.00 2556.80 2569.20 2587.20 2603.70 2616.70 2632.00 2643.00 2648.20 2653.50 2658.80 2666.40 2676.20 2684.70 2693.90 2702.50 2714.30 2721.30 2730.10 2737.60 2750.00 2769.80 2800.80 2832.30 2852.60 2850.00 2832.90 2818.40 2812.00 2807.90 2802.60 2796.10 2788.70 2787.40 2787.00 2783.60 2781.00 2766.20 2739.60 2718.90 2714.00 2711.30 2709.00 2706.90 2706.00 2703.70 2701.40 2699.10 2696.70 2694.90
2254.50 2259.00 2264.20 2271.10 2279.10 2298.30 2325.90 2343.10 2359.90 2378.00 2399.00 2424.10 2443.70 2463.10 2481.40 2499.00 2522.30 2535.20 2554.50 2569.80 2584.60 2598.70 2613.50 2629.10 2640.80 2650.30 2658.50 2664.70 2670.60 2677.10 2688.70 2702.10 2714.60 2725.90 2734.80 2743.40 2752.00 2759.80 2776.40 2795.80 2824.90 2836.70 2846.00 2834.60 2825.00 2821.20 2816.50 2809.30 2800.90 2792.50 2789.10 2786.60 2782.70 2774.50 2753.70 2734.60 2718.90 2717.20 2715.20 2713.00 2711.40 2710.70 2708.60 2706.30 2704.00 2702.30 2700.80
2259.50 2260.40 2265.80 2272.50 2279.50 2295.20 2323.70 2340.60 2354.70 2370.70 2389.50 2412.70 2434.60 2455.20 2470.40 2487.90 2509.00 2526.20 2544.20 2561.10 2575.10 2588.70 2601.80 2616.20 2629.60 2645.30 2658.30 2668.90 2677.00 2688.30 2701.90 2716.30 2730.90 2742.10 2750.20 2760.70 2766.40 2779.30 2789.30 2800.50 2805.10 2817.00 2826.10 2835.40 2834.00 2828.30 2822.70 2815.10 2805.70 2796.60 2789.80 2786.10 2782.10 2765.50 2743.40 2729.00 2719.90 2719.20 2718.90 2716.90 2716.00 2715.30 2713.50 2711.30 2709.60 2708.00 2707.00
2265.60 2266.10 2269.00 2273.60 2278.60 2292.00 2314.80 2335.40 2350.50 2365.00 2378.20 2396.10 2413.40 2431.60 2447.70 2467.30 2488.60 2509.80 2527.40 2543.50 2560.10 2571.80 2583.10 2605.10 2619.60 2634.20 2649.30 2664.30 2677.50 2692.60 2712.80 2728.50 2741.30 2749.40 2752.60 2757.20 2760.50 2773.00 2775.70 2778.40 2776.90 2792.20 2811.70 2824.10 2827.70 2832.30 2825.60 2820.20 2810.90 2800.70 2793.20 2786.30 2780.20 2751.30 2737.10 2729.50 2722.50 2721.90 2721.40 2721.40 2720.70 2719.90 2718.60 2717.00 2715.30 2713.70 2713.90
2272.90 2275.20 2274.90 2278.30 2285.20 2293.60 2304.90 2324.90 2343.80 2355.30 2371.10 2385.20 2397.40 2413.30 2434.60 2448.00 2470.20 2481.50 2505.30 2520.50 2533.40 2545.20 2562.50 2585.20 2604.90 2625.60 2641.90 2653.80 2664.80 2686.60 2701.10 2709.40 2714.30 2718.90 2728.50 2739.60 2741.10 2738.50 2744.90 2746.80 2750.60 2772.90 2788.80 2803.20 2815.00 2824.30 2828.00 2822.50 2815.50 2805.80 2795.40 2782.30 2764.60 2750.30 2737.30 2730.20 2725.60 2725.40 2726.30 2726.50 2725.80 2725.40 2724.70 2722.90 2721.10 2720.30 2721.00
2280.40 2282.90 2280.90 2284.10 2287.30 2293.80 2304.70 2322.80 2335.40 2350.40 2367.30 2379.50 2391.00 2403.70 2419.40 2434.60 2456.00 2468.40 2485.60 2502.60 2515.40 2540.70 2556.80 2575.50 2598.40 2612.30 2625.60 2639.90 2654.80 2661.20 2671.60 2684.90 2689.60 2696.10 2703.20 2708.80 2714.10 2718.70 2722.90 2727.40 2733.80 2741.70 2759.10 2777.20 2802.00 2814.60 2824.70 2824.10 2820.30 2808.00 2792.90 2772.90 2759.60 2748.50 2737.10 2730.70 2730.00 2730.90 2731.70 2731.70 2731.20 2731.30 2730.90 2729.10 2728.20 2728.40 2729.20
2287.30 2290.70 2290.60 2290.30 2293.60 2296.80 2307.30 2320.60 2336.20 2350.90 2362.60 2374.70 2386.10 2398.90 2413.70 2429.60 2444.90 2462.50 2475.60 2489.40 2504.50 2521.00 2540.00 2559.00 2573.50 2592.20 2598.80 2616.50 2629.00 2635.20 2646.70 2654.30 2664.50 2674.80 2682.60 2691.70 2699.20 2704.80 2709.30 2715.00 2721.50 2731.70 2744.50 2757.20 2778.40 2802.50 2819.10 2822.80 2821.00 2807.80 2791.00 2770.30 2754.50 2744.90 2736.40 2733.20 2735.70 2736.40 2737.10 2737.10 2737.20 2737.20 2737.10 2736.40 2736.60 2736.80 2736.80
2294.00 2296.60 2300.60 2299.30 2299.70 2302.70 2308.40 2318.30 2332.40 2346.10 2356.50 2366.60 2381.80 2394.20 2408.10 2423.20 2438.70 2455.10 2470.10 2484.40 2499.90 2516.90 2534.40 2549.50 2560.00 2572.50 2579.70 2593.30 2606.70 2618.80 2626.20 2634.70 2642.20 2654.40 2665.90 2678.30 2687.90 2693.60 2699.00 2706.90 2714.60 2723.50 2735.80 2750.80 2767.90 2783.70 2805.50 2820.30 2817.10 2803.90 2788.90 2764.00 2750.50 2742.20 2737.50 2739.00 2740.90 2742.80 2743.50 2743.80 2743.90 2744.00 2744.00 2745.50 2745.80 2746.10 2745.90
2302.00 2303.30 2308.20 2308.20 2306.90 2308.90 2311.50 2315.90 2326.00 2341.80 2351.70 2361.90 2377.50 2390.60 2403.70 2420.70 2436.80 2454.30 2469.40 2483.60 2499.50 2516.90 2533.80 2546.10 2553.00 2560.00 2571.00 2582.00 2593.00 2603.10 2614.40 2623.20 2631.30 2640.60 2658.90 2670.10 2680.50 2687.80 2695.30 2702.90 2710.80 2718.50 2728.90 2742.10 2758.60 2778.70 2793.50 2796.90 2789.70 2780.00 2773.10 2757.90 2747.20 2741.00 2742.00 2744.70 2747.20 2749.60 2750.90 2751.30 2751.40 2750.40 2751.30 2754.20 2755.60 2755.90 2756.40
2310.30 2310.30 2316.20 2318.60 2316.80 2315.20 2318.50 2321.10 2325.50 2337.20 2346.60 2359.10 2375.80 2387.70 2401.20 2420.10 2435.90 2451.00 2466.60 2482.20 2499.10 2516.70 2529.70 2542.30 2554.60 2565.50 2577.50 2589.10 2598.90 2607.60 2617.90 2623.80 2632.00 2639.70 2656.70 2669.30 2680.80 2687.60 2694.40 2701.00 2708.30 2715.40 2723.90 2734.00 2747.00 2764.10 2777.00 2769.80 2769.10 2765.30 2759.70 2751.20 2745.50 2744.60 2746.90 2749.80 2754.80 2757.50 2758.20 2758.80 2757.70 2756.50 2758.50 2762.80 2764.70 2765.50 2765.90
2317.50 2317.30 2320.60 2330.20 2327.70 2322.90 2325.80 2328.10 2332.70 2337.50 2343.90 2355.40 2368.90 2385.20 2399.30 2419.20 2434.70 2449.30 2461.20 2474.60 2490.80 2508.20 2523.90 2536.90 2551.10 2565.00 2581.00 2594.40 2605.40 2613.00 2622.00 2629.20 2635.00 2640.60 2654.40 2669.50 2681.70 2687.40 2693.20 2699.10 2705.20 2712.00 2718.20 2727.50 2739.50 2747.10 2749.80 2751.60 2756.90 2756.60 2756.50 2748.50 2747.90 2749.10 2753.30 2759.00 2763.40 2765.90 2766.90 2767.60 2765.50 2765.00 2767.20 2771.50 2774.30 2774.90 2775.20
2323.20 2326.20 2329.10 2337.60 2340.20 2336.40 2333.30 2335.80 2340.10 2344.40 2348.80 2353.80 2366.60 2381.70 2395.30 2415.20 2428.60 2444.00 2455.20 2469.30 2482.70 2499.30 2512.90 2528.50 2545.30 2559.60 2575.90 2593.10 2606.80 2616.80 2624.60 2631.80 2640.00 2647.20 2654.30 2668.70 2680.80 2686.30 2691.90 2699.10 2705.90 2714.00 2718.90 2730.00 2739.50 2743.60 2749.50 2752.40 2754.60 2753.50 2751.80 2749.90 2753.10 2757.20 2763.10 2770.00 2772.20 2774.40 2776.10 2776.60 2775.90 2775.80 2777.90 2781.50 2784.20 2784.80 2785.10
2330.80 2333.00 2340.60 2340.90 2352.60 2351.20 2347.30 2344.40 2347.50 2351.10 2355.50 2359.80 2365.30 2376.40 2395.60 2411.30 2424.70 2440.50 2453.60 2466.80 2482.60 2496.60 2510.90 2525.00 2540.00 2555.20 2572.20 2586.60 2602.70 2616.10 2625.40 2634.20 2640.70 2647.00 2655.00 2664.10 2675.00 2683.70 2691.00 2698.90 2709.70 2719.20 2720.80 2732.40 2742.90 2747.40 2751.70 2754.70 2756.80 2757.60 2756.60 2759.40 2767.90 2771.50 2774.30 2778.80 2781.70 2785.20 2786.20 2787.30 2787.40 2788.00 2789.70 2792.20 2794.80 2795.70 2795.00
2337.30 2341.90 2348.80 2354.10 2357.30 2364.70 2359.10 2356.80 2354.90 2358.60 2362.30 2367.00 2371.90 2379.30 2398.40 2416.40 2432.70 2447.20 2459.20 2473.40 2484.80 2500.50 2513.20 2526.70 2541.60 2557.00 2572.80 2585.90 2597.90 2609.30 2623.20 2635.70 2643.00 2651.30 2656.70 2662.80 2674.30 2680.90 2680.90 2685.20 2699.40 2708.20 2715.70 2731.60 2744.00 2749.30 2753.10 2757.10 2758.90 2759.80 2764.50 2775.00 2784.90 2791.50 2793.60 2792.80 2795.50 2794.80 2796.40 2798.30 2800.20 2802.90 2803.50 2804.60 2805.90 2809.30 2811.60
2345.60 2352.70 2355.30 2364.80 2362.80 2374.60 2376.20 2370.40 2367.00 2366.80 2369.60 2374.20 2379.10 2389.30 2403.70 2421.20 2439.10 2453.60 2467.70 2481.50 2492.10 2503.30 2519.00 2533.70 2547.10 2561.30 2574.90 2584.00 2591.80 2598.90 2608.50 2617.20 2628.60 2639.30 2653.30 2662.40 2664.90 2661.50 2659.70 2669.40 2679.40 2699.70 2715.20 2731.20 2744.00 2751.20 2756.10 2760.80 2764.40 2768.10 2777.90 2788.90 2797.90 2814.30 2814.40 2811.20 2808.10 2808.30 2811.50 2814.70 2815.50 2816.30 2816.40 2816.40 2818.50 2823.30 2839.30
