data/gries/surface-1884.grid
NCOLS       257
NROWS       241
XLLCORNER          666587.50
YLLCORNER          140987.50
CELLSIZE           25.000000
NODATA_VALUE   -9999
[rows 104 to 129 of 241, columns 120 to 179 of 257]
2682.4700 2681.3400 2680.1700 2679.0100 2677.8700 2676.7900 2675.7800 2674.9500 2673.9700 2672.8800 2671.2500 2668.3800 2665.6500 2664.4600 2663.9300 2662.9400 2662.2500 2661.6000 2661.1700 2660.5900 2660.1600 2659.2800 2658.9200 2659.9600 2661.1200 2661.2800 2660.9800 2660.1300 2659.6400 2660.7700 2662.2200 2663.4700 2664.3100 2665.1000 2665.3800 2665.9700 2664.1500 2657.5600 2649.2900 2645.9300 2640.0700 2628.9100 2616.6100 2609.8100 2607.1000 2605.1700 2605.0200 2603.6700 2601.2200 2597.8900 2589.7800 2604.8000 2597.2000 2587.4000 2575.9000 2561.0000 2544.0000 2525.6000 2509.4000 2483.1000
2683.7200 2682.6300 2681.4500 2680.3000 2679.1300 2678.0300 2677.0100 2676.1100 2675.2000 2674.1800 2672.7900 2670.5900 2668.4300 2667.1700 2666.3300 2665.4300 2664.7400 2664.4600 2664.3400 2664.3500 2664.3400 2664.3800 2664.5700 2665.8100 2666.8200 2667.3100 2667.1500 2667.0500 2667.0100 2668.5400 2670.0500 2671.6100 2672.6100 2674.1700 2675.6200 2676.3000 2674.6800 2663.4100 2653.3600 2645.6600 2638.4700 2624.0600 2610.7200 2606.9800 2605.4200 2606.3200 2606.5900 2605.0500 2602.2600 2608.0000 2603.1000 2596.2000 2592.0000 2585.2000 2575.7000 2558.8000 2542.6000 2517.3000 2502.6000 2484.5000
2685.2300 2684.1300 2682.9300 2681.7100 2680.4700 2679.2200 2678.0900 2677.0500 2676.1300 2675.2400 2674.2800 2672.9800 2671.7600 2670.5400 2669.6600 2668.7500 2668.3300 2668.3500 2668.8200 2669.2400 2669.9300 2670.6800 2671.7300 2672.8000 2673.9300 2674.5800 2675.1100 2675.6800 2676.4900 2677.9100 2679.3900 2680.5900 2681.2500 2681.8000 2682.7000 2683.3900 2684.5800 2647.5000 2635.7000 2626.0000 2620.7000 2620.0000 2623.0000 2627.3000 2630.7000 2635.7000 2637.3000 2627.0000 2618.8000 2617.9000 2614.5000 2608.0000 2593.6000 2581.5000 2569.1000 2555.8000 2539.8000 2523.5000 2506.5000 2487.4000
2686.6700 2685.6200 2684.3700 2683.1500 2681.7600 2680.4200 2679.1000 2677.9500 2677.0200 2676.3100 2675.7400 2675.1000 2674.5400 2674.1500 2673.8300 2673.0700 2672.7100 2673.3900 2674.3900 2674.8000 2675.2500 2676.2200 2677.3000 2678.4500 2679.6700 2681.0900 2682.5200 2684.0600 2685.4600 2687.0500 2688.4400 2689.9200 2689.8600 2689.1800 2688.2500 2686.9400 2659.3000 2647.3000 2637.8000 2635.4000 2634.8000 2637.7000 2635.5000 2638.3000 2642.8000 2643.4000 2640.1000 2630.6000 2629.3000 2627.0000 2623.9000 2613.8000 2599.6000 2581.1000 2563.9000 2548.4000 2534.2000 2522.8000 2509.3000 2492.1000
2688.6300 2687.5700 2686.3400 2685.0000 2683.4800 2681.8700 2680.3800 2678.9200 2677.9800 2677.3700 2677.2300 2677.0300 2677.0500 2677.3200 2677.6600 2677.0100 2676.8800 2677.9500 2679.6600 2680.1000 2680.7800 2681.9500 2683.3000 2684.4700 2685.8800 2688.1000 2690.5400 2692.7900 2694.8700 2696.6000 2698.0800 2699.6200 2698.3400 2696.1800 2693.3000 2672.3000 2660.3000 2655.0000 2649.9000 2648.1000 2647.9000 2649.8000 2646.5000 2649.3000 2648.9000 2644.6000 2640.9000 2640.3000 2640.2000 2636.2000 2627.8000 2617.9000 2604.5000 2588.3000 2570.7000 2550.4000 2534.4000 2518.2000 2505.5000 2480.0000
2690.5300 2689.5800 2688.3300 2686.9800 2685.2000 2683.4300 2681.5600 2679.8800 2678.6700 2678.3900 2678.5000 2678.6500 2678.7500 2679.0600 2679.2200 2678.9700 2678.9600 2679.6300 2681.0500 2683.4100 2686.0100 2688.0200 2690.0100 2692.2100 2694.5500 2696.6400 2698.8100 2701.3700 2703.8000 2706.1200 2707.3300 2707.3800 2705.5600 2702.5500 2690.8000 2676.1000 2670.5000 2668.3000 2664.6000 2663.5000 2663.3000 2660.7000 2657.3000 2654.8000 2650.7000 2647.8000 2644.9000 2645.5000 2645.1000 2638.9000 2630.3000 2619.7000 2604.0000 2591.4000 2575.7000 2550.6000 2534.4000 2515.0000 2500.7000 2475.7000
2693.3500 2692.5000 2691.2900 2689.8000 2687.8900 2685.7400 2683.6900 2681.4700 2680.2700 2680.0400 2680.6700 2680.8400 2681.0600 2680.9600 2681.0700 2681.0800 2681.7400 2681.9500 2683.3700 2687.2700 2691.5800 2694.4500 2696.7800 2699.3000 2702.1100 2704.1800 2706.7800 2709.6500 2712.4100 2715.2400 2715.6300 2714.3600 2711.7700 2714.1000 2699.2000 2687.7000 2682.7000 2680.8000 2679.2000 2680.7000 2680.3000 2672.5000 2662.3000 2657.5000 2654.7000 2651.8000 2648.9000 2649.1000 2652.7000 2647.8000 2638.7000 2624.3000 2611.3000 2601.4000 2576.7000 2569.9000 2537.7000 2516.5000 2501.4000 2490.3000
2697.3700 2696.3000 2694.7800 2693.0500 2690.7900 2688.4000 2685.8200 2683.1600 2681.3700 2681.9100 2683.0600 2683.5700 2683.5700 2683.3900 2683.1900 2684.4300 2686.0600 2687.8700 2690.1800 2694.2700 2698.4400 2702.2000 2704.5200 2703.0100 2702.0300 2706.8600 2712.6700 2716.8400 2720.0500 2723.1100 2723.1900 2720.4700 2737.9000 2723.5000 2711.8000 2702.7000 2694.0000 2691.9000 2695.8000 2694.3000 2691.1000 2680.4000 2671.1000 2660.0000 2657.3000 2654.9000 2652.7000 2655.4000 2659.2000 2655.6000 2646.5000 2636.3000 2624.5000 2607.7000 2600.0000 2577.8000 2545.3000 2523.0000 2506.4000 2488.4000
2701.3600 2700.4400 2698.8400 2697.1900 2694.9100 2692.3500 2689.8400 2686.7500 2685.0700 2685.8400 2687.7000 2688.2800 2688.7300 2688.2900 2688.4500 2690.2600 2692.9600 2695.9400 2699.0400 2701.5300 2704.4000 2708.2800 2711.5300 2706.9200 2703.9500 2711.6500 2720.9700 2725.7200 2728.1300 2730.9000 2731.2000 2763.5000 2751.8000 2737.2000 2725.2000 2717.8000 2708.8000 2704.2000 2706.6000 2705.7000 2701.0000 2690.7000 2681.9000 2670.8000 2663.9000 2659.2000 2657.6000 2657.4000 2660.0000 2662.1000 2653.2000 2643.8000 2634.0000 2629.3000 2608.6000 2575.0000 2573.4000 2526.0000 2496.2000 2480.0000
2704.2500 2704.1500 2703.5600 2702.1000 2700.0100 2697.6000 2695.1200 2692.9500 2691.7300 2692.4900 2693.8900 2694.7000 2694.9900 2695.2000 2695.4700 2698.1500 2700.8800 2703.8800 2705.2600 2703.8100 2702.6300 2707.0100 2711.8900 2712.2900 2714.0300 2723.7200 2734.7700 2740.2400 2736.9900 2733.5900 2788.0000 2778.3000 2764.4000 2753.0000 2740.1000 2731.0000 2722.4000 2715.9000 2715.3000 2713.5000 2708.2000 2701.4000 2692.3000 2683.0000 2676.5000 2669.9000 2666.3000 2664.5000 2665.3000 2662.5000 2654.6000 2646.8000 2642.0000 2640.3000 2604.2000 2611.4000 2574.0000 2532.8000 2504.8000 2480.0000
2705.7200 2706.5100 2706.8900 2706.1500 2704.7900 2702.9900 2701.2500 2700.3000 2700.0300 2699.8000 2700.9300 2702.0300 2703.8500 2705.1100 2706.1100 2708.1600 2710.6200 2713.4300 2714.7200 2709.1800 2704.6400 2708.7600 2716.3900 2721.9400 2729.1900 2739.3500 2751.5700 2760.3000 2755.1800 2803.5000 2803.1000 2795.6000 2777.5000 2769.3000 2756.0000 2743.7000 2733.3000 2725.9000 2723.9000 2720.1000 2716.9000 2709.9000 2702.3000 2693.1000 2687.1000 2681.7000 2674.5000 2673.6000 2669.8000 2661.1000 2655.6000 2651.1000 2651.8000 2651.1000 2642.1000 2609.8000 2573.1000 2533.8000 2502.0000 2481.1000
2706.0000 2706.5100 2706.8800 2707.2300 2707.1500 2706.7100 2706.1100 2707.0700 2707.1600 2703.4800 2701.1500 2705.8200 2711.9400 2717.0800 2719.2700 2715.8500 2713.1800 2721.8800 2729.0000 2722.6400 2715.6800 2720.8800 2730.0400 2738.1000 2746.3200 2754.4500 2762.7800 2770.7100 2803.9000 2828.0000 2820.1000 2812.7000 2801.1000 2783.9000 2770.2000 2756.9000 2745.4000 2735.9000 2732.0000 2727.8000 2724.1000 2719.0000 2709.9000 2702.1000 2695.2000 2687.2000 2679.3000 2675.7000 2672.4000 2663.6000 2659.5000 2656.0000 2659.0000 2661.4000 2641.2000 2610.0000 2568.0000 2525.9000 2518.2000 2493.5000
2706.5700 2706.1500 2706.4100 2707.7700 2709.4900 2710.3200 2711.1200 2713.5200 2714.9900 2708.3200 2704.2800 2712.3600 2722.9400 2730.8800 2734.8300 2726.6700 2719.8400 2733.5700 2746.8400 2740.3300 2733.0300 2738.2700 2747.8900 2755.5100 2763.4300 2767.6900 2771.2300 2776.4800 2827.1000 2846.0000 2837.8000 2827.9000 2818.9000 2804.3000 2787.3000 2772.1000 2756.2000 2745.4000 2739.9000 2735.1000 2728.9000 2723.2000 2714.7000 2704.5000 2695.6000 2687.6000 2680.4000 2677.1000 2674.0000 2667.2000 2664.2000 2661.9000 2663.8000 2663.1000 2640.5000 2603.7000 2562.9000 2560.5000 2532.1000 2501.0000
2706.9000 2705.7700 2705.2000 2708.4000 2711.6400 2713.1300 2713.8400 2717.0200 2719.1000 2716.5800 2716.1100 2725.3800 2736.1700 2743.4800 2746.4600 2742.3800 2739.5400 2749.8800 2759.6900 2756.5100 2751.6800 2755.0600 2761.4400 2767.4700 2773.0300 2776.4300 2779.0200 2782.6300 2850.4000 2863.6000 2854.7000 2843.8000 2831.7000 2817.3000 2804.0000 2784.1000 2768.0000 2756.9000 2747.9000 2739.8000 2736.0000 2725.4000 2715.3000 2705.6000 2697.8000 2690.8000 2683.9000 2678.6000 2675.4000 2671.4000 2670.7000 2669.5000 2668.8000 2661.6000 2635.0000 2590.5000 2588.3000 2572.1000 2538.9000 2515.4000
2712.0000 2709.7400 2709.3700 2713.5800 2718.7200 2720.1000 2721.0300 2723.9800 2727.4200 2729.1400 2733.0200 2741.8700 2751.1300 2755.9200 2757.8900 2759.0400 2760.8400 2766.5300 2771.6500 2771.4200 2770.1800 2771.5000 2774.8700 2778.3100 2781.4900 2784.4300 2785.6800 2787.2600 2881.1000 2884.5000 2872.2000 2858.0000 2843.6000 2829.7000 2810.7000 2792.5000 2775.6000 2762.2000 2754.4000 2747.2000 2738.3000 2725.4000 2718.5000 2710.0000 2701.4000 2694.2000 2687.9000 2681.7000 2678.6000 2677.0000 2676.5000 2673.6000 2662.0000 2647.4000 2620.0000 2616.9000 2602.9000 2573.4000 2552.3000 2522.9000
2719.3500 2718.3200 2718.7100 2724.4400 2730.4600 2732.6600 2733.9200 2737.9000 2742.3200 2745.9400 2750.3200 2757.1200 2763.3800 2766.3600 2767.8700 2770.4500 2773.5400 2777.8300 2781.5700 2783.1400 2784.0400 2785.7200 2788.5000 2791.5500 2794.3900 2796.1400 2794.7400 2863.7000 2908.0000 2904.1000 2885.2000 2868.9000 2852.9000 2832.3000 2810.6000 2793.3000 2778.8000 2768.8000 2759.1000 2748.2000 2737.9000 2728.8000 2720.8000 2712.7000 2706.5000 2699.0000 2693.5000 2688.5000 2685.2000 2683.5000 2679.5000 2673.1000 2664.3000 2647.5000 2642.2000 2629.5000 2601.3000 2582.7000 2549.9000 2519.8000
2731.4800 2731.2000 2732.8100 2738.8200 2745.6300 2747.8800 2749.8100 2754.1100 2759.1100 2763.1600 2767.4100 2771.5600 2775.1400 2776.9000 2778.0400 2781.4200 2785.1600 2788.5500 2791.5700 2794.5700 2796.9500 2799.3100 2802.2500 2805.5200 2809.0900 2812.2700 2809.3300 2891.9000 2929.3000 2913.9000 2894.7000 2875.4000 2850.0000 2824.6000 2807.0000 2791.2000 2778.5000 2769.9000 2761.4000 2749.9000 2740.5000 2733.0000 2725.3000 2718.1000 2710.6000 2705.1000 2700.6000 2695.3000 2692.6000 2686.4000 2681.0000 2673.0000 2665.9000 2663.2000 2654.8000 2629.8000 2603.1000 2576.9000 2550.4000 2518.9000
2745.4600 2745.8600 2747.6400 2752.3200 2757.6300 2760.3200 2762.7700 2766.8700 2771.3800 2775.4600 2779.5400 2783.2100 2786.7600 2789.6400 2792.3000 2795.5600 2798.9500 2802.6700 2806.0600 2808.9500 2811.2300 2814.2500 2816.1400 2818.2000 2822.5300 2812.4000 2865.9000 2930.4000 2938.8000 2917.9000 2899.3000 2876.7000 2851.0000 2826.2000 2807.6000 2793.0000 2780.9000 2772.3000 2764.2000 2756.4000 2748.1000 2739.5000 2730.7000 2724.1000 2719.5000 2712.4000 2707.8000 2700.4000 2693.9000 2687.7000 2682.2000 2678.3000 2675.0000 2672.3000 2666.0000 2631.0000 2622.8000 2592.0000 2553.7000 2534.8000
2758.9300 2759.4500 2761.3000 2764.0600 2768.0900 2771.3300 2774.6700 2778.4300 2782.2400 2785.9100 2789.6600 2793.6300 2797.8300 2802.7300 2807.3100 2810.4500 2813.3600 2817.8700 2822.0800 2824.5200 2826.0300 2828.4400 2826.8000 2826.7000 2829.6000 2846.4000 2899.4000 2938.4000 2943.1000 2918.6000 2897.6000 2873.3000 2852.0000 2830.0000 2810.6000 2795.4000 2785.3000 2777.7000 2771.8000 2763.7000 2754.7000 2743.4000 2737.2000 2733.1000 2727.1000 2718.3000 2709.4000 2700.4000 2693.9000 2690.0000 2684.9000 2678.8000 2671.1000 2666.2000 2655.8000 2644.6000 2622.4000 2600.0000 2581.8000 2535.2000
2770.0900 2769.2500 2769.6200 2772.3300 2777.0400 2781.8700 2786.8300 2790.6400 2794.1500 2797.4700 2801.2300 2805.1500 2809.8500 2815.1400 2820.1300 2823.6000 2826.6200 2831.5500 2836.6400 2838.8700 2840.2500 2838.5800 2835.0200 2824.5000 2834.9000 2882.1000 2926.2000 2962.8000 2943.8000 2918.6000 2896.7000 2874.5000 2846.0000 2828.0000 2811.7000 2799.5000 2791.9000 2785.7000 2777.4000 2766.6000 2755.5000 2750.0000 2745.0000 2741.3000 2732.3000 2720.7000 2711.1000 2702.9000 2697.6000 2690.4000 2678.2000 2667.4000 2662.1000 2646.0000 2630.8000 2621.4000 2614.8000 2607.1000 2582.2000 2538.4000
2777.5200 2775.9600 2775.6000 2779.0000 2784.8200 2791.6100 2798.1800 2802.5700 2805.5000 2808.4100 2811.6300 2815.7100 2821.0800 2826.6200 2832.2300 2836.5500 2840.2600 2844.8400 2849.0300 2850.5600 2851.1700 2839.0000 2845.4000 2846.4000 2857.0000 2899.4000 2961.7000 2964.9000 2945.4000 2918.5000 2895.8000 2873.5000 2849.0000 2833.4000 2819.9000 2808.0000 2801.0000 2790.0000 2778.8000 2769.2000 2762.6000 2757.7000 2751.6000 2744.0000 2734.6000 2724.8000 2717.4000 2707.1000 2694.4000 2679.5000 2662.2000 2650.8000 2639.5000 2627.0000 2607.9000 2597.5000 2588.3000 2579.6000 2565.0000 2546.5000
2781.5800 2782.5600 2784.5300 2788.1600 2794.1000 2802.1500 2810.1800 2815.4200 2818.6300 2818.8800 2819.7500 2824.0600 2830.2200 2836.1800 2842.4400 2849.1800 2856.0000 2862.0900 2863.1400 2861.8800 2859.2500 2886.6000 2875.8000 2872.9000 2889.6000 2910.4000 2956.0000 2968.3000 2948.9000 2923.8000 2900.3000 2876.9000 2857.9000 2841.0000 2828.5000 2816.6000 2805.7000 2794.0000 2781.7000 2774.2000 2769.0000 2761.6000 2752.1000 2743.5000 2737.4000 2726.0000 2716.7000 2704.3000 2689.4000 2669.2000 2648.2000 2634.5000 2623.0000 2610.2000 2594.5000 2579.9000 2567.5000 2558.5000 2545.2000 2535.8000
2784.7600 2788.7200 2793.5800 2797.6100 2803.1300 2811.8700 2820.2500 2826.3000 2829.8400 2828.3200 2827.7400 2832.9100 2840.6100 2847.0200 2854.0100 2863.1600 2873.2300 2881.3300 2878.0800 2873.5300 2922.8000 2926.3000 2913.4000 2908.3000 2931.3000 2956.3000 2991.8000 2972.3000 2951.5000 2929.6000 2907.0000 2883.7000 2866.4000 2851.1000 2835.3000 2821.4000 2809.3000 2797.9000 2787.9000 2779.6000 2770.7000 2761.9000 2755.9000 2749.3000 2740.1000 2727.9000 2716.5000 2702.9000 2687.8000 2660.6000 2633.3000 2618.9000 2609.2000 2596.5000 2583.8000 2567.9000 2552.5000 2541.6000 2528.4000 2515.2000
2791.6100 2797.2300 2803.3900 2808.0700 2813.5400 2820.6300 2827.6800 2832.7500 2836.3200 2836.7700 2838.7500 2845.7200 2854.9300 2862.8400 2871.0200 2880.7200 2888.8400 2896.1500 2940.0000 2953.0000 2955.6000 2961.2000 2946.4000 2938.8000 2966.8000 2998.6000 3002.5000 2980.2000 2956.7000 2939.4000 2920.1000 2899.4000 2880.4000 2858.7000 2841.8000 2827.2000 2814.5000 2803.4000 2793.8000 2784.8000 2776.3000 2769.1000 2761.8000 2751.9000 2740.3000 2727.3000 2710.2000 2695.8000 2680.9000 2651.4000 2624.1000 2604.3000 2594.2000 2584.2000 2571.6000 2556.5000 2541.6000 2528.4000 2515.4000 2497.3000
2800.1300 2806.0600 2812.5200 2817.3900 2822.5500 2828.0000 2833.2700 2837.6600 2841.6000 2845.0300 2850.5500 2859.3800 2870.4100 2879.7500 2889.5500 2899.0900 2903.8100 2907.1000 2970.1000 2982.5000 2991.2000 2991.2000 2984.1000 2973.7000 3000.3000 3020.2000 3004.6000 2984.1000 2966.8000 2948.5000 2932.9000 2912.4000 2887.3000 2866.7000 2849.3000 2834.6000 2821.4000 2810.5000 2800.2000 2791.7000 2782.1000 2773.6000 2765.0000 2753.9000 2740.4000 2726.5000 2703.8000 2684.9000 2661.8000 2637.2000 2617.4000 2598.2000 2586.8000 2573.5000 2560.4000 2544.3000 2530.4000 2516.8000 2501.4000 2484.4000
2809.2900 2814.3900 2819.9900 2824.4100 2829.2800 2834.2600 2839.7800 2845.1800 2850.8800 2855.4400 2861.9500 2871.8600 2883.4100 2893.5800 2903.6400 2912.9800 2917.4400 2970.2000 2997.2000 3009.7000 3018.9000 3024.3000 3019.2000 3007.3000 3006.8000 3023.1000 3015.3000 3001.5000 2985.4000 2967.1000 2944.2000 2918.2000 2894.2000 2876.3000 2860.6000 2847.6000 2832.4000 2819.5000 2809.2000 2799.3000 2788.8000 2778.3000 2767.8000 2754.1000 2740.7000 2723.2000 2704.2000 2667.9000 2641.3000 2624.0000 2606.9000 2593.7000 2579.1000 2565.5000 2550.7000 2534.6000 2518.6000 2503.8000 2490.1000 2474.7000
