data/gries/surface-2007.grid
NCOLS       257
NROWS       241
XLLCORNER          666587.50
YLLCORNER          140987.50
CELLSIZE           25.000000
NODATA_VALUE   -9999
[rows 116 to 144 of 241, columns 67 to 133 of 257]
2771.27 2764.36 2755.55 2750.65 2747.58 2747.17 2744.43 2739.74 2733.75 2728.74 2722.95 2713.27 2709.74 2704.92 2701.25 2697.94 2693.51 2687.37 2683.00 2677.30 2671.86 2666.35 2660.23 2653.52 2647.06 2641.01 2631.59 2623.65 2617.62 2617.97 2617.79 2619.85 2624.94 2630.40 2633.28 2635.78 2636.32 2635.87 2635.17 2635.85 2634.82 2634.12 2633.85 2633.61 2633.41 2631.21 2628.49 2624.94 2621.43 2617.29 2611.79 2610.52 2623.23 2637.63 2643.40 2644.65 2645.42 2641.07 2641.22 2648.00 2658.90 2665.76 2671.01 2671.71 2675.42 2679.79 2680.41
2769.58 2764.42 2758.08 2750.60 2744.34 2742.21 2739.37 2734.43 2723.61 2719.65 2716.07 2711.61 2709.13 2705.67 2703.77 2700.54 2695.41 2690.49 2685.58 2680.68 2675.38 2669.40 2662.81 2656.46 2651.16 2645.47 2639.37 2634.07 2628.44 2624.78 2622.67 2625.06 2631.15 2635.95 2638.60 2640.81 2640.31 2639.12 2639.70 2640.27 2639.64 2639.95 2640.67 2641.09 2640.61 2639.49 2635.75 2631.86 2626.26 2620.96 2618.48 2622.76 2642.27 2650.32 2653.82 2655.71 2649.86 2653.54 2661.10 2668.46 2678.93 2684.99 2686.52 2688.00 2694.47 2698.40 2699.56
2767.39 2763.72 2757.97 2751.85 2744.54 2737.71 2729.88 2724.78 2721.51 2720.34 2717.72 2714.90 2711.75 2709.93 2706.79 2702.48 2697.36 2693.48 2688.95 2684.52 2679.71 2673.01 2666.28 2661.61 2656.55 2651.41 2649.89 2643.92 2637.15 2635.78 2635.80 2626.23 2636.42 2641.65 2643.78 2645.19 2644.89 2642.74 2644.33 2644.64 2644.80 2646.09 2647.46 2648.43 2648.93 2647.50 2644.37 2640.31 2634.36 2627.10 2630.57 2638.38 2656.88 2657.90 2657.33 2658.93 2663.75 2672.48 2681.28 2690.42 2696.06 2696.84 2699.98 2702.46 2706.40 2710.49 2717.27
2766.25 2762.04 2757.63 2752.33 2746.26 2740.27 2734.75 2728.74 2726.79 2723.74 2720.40 2717.84 2715.39 2712.40 2709.36 2705.31 2701.29 2697.36 2693.84 2689.60 2684.93 2679.11 2673.77 2670.77 2667.08 2664.09 2665.54 2660.35 2655.10 2653.45 2654.66 2642.57 2641.31 2647.30 2649.15 2650.06 2649.15 2647.10 2648.78 2649.55 2650.25 2651.92 2654.15 2655.86 2656.50 2656.11 2653.60 2648.46 2638.97 2642.51 2652.21 2658.71 2665.21 2665.22 2669.98 2671.26 2676.19 2689.77 2702.25 2707.60 2710.04 2712.62 2713.61 2716.97 2719.29 2724.53 2728.36
2766.17 2761.98 2756.86 2751.97 2746.85 2742.67 2738.02 2733.23 2729.52 2726.21 2723.28 2720.82 2718.55 2715.28 2712.62 2709.50 2706.31 2702.49 2699.83 2696.99 2690.70 2687.41 2686.94 2687.96 2683.62 2685.77 2686.57 2685.87 2685.25 2678.90 2672.43 2658.83 2651.41 2653.73 2653.91 2654.76 2653.93 2651.70 2653.22 2654.73 2655.39 2656.88 2659.76 2662.70 2663.90 2664.81 2660.69 2653.04 2648.22 2655.37 2663.75 2665.51 2670.88 2682.31 2687.48 2688.97 2692.14 2702.51 2713.38 2717.31 2721.53 2723.79 2726.81 2728.80 2731.39 2736.46 2740.03
2766.77 2761.84 2757.83 2753.42 2748.99 2744.47 2739.77 2735.21 2731.76 2728.77 2726.13 2724.15 2722.07 2720.09 2717.52 2715.27 2712.83 2709.55 2708.77 2706.48 2701.95 2706.73 2715.74 2711.34 2704.44 2706.21 2709.59 2710.51 2710.54 2704.01 2679.55 2659.88 2659.31 2659.56 2659.14 2659.54 2658.50 2656.34 2658.30 2660.02 2661.19 2662.76 2665.23 2668.00 2670.07 2670.33 2666.70 2663.55 2662.98 2667.18 2670.95 2675.56 2685.54 2693.52 2697.86 2699.95 2705.54 2715.48 2723.36 2729.30 2732.31 2737.08 2737.81 2739.07 2741.77 2745.34 2747.38
2769.26 2764.32 2759.69 2754.94 2750.84 2745.96 2741.26 2737.68 2734.47 2731.63 2729.78 2728.55 2727.45 2725.33 2724.27 2723.43 2721.89 2721.81 2722.46 2719.86 2725.85 2730.19 2732.64 2735.90 2737.80 2735.22 2729.16 2724.94 2721.28 2699.55 2675.03 2666.53 2665.10 2664.29 2663.80 2665.60 2664.08 2662.48 2664.79 2666.01 2666.87 2668.08 2670.37 2672.83 2675.09 2676.98 2677.10 2675.41 2677.81 2675.74 2679.70 2688.19 2696.90 2703.89 2707.20 2709.71 2714.11 2723.76 2731.53 2736.91 2741.62 2746.53 2746.29 2747.25 2748.78 2753.57 2761.78
2772.61 2767.34 2762.76 2758.25 2753.87 2748.98 2744.49 2741.11 2738.12 2736.38 2735.16 2734.51 2734.00 2733.63 2733.60 2732.22 2734.81 2738.27 2745.01 2740.84 2741.77 2743.43 2747.34 2754.90 2756.14 2755.59 2747.05 2736.48 2719.96 2699.54 2688.14 2675.83 2669.77 2669.06 2670.18 2672.95 2671.93 2670.41 2672.58 2674.04 2673.75 2673.52 2674.91 2677.30 2679.28 2681.51 2682.59 2683.31 2682.02 2680.82 2682.02 2694.78 2703.31 2711.74 2716.90 2719.99 2725.86 2732.33 2736.91 2740.42 2745.56 2754.34 2753.97 2755.49 2761.90 2770.02 2783.85
2776.68 2771.38 2766.79 2762.22 2757.56 2753.09 2749.44 2746.44 2743.93 2742.65 2742.73 2741.86 2741.99 2739.31 2743.99 2750.37 2765.10 2775.80 2772.60 2761.61 2754.49 2755.77 2756.36 2761.03 2771.66 2767.58 2754.12 2742.55 2730.67 2718.92 2711.19 2687.07 2675.71 2679.75 2682.28 2685.00 2683.77 2681.25 2682.25 2683.23 2681.23 2679.45 2679.80 2681.25 2683.40 2686.31 2687.09 2687.52 2687.05 2685.35 2688.82 2703.73 2705.70 2712.08 2724.94 2729.34 2732.43 2733.58 2738.72 2743.76 2747.88 2756.16 2760.75 2766.29 2776.11 2790.60 2813.06
2781.15 2776.01 2771.30 2767.09 2762.81 2759.62 2756.12 2753.15 2751.33 2750.99 2751.27 2752.13 2752.96 2754.35 2765.35 2781.42 2791.65 2793.79 2785.16 2774.66 2776.20 2772.49 2768.14 2768.16 2773.05 2766.28 2758.73 2752.97 2747.15 2739.14 2736.46 2718.00 2692.02 2693.66 2698.96 2705.28 2701.05 2696.67 2695.44 2692.99 2689.28 2685.88 2684.95 2685.44 2687.66 2690.20 2691.33 2691.76 2692.44 2691.02 2693.39 2711.41 2716.97 2713.83 2718.95 2729.26 2734.24 2736.86 2741.34 2745.37 2749.88 2758.28 2767.05 2779.04 2787.14 2806.95 2822.43
2786.14 2781.31 2777.32 2773.74 2769.71 2766.69 2763.80 2761.98 2760.84 2760.82 2761.70 2763.04 2764.66 2770.01 2782.69 2796.27 2804.41 2803.12 2797.09 2792.53 2790.85 2785.56 2779.47 2775.14 2773.88 2770.36 2770.43 2767.91 2763.48 2758.35 2753.80 2738.71 2719.39 2714.61 2719.47 2726.67 2721.75 2714.55 2710.94 2704.81 2696.99 2692.42 2691.42 2691.49 2692.70 2695.37 2696.75 2697.10 2697.99 2698.36 2697.90 2713.76 2722.97 2722.35 2723.65 2727.74 2733.93 2736.85 2743.43 2748.86 2756.03 2764.64 2775.02 2783.16 2796.08 2818.12 2834.03
2792.13 2787.81 2784.46 2781.27 2778.00 2775.78 2773.71 2772.35 2771.71 2772.41 2773.30 2774.86 2777.25 2786.16 2795.76 2803.39 2809.35 2811.61 2808.07 2803.76 2797.29 2791.50 2788.22 2786.74 2785.11 2784.83 2784.48 2782.61 2779.56 2774.19 2766.26 2758.11 2749.83 2742.86 2744.22 2746.29 2737.76 2736.91 2733.30 2716.35 2704.96 2700.96 2699.16 2697.84 2698.75 2701.96 2703.27 2703.44 2704.71 2704.01 2705.03 2716.95 2724.36 2724.43 2726.77 2730.78 2737.58 2750.39 2753.70 2760.25 2763.69 2772.37 2783.18 2793.19 2804.44 2828.71 2844.68
2798.84 2795.27 2792.36 2789.57 2787.28 2785.51 2783.96 2783.35 2783.42 2784.45 2785.82 2788.04 2790.73 2800.45 2810.76 2816.87 2820.59 2818.03 2810.27 2806.36 2803.09 2800.51 2798.83 2797.60 2796.64 2797.03 2797.10 2795.38 2792.36 2786.39 2779.35 2772.50 2766.75 2761.91 2761.21 2759.07 2754.28 2750.85 2744.42 2731.48 2718.42 2713.02 2708.42 2706.36 2706.91 2708.78 2710.94 2711.41 2710.20 2710.90 2713.49 2720.43 2725.73 2729.14 2734.94 2738.72 2745.89 2755.58 2763.46 2771.03 2771.89 2782.69 2791.69 2804.56 2816.26 2838.05 2848.60
2806.39 2803.42 2801.22 2798.97 2797.00 2795.90 2794.80 2795.23 2795.92 2796.85 2798.23 2800.88 2803.51 2811.71 2823.80 2829.35 2826.72 2818.16 2814.16 2813.74 2812.03 2810.28 2808.95 2808.24 2808.04 2808.44 2807.31 2805.63 2801.85 2794.99 2789.07 2786.17 2783.81 2778.32 2777.68 2772.67 2769.85 2762.44 2749.41 2739.81 2731.00 2724.56 2719.79 2717.16 2715.81 2716.43 2717.00 2717.42 2717.76 2718.76 2722.36 2727.45 2730.47 2737.76 2743.04 2748.50 2754.00 2758.50 2767.89 2779.88 2789.85 2795.75 2800.61 2813.29 2826.66 2841.28 2855.43
2814.35 2812.68 2811.09 2809.51 2808.14 2808.05 2806.88 2807.82 2808.01 2809.37 2810.96 2813.38 2817.07 2821.60 2828.52 2830.12 2826.10 2825.06 2824.59 2823.40 2822.03 2820.45 2819.21 2818.52 2818.52 2818.40 2817.13 2814.86 2809.23 2803.98 2799.15 2796.88 2795.52 2791.11 2787.39 2782.56 2777.29 2771.13 2762.04 2749.62 2741.64 2735.39 2732.44 2728.31 2725.72 2724.33 2724.05 2723.62 2724.48 2726.14 2730.30 2734.61 2739.32 2744.49 2750.09 2754.64 2760.25 2765.98 2776.19 2789.30 2796.90 2803.89 2810.55 2821.30 2834.87 2851.24 2863.74
2824.66 2823.22 2822.07 2820.80 2820.67 2820.36 2820.38 2820.50 2821.24 2822.51 2824.23 2826.58 2829.52 2832.23 2833.80 2834.43 2835.56 2834.83 2833.85 2832.98 2831.53 2829.96 2828.62 2828.71 2828.36 2827.05 2825.31 2821.66 2815.25 2811.51 2807.49 2803.83 2799.49 2796.11 2791.84 2788.19 2783.60 2777.95 2770.61 2762.76 2753.43 2746.75 2741.08 2737.09 2734.92 2732.14 2730.55 2730.22 2730.22 2731.54 2735.51 2740.35 2744.99 2751.18 2755.30 2760.97 2765.77 2774.94 2787.03 2797.64 2805.82 2813.50 2819.59 2829.09 2841.64 2857.61 2872.47
2835.45 2834.69 2833.80 2834.16 2833.90 2833.66 2833.82 2834.19 2834.79 2835.92 2837.60 2839.19 2841.39 2842.97 2844.40 2844.95 2844.81 2844.25 2843.27 2841.94 2840.52 2839.11 2838.06 2837.54 2836.36 2834.04 2831.93 2827.40 2822.90 2818.39 2812.88 2808.03 2802.70 2798.58 2794.92 2792.56 2788.43 2783.16 2779.86 2772.48 2763.30 2756.29 2752.26 2747.69 2743.47 2739.68 2736.71 2735.30 2734.20 2737.27 2740.64 2744.95 2750.32 2755.05 2760.49 2766.12 2773.16 2784.86 2793.18 2804.65 2814.71 2828.78 2831.68 2841.71 2852.36 2863.51 2875.89
2848.10 2847.04 2846.82 2847.75 2846.88 2846.53 2846.49 2847.62 2848.23 2849.16 2849.57 2851.39 2852.58 2853.79 2854.46 2854.35 2854.15 2853.53 2852.40 2850.85 2848.98 2847.74 2846.45 2845.86 2843.40 2840.85 2837.72 2833.80 2829.36 2822.74 2816.82 2811.28 2806.18 2801.79 2799.21 2796.90 2794.81 2791.43 2786.93 2778.37 2771.26 2764.96 2760.65 2755.96 2750.87 2746.16 2743.24 2741.88 2740.73 2742.74 2745.84 2750.81 2756.44 2761.03 2765.51 2771.81 2779.75 2794.20 2805.29 2816.62 2825.27 2841.29 2846.39 2857.89 2863.53 2875.94 2888.44
2861.38 2861.17 2861.78 2861.07 2860.10 2859.78 2860.40 2860.41 2860.46 2861.20 2861.95 2862.59 2862.99 2863.82 2863.99 2863.31 2863.26 2862.17 2860.88 2858.90 2857.39 2855.70 2853.89 2851.87 2849.91 2847.06 2842.90 2838.51 2833.39 2826.90 2820.71 2814.94 2809.79 2807.18 2805.85 2804.00 2801.34 2797.54 2791.60 2784.14 2776.53 2770.36 2766.65 2762.87 2756.47 2753.04 2751.18 2748.41 2747.78 2749.17 2752.82 2757.70 2762.53 2767.12 2772.00 2777.22 2786.63 2804.16 2814.75 2823.40 2830.71 2846.18 2852.86 2862.43 2871.86 2886.30 2909.27
2876.05 2874.43 2875.76 2875.32 2873.35 2872.29 2871.52 2871.42 2871.53 2872.08 2872.82 2872.90 2872.69 2873.22 2872.73 2872.20 2871.45 2870.50 2868.64 2866.77 2865.25 2863.90 2861.46 2859.14 2855.96 2851.93 2847.24 2842.30 2837.03 2830.97 2825.80 2820.49 2816.40 2814.12 2812.53 2810.67 2808.22 2803.63 2797.42 2788.79 2781.12 2774.55 2769.19 2766.20 2761.93 2759.45 2758.17 2756.14 2755.52 2757.53 2760.88 2765.25 2769.38 2773.60 2777.40 2783.57 2790.28 2803.60 2815.71 2825.54 2834.26 2846.76 2858.90 2869.87 2883.14 2895.42 2929.27
2891.53 2890.59 2891.88 2887.46 2883.66 2882.18 2881.47 2881.48 2881.49 2882.03 2882.37 2881.91 2881.87 2881.47 2880.49 2879.86 2878.37 2876.95 2875.14 2874.02 2872.15 2870.08 2867.26 2864.62 2860.12 2855.65 2850.96 2845.63 2840.93 2836.32 2831.92 2827.07 2823.62 2820.75 2818.60 2816.39 2813.98 2806.35 2799.49 2792.22 2787.07 2780.15 2773.97 2770.04 2767.41 2766.17 2764.39 2763.50 2763.92 2765.77 2769.74 2772.70 2776.11 2779.12 2783.95 2789.93 2796.76 2805.95 2820.89 2833.82 2847.44 2854.35 2869.65 2877.81 2889.60 2914.91 2948.41
2900.58 2899.64 2899.31 2895.31 2893.94 2891.86 2891.14 2891.15 2891.04 2890.40 2890.24 2890.00 2889.03 2888.64 2887.43 2886.08 2884.44 2883.08 2881.03 2879.46 2877.62 2875.07 2871.45 2867.82 2863.49 2859.43 2855.15 2850.07 2845.51 2841.40 2836.88 2832.33 2830.10 2827.21 2825.25 2821.92 2819.71 2815.37 2806.51 2800.04 2792.87 2785.73 2780.27 2775.92 2773.13 2771.79 2771.52 2770.54 2773.17 2775.59 2778.16 2779.32 2782.54 2785.86 2790.00 2797.36 2804.82 2815.68 2828.47 2844.85 2858.20 2866.25 2877.79 2890.95 2903.45 2955.79 2984.95
2908.17 2908.49 2908.96 2907.15 2903.52 2903.65 2903.32 2900.52 2898.14 2897.93 2897.69 2896.65 2895.57 2894.16 2892.95 2891.18 2889.68 2887.48 2886.05 2883.69 2881.49 2878.28 2875.03 2871.38 2867.13 2863.23 2859.18 2854.27 2850.16 2846.80 2842.89 2840.21 2837.46 2834.19 2831.26 2828.10 2825.33 2821.05 2814.44 2807.59 2797.85 2789.70 2786.23 2783.26 2780.55 2778.11 2777.29 2779.15 2780.48 2782.33 2784.67 2787.42 2790.13 2794.51 2799.35 2805.78 2814.58 2825.33 2838.20 2853.68 2870.69 2884.04 2892.07 2910.16 2945.38 2979.73 3002.88
2919.62 2920.63 2920.34 2916.24 2914.86 2913.64 2911.78 2907.00 2904.44 2904.61 2903.54 2902.27 2900.48 2898.94 2897.42 2895.54 2893.67 2891.59 2889.68 2887.41 2884.79 2881.21 2877.89 2874.33 2870.45 2866.72 2862.34 2857.64 2854.62 2851.48 2848.72 2845.33 2842.70 2840.06 2836.86 2833.00 2825.41 2824.12 2819.44 2811.22 2805.04 2797.31 2794.74 2791.47 2786.83 2784.22 2784.46 2783.93 2786.32 2789.07 2792.41 2795.53 2799.19 2803.69 2808.88 2815.38 2822.04 2835.46 2847.55 2863.10 2880.18 2902.39 2924.62 2940.28 2965.16 2990.92 2963.54
2932.58 2928.89 2926.45 2926.23 2923.49 2917.74 2912.34 2910.48 2910.96 2909.86 2908.01 2906.62 2904.52 2902.78 2901.04 2899.04 2897.03 2894.55 2892.25 2889.78 2886.85 2883.90 2880.52 2877.04 2873.46 2869.83 2865.84 2861.82 2858.70 2855.73 2852.71 2850.31 2847.42 2844.53 2842.73 2839.57 2836.25 2832.96 2822.23 2817.76 2811.00 2804.42 2802.16 2797.09 2795.42 2792.88 2791.03 2790.97 2792.51 2796.22 2800.03 2804.07 2808.58 2813.68 2818.75 2825.51 2832.33 2845.36 2858.44 2873.95 2892.81 2918.81 2944.83 2966.81 2986.25 2960.99 2945.30
2934.52 2932.19 2931.93 2925.47 2920.52 2918.53 2917.49 2916.30 2915.09 2913.71 2911.83 2909.90 2907.79 2905.85 2903.93 2901.70 2899.92 2897.32 2894.94 2892.20 2889.23 2886.36 2883.12 2879.96 2875.89 2872.19 2868.94 2865.30 2862.14 2859.61 2856.85 2854.65 2851.97 2849.43 2846.87 2842.36 2837.53 2833.72 2832.98 2828.19 2818.05 2812.07 2809.63 2807.02 2803.97 2800.82 2799.16 2799.25 2800.94 2804.63 2809.09 2812.08 2817.90 2822.97 2828.59 2834.24 2842.31 2857.90 2872.61 2887.00 2908.36 2935.69 2959.77 2982.56 2953.97 2934.51 2927.61
2934.35 2933.89 2930.58 2924.95 2924.29 2922.19 2921.41 2919.86 2918.51 2916.96 2914.92 2912.99 2910.55 2908.68 2906.41 2904.22 2901.85 2899.51 2896.80 2894.20 2891.37 2888.53 2885.48 2881.80 2878.14 2874.71 2871.28 2867.82 2865.30 2862.66 2860.79 2858.76 2855.93 2852.84 2851.19 2846.74 2841.17 2839.49 2835.50 2828.19 2822.67 2820.48 2817.04 2814.19 2811.65 2809.51 2809.03 2808.91 2811.08 2813.33 2817.64 2821.41 2826.88 2832.47 2838.57 2844.91 2856.14 2874.72 2889.27 2906.60 2930.65 2947.06 2966.65 2932.20 2924.29 2917.72 2911.15
2935.13 2933.18 2931.14 2929.82 2928.17 2926.65 2924.56 2923.03 2921.51 2919.59 2917.68 2915.57 2913.54 2910.92 2908.97 2906.40 2903.79 2901.45 2899.00 2896.00 2893.16 2890.25 2886.97 2883.48 2879.76 2876.38 2873.02 2870.22 2868.10 2865.87 2864.52 2862.13 2859.22 2855.56 2852.54 2849.72 2846.27 2839.84 2834.29 2831.30 2833.24 2830.21 2824.37 2822.41 2820.37 2818.74 2818.91 2818.85 2820.69 2823.64 2827.29 2831.68 2836.56 2842.57 2848.76 2855.93 2866.38 2887.34 2911.55 2928.87 2940.15 2941.59 2923.17 2916.19 2909.23 2900.93 2901.96
2938.37 2936.34 2934.81 2933.05 2931.58 2929.75 2927.58 2926.05 2924.10 2922.17 2919.92 2918.15 2915.58 2913.58 2910.99 2908.66 2906.00 2903.55 2900.86 2897.86 2894.76 2891.69 2888.29 2885.12 2881.52 2878.02 2875.06 2872.66 2870.85 2869.24 2867.41 2864.55 2861.32 2859.14 2857.14 2854.76 2851.47 2848.97 2844.00 2841.63 2838.81 2835.05 2830.38 2830.17 2827.68 2826.44 2827.50 2828.76 2837.00 2841.26 2842.42 2844.44 2847.00 2853.35 2859.13 2865.28 2871.52 2887.09 2911.70 2929.82 2921.07 2914.48 2909.19 2906.09 2883.20 2861.40 2848.20
