data/gries/surface-2007.grid
NCOLS       257
NROWS       241
XLLCORNER          666587.50
YLLCORNER          140987.50
CELLSIZE           25.000000
NODATA_VALUE   -9999
[rows 87 to 115 of 241, columns 0 to 66 of 257]
2355.00 2362.70 2360.60 2369.50 2373.70 2380.50 2385.30 2382.30 2378.40 2375.90 2376.90 2381.80 2387.00 2396.90 2412.70 2429.30 2443.70 2458.70 2472.50 2486.90 2499.10 2510.40 2522.40 2531.00 2543.60 2555.00 2567.20 2579.80 2589.30 2600.40 2611.40 2619.30 2622.90 2628.60 2637.30 2643.30 2644.40 2652.00 2661.20 2674.80 2688.90 2698.10 2708.10 2723.80 2740.80 2750.00 2754.70 2762.90 2772.20 2777.30 2786.80 2801.60 2822.30 2834.10 2832.90 2827.30 2824.50 2826.40 2829.80 2830.80 2830.80 2830.20 2829.40 2829.40 2833.00 2838.60 2854.10
2361.80 2372.40 2373.90 2374.80 2385.60 2384.90 2395.20 2395.60 2389.70 2385.40 2384.40 2390.00 2395.30 2400.60 2425.00 2439.20 2450.30 2459.80 2473.00 2485.10 2497.60 2507.50 2519.10 2534.50 2545.60 2557.00 2571.00 2581.40 2593.00 2605.00 2618.10 2625.00 2629.10 2632.60 2635.00 2639.90 2649.60 2660.60 2667.60 2676.40 2683.60 2690.80 2703.70 2720.70 2734.50 2748.40 2757.10 2768.40 2777.90 2788.00 2799.10 2819.60 2856.90 2853.50 2849.70 2843.20 2841.90 2844.20 2846.10 2846.60 2845.80 2845.60 2845.40 2844.30 2856.50 2865.60 2872.50
2369.70 2382.70 2385.60 2382.50 2391.90 2395.70 2401.60 2408.80 2406.70 2395.10 2393.30 2397.20 2403.70 2410.10 2422.90 2437.10 2450.70 2465.00 2477.00 2491.20 2504.30 2515.30 2527.20 2541.40 2553.90 2567.60 2577.20 2585.40 2597.50 2610.70 2621.60 2626.00 2627.50 2634.80 2642.00 2648.10 2656.60 2661.80 2662.80 2666.60 2675.10 2684.80 2700.20 2715.60 2731.80 2746.40 2762.60 2779.60 2788.20 2800.80 2822.00 2847.80 2877.20 2871.60 2867.20 2863.10 2862.10 2862.10 2862.10 2862.10 2862.40 2863.30 2864.70 2869.30 2875.60 2882.30 2889.10
2378.10 2391.30 2399.80 2397.10 2400.10 2406.90 2410.10 2420.80 2419.20 2406.10 2403.20 2404.40 2411.30 2418.20 2426.30 2435.80 2453.40 2468.50 2481.40 2493.70 2506.80 2520.30 2533.20 2548.20 2563.10 2578.20 2589.80 2595.40 2603.30 2608.20 2615.70 2616.20 2618.80 2624.30 2636.10 2640.90 2646.20 2651.00 2656.00 2663.10 2671.90 2681.60 2700.50 2719.20 2743.50 2766.20 2783.70 2796.80 2811.60 2827.20 2847.60 2869.20 2894.60 2894.30 2883.80 2880.40 2879.80 2879.50 2879.20 2879.00 2878.00 2877.50 2882.50 2890.00 2900.00 2903.30 2907.70
2383.30 2397.30 2410.60 2407.50 2408.20 2418.00 2423.00 2427.80 2430.70 2418.00 2413.80 2413.60 2418.50 2425.60 2433.90 2443.20 2451.30 2464.00 2480.00 2493.30 2506.20 2519.40 2532.90 2547.30 2562.60 2581.40 2594.70 2604.90 2614.20 2615.30 2611.10 2614.80 2618.70 2624.30 2629.80 2635.30 2641.30 2649.10 2656.10 2663.30 2672.00 2679.50 2702.10 2728.70 2757.60 2785.40 2796.10 2818.90 2839.40 2860.00 2878.90 2896.20 2913.20 2912.00 2901.70 2893.90 2891.70 2891.70 2892.00 2891.50 2891.70 2899.20 2907.80 2920.80 2930.90 2926.30 2923.90
2391.80 2402.40 2416.40 2425.40 2419.30 2427.50 2440.10 2441.30 2439.60 2432.90 2424.70 2424.40 2425.40 2432.30 2440.20 2448.50 2457.60 2469.30 2482.70 2495.90 2509.00 2522.50 2537.70 2555.90 2570.50 2577.50 2588.70 2596.90 2601.30 2615.20 2620.00 2614.10 2620.60 2626.20 2632.50 2637.80 2644.00 2650.90 2657.90 2666.90 2676.50 2687.10 2701.70 2728.90 2759.50 2790.90 2810.50 2837.10 2860.20 2882.30 2901.20 2907.70 2921.90 2926.60 2916.60 2908.90 2906.70 2907.30 2905.50 2905.40 2911.50 2920.20 2934.90 2949.00 2958.10 2946.80 2942.00
2402.60 2409.90 2424.00 2440.00 2436.90 2440.00 2445.20 2452.10 2451.80 2448.60 2436.10 2434.40 2434.70 2438.60 2445.60 2453.70 2463.00 2473.60 2485.50 2497.10 2510.60 2524.50 2538.70 2554.90 2570.50 2584.20 2585.00 2590.80 2595.00 2598.80 2607.20 2613.60 2621.40 2627.10 2633.40 2639.70 2647.90 2654.70 2662.20 2671.80 2681.20 2693.10 2705.50 2727.90 2755.30 2787.40 2796.10 2825.70 2847.10 2861.10 2875.20 2885.40 2907.70 2937.50 2933.30 2927.70 2927.60 2920.00 2920.00 2921.20 2935.20 2947.90 2960.30 2969.40 2973.20 2972.30 2970.20
2415.00 2418.40 2432.00 2442.90 2450.10 2451.40 2454.00 2461.40 2463.10 2459.80 2451.40 2444.20 2444.50 2444.90 2451.90 2459.30 2468.40 2478.80 2490.70 2501.90 2512.90 2526.60 2541.20 2553.80 2569.50 2586.00 2590.30 2591.10 2594.40 2597.70 2600.00 2607.70 2617.10 2626.70 2634.70 2640.90 2649.60 2658.40 2667.50 2676.80 2689.20 2699.90 2713.30 2724.50 2743.40 2771.00 2796.70 2805.60 2818.90 2844.10 2873.80 2897.70 2928.50 2957.60 2950.50 2946.20 2956.60 2958.10 2940.90 2955.20 2962.80 2973.50 2983.80 2987.00 2991.40 2997.20 3001.60
2427.50 2425.10 2435.10 2445.50 2453.30 2461.00 2464.30 2469.30 2473.20 2474.20 2464.50 2453.80 2454.90 2454.00 2457.00 2465.00 2473.40 2484.10 2495.50 2507.00 2517.60 2531.20 2545.30 2559.20 2574.60 2588.10 2596.00 2596.70 2597.90 2601.50 2606.10 2612.70 2619.20 2631.90 2640.50 2651.50 2655.80 2665.10 2673.90 2683.30 2696.30 2709.10 2721.00 2732.40 2745.30 2761.60 2779.00 2799.10 2833.20 2870.50 2904.00 2926.60 2955.10 2977.30 2967.20 2968.10 2976.90 2976.10 2970.60 2974.50 2986.70 2991.00 2995.90 3001.20 3009.70 3018.90 3023.20
2439.20 2440.90 2445.00 2454.60 2462.10 2468.60 2475.40 2476.90 2483.00 2486.80 2477.80 2465.10 2467.50 2465.90 2465.10 2471.60 2479.80 2489.50 2500.80 2511.30 2522.10 2534.70 2549.00 2564.80 2582.60 2596.50 2601.70 2600.70 2602.40 2607.80 2612.70 2619.20 2626.50 2640.10 2650.20 2662.40 2666.10 2675.30 2684.80 2694.00 2704.10 2715.30 2727.50 2739.00 2750.50 2765.00 2780.20 2804.40 2836.60 2873.50 2902.20 2934.00 2967.50 2993.40 2992.70 2988.70 2993.40 2995.20 2994.30 2996.20 3000.50 3006.10 3012.80 3019.60 3028.70 3038.90 3044.90
2446.90 2452.90 2458.00 2463.80 2472.30 2478.50 2483.50 2484.90 2489.30 2496.70 2487.80 2481.40 2483.80 2480.30 2476.40 2479.60 2487.40 2495.90 2505.50 2515.00 2526.70 2540.50 2554.40 2569.20 2585.70 2601.30 2607.30 2608.00 2608.70 2613.60 2619.20 2626.50 2633.90 2644.00 2656.30 2664.80 2676.60 2685.70 2695.30 2704.40 2713.50 2723.30 2733.80 2745.80 2757.20 2769.00 2780.00 2814.70 2850.00 2886.60 2916.20 2941.00 2972.90 3005.80 3021.90 3018.00 3011.90 3012.70 3013.90 3015.50 3019.20 3023.20 3028.90 3034.90 3044.90 3054.20 3061.80
2454.50 2460.10 2468.40 2473.10 2481.30 2488.70 2492.40 2493.40 2495.90 2501.40 2500.50 2497.40 2500.00 2498.00 2491.60 2491.40 2495.90 2504.10 2512.50 2522.70 2534.90 2545.60 2559.30 2575.50 2591.50 2602.40 2612.30 2615.40 2616.30 2619.80 2625.70 2632.90 2640.10 2651.00 2662.60 2673.70 2683.60 2694.50 2705.00 2713.90 2722.60 2731.40 2740.50 2752.70 2766.20 2780.10 2801.00 2840.60 2880.20 2911.50 2934.40 2963.10 2988.30 3025.00 3046.90 3042.30 3042.30 3037.00 3035.60 3035.60 3037.30 3040.00 3043.00 3049.10 3056.80 3063.50 3066.10
2465.20 2466.60 2475.50 2483.50 2488.40 2497.90 2500.70 2501.50 2501.60 2508.10 2514.20 2514.10 2518.20 2513.80 2505.40 2502.30 2505.30 2512.30 2520.50 2531.60 2543.70 2555.00 2566.60 2577.90 2596.00 2612.00 2619.10 2623.80 2627.30 2630.90 2634.90 2639.30 2646.90 2656.60 2668.80 2681.20 2691.30 2702.00 2713.00 2722.60 2731.10 2739.80 2748.90 2758.60 2775.00 2795.40 2826.00 2861.60 2900.00 2925.60 2956.90 2985.00 3007.30 3025.00 3056.70 3070.80 3067.90 3062.60 3057.60 3054.40 3053.70 3056.10 3058.80 3062.50 3069.30 3067.30 3061.00
2478.90 2474.00 2482.10 2491.00 2497.30 2503.90 2510.10 2510.50 2509.80 2512.80 2519.50 2531.50 2532.50 2523.20 2511.00 2509.60 2513.40 2520.50 2528.70 2539.00 2551.20 2563.30 2576.60 2589.00 2601.00 2615.00 2628.40 2636.40 2641.90 2643.20 2646.60 2651.10 2658.30 2665.50 2674.90 2686.80 2697.70 2709.50 2720.70 2732.10 2740.30 2749.10 2758.30 2774.00 2799.20 2825.30 2851.50 2880.40 2911.00 2944.90 2969.00 2993.40 3018.70 3046.30 3063.90 3081.50 3084.70 3082.50 3076.00 3070.00 3069.10 3069.90 3071.10 3075.80 3070.60 3062.10 3049.00
2493.20 2483.60 2488.40 2497.50 2505.60 2513.90 2519.70 2518.20 2518.10 2519.00 2524.50 2539.10 2546.90 2529.30 2518.30 2517.40 2521.60 2528.90 2537.10 2546.00 2557.90 2570.90 2584.10 2597.40 2610.10 2623.20 2639.90 2649.10 2656.70 2660.00 2661.50 2663.70 2669.80 2676.40 2685.00 2694.40 2704.30 2717.00 2730.10 2742.20 2751.80 2759.90 2771.80 2794.10 2827.10 2850.90 2868.90 2893.30 2925.30 2964.10 2990.10 3014.30 3039.70 3064.80 3080.00 3091.30 3100.60 3096.80 3092.90 3087.50 3082.60 3081.90 3078.20 3069.10 3064.50 3052.60 3037.90
2510.90 2499.60 2495.00 2501.60 2510.80 2520.00 2525.40 2525.10 2524.90 2524.60 2529.30 2537.70 2549.40 2540.30 2530.80 2526.70 2532.00 2538.20 2545.80 2554.90 2565.20 2578.30 2591.20 2604.90 2618.90 2632.40 2649.00 2659.30 2670.60 2676.00 2676.50 2677.30 2683.00 2689.60 2696.90 2704.60 2714.10 2725.40 2740.00 2752.50 2764.00 2775.50 2788.40 2811.10 2848.30 2872.90 2890.00 2914.40 2944.20 2975.40 3002.60 3027.80 3054.90 3080.40 3094.00 3106.30 3102.50 3075.60 3069.20 3069.20 3070.70 3068.90 3063.00 3059.10 3056.50 3046.00 3031.10
2527.90 2516.50 2506.90 2509.80 2518.90 2525.30 2530.50 2532.00 2531.80 2530.30 2532.90 2539.00 2551.90 2558.20 2544.50 2539.90 2542.20 2549.00 2555.90 2563.70 2573.50 2585.50 2597.70 2611.70 2626.30 2642.90 2657.00 2670.40 2682.90 2690.30 2693.70 2694.40 2696.90 2702.60 2710.20 2717.60 2726.90 2739.50 2750.90 2759.90 2777.40 2796.00 2826.10 2857.60 2878.50 2887.30 2915.60 2935.60 2957.10 3001.30 3022.20 3044.60 3068.90 3090.80 3102.00 3082.90 3076.70 3057.00 3044.10 3044.50 3039.10 3041.10 3034.20 3031.10 3032.20 3028.70 3026.10
2540.00 2528.40 2519.20 2520.40 2526.60 2530.60 2536.60 2538.90 2537.60 2535.80 2535.90 2547.10 2560.20 2565.80 2558.80 2553.80 2552.70 2558.80 2566.60 2574.70 2582.70 2592.50 2604.00 2616.60 2633.00 2650.50 2666.40 2680.00 2694.10 2705.30 2718.20 2742.60 2733.40 2720.90 2728.60 2741.30 2752.10 2763.40 2778.50 2791.70 2807.30 2831.90 2846.60 2868.60 2891.30 2912.80 2932.20 2965.30 2992.40 2999.40 3018.30 3041.20 3065.30 3088.20 3079.20 3059.60 3048.20 3037.40 3026.30 3018.70 3011.70 3004.80 2998.40 2998.50 3001.00 3003.60 3006.10
2547.30 2540.30 2536.70 2536.40 2540.20 2542.50 2543.80 2543.60 2542.00 2540.50 2540.30 2550.30 2561.10 2566.70 2573.30 2569.00 2564.80 2568.60 2577.10 2585.00 2593.00 2601.30 2611.50 2623.10 2635.60 2652.40 2670.90 2687.10 2705.40 2719.90 2734.10 2752.80 2774.60 2754.80 2768.50 2785.60 2796.60 2806.40 2829.90 2862.00 2869.20 2866.20 2873.30 2889.50 2907.40 2927.30 2951.70 2979.50 3008.50 3035.00 3048.90 3061.20 3076.70 3067.30 3054.10 3036.60 3025.00 3016.20 3006.60 2998.00 2989.30 2983.70 2979.70 2975.30 2975.00 2976.90 2980.10
2552.10 2549.40 2547.50 2548.90 2549.40 2551.60 2550.90 2547.90 2546.00 2544.60 2546.60 2550.50 2558.20 2566.20 2572.60 2581.40 2581.00 2579.00 2588.70 2596.00 2603.80 2612.30 2621.20 2631.40 2643.90 2660.00 2685.60 2696.80 2714.10 2736.10 2751.10 2767.50 2792.90 2810.20 2826.20 2837.20 2841.90 2857.20 2875.40 2897.80 2890.40 2889.60 2901.20 2906.40 2920.60 2946.00 2972.90 3005.80 3024.20 3054.70 3063.30 3067.20 3061.10 3043.80 3028.90 3016.60 3009.20 3001.00 2990.40 2982.60 2974.50 2967.00 2962.40 2957.60 2954.20 2957.30 2960.70
2557.90 2558.60 2557.50 2559.90 2558.70 2557.70 2556.00 2552.70 2550.00 2549.50 2552.20 2555.80 2560.60 2566.40 2572.10 2577.80 2590.10 2593.90 2600.60 2608.80 2617.10 2625.60 2633.90 2642.30 2653.90 2669.50 2689.10 2722.40 2732.80 2748.70 2763.60 2774.70 2794.30 2850.40 2876.90 2886.40 2889.50 2901.80 2917.80 2932.30 2917.90 2918.00 2918.30 2933.10 2955.20 2975.00 2992.60 3026.50 3054.60 3062.10 3062.60 3046.40 3033.10 3020.50 3010.20 3000.70 2994.20 2985.50 2975.20 2967.30 2959.40 2951.40 2945.00 2939.20 2934.40 2932.90 2934.90
2566.30 2565.60 2564.70 2565.40 2564.00 2562.80 2560.80 2557.50 2554.00 2554.50 2557.40 2560.80 2565.10 2569.50 2575.20 2581.70 2592.50 2604.60 2610.00 2617.80 2627.90 2638.70 2648.50 2657.40 2666.50 2677.30 2702.10 2730.60 2749.00 2783.50 2801.50 2796.90 2802.20 2845.00 2895.20 2919.40 2924.30 2942.60 2955.20 2958.90 2951.80 2939.20 2939.60 2952.10 2986.40 3019.00 3029.50 3049.60 3065.00 3060.50 3044.00 3025.90 3014.40 3005.10 2995.90 2986.70 2978.60 2970.70 2961.90 2952.70 2944.80 2936.60 2930.10 2924.00 2918.20 2914.80 2915.20
2573.20 2572.10 2570.90 2570.30 2568.40 2566.90 2564.00 2560.80 2558.30 2559.70 2563.20 2566.70 2570.00 2574.20 2578.30 2586.90 2596.50 2605.70 2617.90 2628.00 2639.30 2650.90 2662.90 2674.30 2684.60 2706.10 2735.60 2753.80 2790.80 2807.30 2820.20 2824.30 2820.80 2829.80 2869.20 2912.20 2931.10 2958.60 2981.40 2987.30 2978.00 2962.60 2968.10 2988.90 3031.00 3080.00 3071.00 3072.30 3057.90 3038.60 3024.10 3010.00 2999.10 2990.00 2981.50 2972.70 2963.90 2955.90 2947.60 2939.00 2931.00 2923.30 2916.10 2908.40 2901.60 2898.20 2896.70
2580.40 2578.20 2576.70 2574.70 2572.80 2570.50 2568.40 2564.80 2564.80 2566.50 2569.60 2573.00 2576.30 2579.60 2585.80 2594.50 2602.80 2610.10 2618.90 2632.80 2646.70 2660.70 2674.30 2687.60 2699.30 2720.00 2749.20 2789.90 2815.30 2832.50 2854.50 2855.70 2859.00 2859.80 2860.30 2884.30 2905.00 2927.20 2965.60 2997.80 3003.90 2999.40 3002.60 3027.60 3068.70 3081.40 3075.70 3058.10 3038.60 3026.40 3014.40 3001.90 2986.90 2977.30 2967.60 2959.20 2951.40 2944.00 2936.00 2927.50 2918.80 2911.10 2903.60 2896.00 2888.20 2878.43 2880.22
2587.80 2584.70 2581.70 2579.00 2577.00 2575.20 2573.60 2571.10 2572.20 2573.80 2576.00 2579.30 2584.70 2590.50 2595.90 2602.50 2609.20 2615.90 2622.90 2633.30 2646.70 2665.40 2683.00 2698.80 2712.60 2728.40 2749.00 2789.30 2823.00 2857.60 2879.90 2891.20 2897.00 2890.70 2880.30 2888.30 2907.70 2931.20 2975.90 2999.90 3027.90 3042.30 3057.10 3073.60 3086.20 3079.60 3062.00 3045.40 3030.20 3017.90 3008.30 2996.30 2980.20 2967.00 2956.80 2948.00 2939.40 2932.20 2924.40 2916.40 2908.40 2900.70 2892.30 2887.92 2873.22 2861.54 2864.13
2594.40 2591.30 2588.10 2585.20 2582.80 2580.60 2578.90 2578.00 2579.10 2582.70 2588.00 2591.60 2596.10 2601.50 2606.30 2610.70 2617.50 2625.10 2631.80 2638.20 2647.20 2660.60 2683.50 2712.30 2725.40 2739.80 2755.00 2775.80 2798.00 2852.80 2889.50 2909.90 2919.60 2915.30 2901.50 2909.10 2918.20 2949.90 2991.30 3017.10 3033.20 3060.60 3079.20 3091.30 3082.30 3067.90 3053.40 3036.50 3022.60 3011.70 3001.80 2989.30 2974.80 2959.40 2949.90 2940.00 2931.20 2922.90 2914.30 2906.80 2895.67 2892.31 2881.82 2870.51 2855.29 2842.71 2838.31
2601.10 2597.80 2595.20 2592.60 2590.20 2588.10 2588.10 2590.20 2593.60 2599.70 2603.00 2604.80 2607.20 2611.30 2616.20 2620.20 2627.00 2635.00 2641.10 2647.70 2655.00 2668.10 2701.80 2732.10 2751.80 2755.20 2764.80 2784.70 2807.70 2838.50 2872.60 2891.10 2914.30 2941.00 2940.00 2941.10 2937.20 2949.50 2992.10 3017.50 3048.00 3072.60 3091.80 3099.80 3072.60 3057.00 3044.90 3031.20 3016.70 3006.10 2994.40 2981.20 2968.20 2955.20 2944.50 2933.80 2923.40 2914.80 2898.82 2890.94 2884.92 2879.50 2866.54 2855.07 2837.90 2824.15 2814.60
2608.40 2606.70 2603.40 2600.10 2598.10 2598.10 2598.10 2602.00 2605.90 2609.50 2613.60 2615.80 2617.00 2621.10 2624.00 2626.80 2635.00 2644.40 2651.20 2657.80 2665.50 2685.20 2720.00 2745.60 2766.40 2779.20 2782.30 2791.80 2807.30 2824.20 2848.20 2889.60 2926.70 2975.50 2980.20 2967.70 2966.00 2967.30 2983.10 3008.60 3037.80 3070.10 3099.50 3087.50 3065.00 3050.40 3037.10 3024.10 3012.10 3000.70 2986.80 2974.80 2960.90 2950.80 2941.10 2929.10 2912.11 2902.79 2893.87 2884.23 2874.62 2862.78 2849.96 2834.65 2817.96 2806.94 2797.04
2618.70 2616.20 2612.90 2608.70 2607.30 2609.30 2609.30 2613.50 2614.80 2618.80 2623.30 2626.70 2629.40 2634.00 2630.60 2633.50 2639.10 2651.30 2659.70 2669.70 2677.90 2690.00 2719.10 2759.40 2791.50 2805.00 2805.50 2809.60 2820.00 2837.80 2854.50 2885.20 2926.30 2972.60 3011.70 3002.70 2999.00 2996.30 2999.90 3027.00 3057.40 3083.90 3100.50 3076.10 3058.20 3044.70 3031.70 3019.50 3008.50 2994.00 2979.50 2969.50 2958.90 2948.20 2937.83 2923.86 2909.86 2900.41 2890.34 2877.10 2862.85 2844.27 2824.64 2810.37 2798.82 2786.68 2782.48
