data/gries/surface-1884.grid
NCOLS       257
NROWS       241
XLLCORNER          666587.50
YLLCORNER          140987.50
CELLSIZE           25.000000
NODATA_VALUE   -9999
[rows 130 to 155 of 241, columns 120 to 179 of 257]
2817.7200 2821.4100 2825.6100 2829.5900 2834.4600 2839.7300 2845.8200 2852.4000 2859.8700 2865.3400 2872.9900 2883.6700 2895.9000 2906.3700 2916.3000 2926.5100 2930.2200 2978.3000 3007.9000 3023.8000 3038.5000 3037.9000 3035.4000 3032.4000 3025.9000 3017.7000 3008.3000 2995.1000 2979.1000 2961.2000 2942.3000 2925.6000 2908.3000 2894.8000 2879.4000 2862.5000 2845.6000 2831.5000 2818.2000 2809.7000 2796.7000 2784.3000 2767.8000 2754.1000 2737.6000 2710.1000 2682.6000 2659.3000 2636.3000 2620.0000 2604.0000 2587.5000 2572.8000 2557.9000 2541.2000 2525.8000 2507.4000 2489.8000 2476.6000 2463.3000
2826.2000 2827.5800 2829.9000 2834.3500 2840.4300 2846.4800 2853.0700 2858.4800 2865.0600 2873.2600 2883.8200 2895.9600 2909.4400 2921.5400 2930.1100 2920.7000 2941.8000 2963.6000 2988.0000 3004.0000 3024.3000 3020.3000 3016.3000 3012.4000 3008.4000 3004.4000 2996.0000 2980.0000 2965.9000 2949.2000 2931.1000 2911.8000 2896.6000 2882.6000 2873.6000 2863.1000 2851.5000 2842.8000 2831.6000 2823.2000 2810.0000 2790.9000 2765.3000 2746.9000 2725.0000 2696.7000 2667.5000 2647.2000 2631.9000 2616.0000 2601.7000 2585.8000 2569.7000 2553.7000 2535.5000 2516.9000 2498.0000 2478.8000 2463.8000 2451.1000
2831.5500 2831.7000 2833.1700 2838.6700 2845.9700 2852.6200 2859.9400 2864.2400 2870.6300 2881.0900 2894.4000 2908.0300 2923.4400 2937.0600 2942.1300 2929.5000 2948.2000 2973.7000 2990.5000 3007.0000 3003.1000 3000.0000 2997.5000 2994.7000 2990.8000 2985.5000 2976.6000 2965.9000 2952.4000 2935.4000 2915.9000 2896.8000 2881.4000 2867.8000 2860.8000 2848.0000 2838.9000 2830.6000 2824.8000 2818.2000 2808.8000 2793.5000 2763.2000 2740.5000 2713.4000 2686.7000 2662.0000 2633.0000 2617.1000 2608.1000 2594.0000 2578.3000 2562.3000 2547.6000 2528.8000 2508.2000 2487.7000 2469.3000 2453.5000 2438.9000
2831.5200 2834.5000 2839.0100 2845.0800 2852.1000 2857.7100 2864.1500 2871.3300 2880.6900 2892.1500 2905.7400 2920.7300 2936.8200 2947.7500 2926.5000 2957.1000 2976.6000 2982.5000 2989.2000 2983.0000 2980.0000 2980.0000 2979.1000 2976.6000 2973.7000 2968.4000 2962.0000 2953.1000 2939.5000 2921.0000 2893.4000 2878.5000 2860.0000 2847.0000 2839.5000 2832.3000 2823.4000 2817.1000 2810.3000 2803.2000 2796.3000 2786.5000 2762.1000 2733.5000 2707.9000 2681.5000 2659.0000 2628.9000 2607.3000 2594.3000 2585.4000 2572.2000 2558.1000 2543.2000 2524.0000 2502.8000 2480.7000 2461.8000 2447.5000 2430.1000
2831.0100 2837.1100 2845.0100 2851.2500 2858.1200 2862.5100 2868.9300 2879.0300 2891.6900 2903.5900 2916.8600 2929.4500 2940.8500 2951.0000 2945.0000 2977.4000 3000.8000 3000.5000 2987.5000 2970.6000 2956.0000 2957.5000 2958.4000 2957.0000 2954.6000 2952.0000 2946.8000 2936.9000 2922.6000 2901.4000 2873.0000 2850.4000 2831.6000 2820.3000 2810.3000 2807.9000 2805.2000 2801.0000 2791.2000 2782.5000 2776.8000 2770.3000 2762.8000 2734.0000 2709.7000 2681.6000 2654.5000 2626.2000 2599.6000 2582.7000 2575.4000 2566.4000 2553.6000 2538.7000 2518.1000 2494.7000 2469.0000 2451.9000 2437.5000 2420.9000
2836.3000 2842.7800 2850.0100 2855.7200 2861.8400 2868.1700 2876.6700 2888.2900 2901.7400 2913.9400 2926.4900 2938.1300 2945.8500 2926.9000 2971.7000 3000.3000 3000.9000 2989.3000 2970.6000 2948.6000 2934.1000 2932.8000 2936.4000 2937.7000 2938.8000 2935.9000 2929.7000 2919.5000 2908.8000 2884.8000 2851.0000 2827.8000 2807.5000 2794.8000 2786.5000 2780.5000 2774.9000 2773.8000 2768.8000 2762.0000 2757.1000 2753.5000 2746.1000 2732.4000 2717.7000 2688.2000 2658.5000 2631.0000 2598.5000 2577.9000 2558.0000 2556.3000 2544.9000 2530.4000 2512.4000 2488.6000 2460.5000 2436.6000 2424.5000 2414.1000
2844.0400 2849.2800 2855.6500 2860.2600 2866.5400 2874.7000 2885.4800 2897.4700 2911.1600 2922.9700 2935.1600 2947.6400 2953.6900 2947.5000 2994.5000 3000.0000 2991.6000 2976.7000 2954.0000 2932.1000 2914.9000 2910.7000 2915.1000 2918.7000 2919.5000 2918.5000 2912.6000 2903.4000 2893.4000 2860.3000 2828.9000 2805.5000 2788.8000 2775.8000 2761.2000 2752.2000 2748.0000 2747.7000 2742.9000 2732.8000 2727.4000 2727.1000 2720.8000 2707.1000 2690.5000 2688.1000 2661.4000 2632.0000 2597.1000 2574.8000 2556.0000 2535.2000 2531.0000 2521.6000 2504.8000 2482.2000 2456.2000 2429.4000 2408.7000 2404.6000
2849.1100 2854.0400 2859.6900 2865.9200 2873.7200 2883.2800 2894.5000 2906.0000 2918.4000 2930.9900 2944.3200 2955.0700 2961.5000 2982.7000 2991.6000 2987.0000 2976.9000 2964.5000 2940.0000 2920.7000 2896.7000 2890.0000 2894.0000 2897.0000 2900.0000 2899.6000 2895.9000 2888.8000 2874.0000 2845.6000 2814.0000 2792.5000 2770.8000 2752.8000 2743.5000 2737.2000 2726.7000 2725.1000 2718.0000 2708.7000 2702.0000 2697.9000 2694.9000 2681.0000 2667.1000 2666.4000 2645.7000 2616.5000 2591.3000 2571.1000 2551.9000 2530.9000 2513.2000 2508.8000 2495.4000 2472.2000 2448.1000 2422.9000 2402.3000 2391.3000
2856.6500 2860.1800 2866.0000 2873.3800 2883.0000 2892.6900 2903.8100 2913.8400 2924.3800 2935.0600 2945.4300 2953.8000 2980.1000 2980.7000 2975.0000 2970.7000 2960.9000 2950.3000 2929.3000 2908.4000 2887.9000 2870.4000 2872.2000 2876.0000 2879.8000 2880.8000 2878.6000 2871.4000 2861.8000 2836.1000 2803.1000 2775.3000 2756.7000 2739.1000 2725.7000 2725.6000 2709.3000 2707.4000 2702.1000 2694.5000 2681.7000 2670.8000 2665.8000 2659.9000 2648.0000 2634.8000 2622.5000 2602.8000 2585.8000 2567.5000 2548.4000 2525.7000 2502.5000 2492.7000 2481.7000 2460.0000 2434.6000 2416.1000 2401.8000 2386.6000
2866.1400 2869.5500 2875.0700 2883.3900 2893.2000 2902.2200 2911.6400 2921.5700 2931.6400 2937.9600 2940.1000 2961.9000 2969.8000 2963.8000 2957.5000 2951.0000 2943.5000 2933.7000 2915.7000 2893.2000 2873.7000 2855.5000 2852.8000 2851.4000 2858.4000 2861.1000 2860.3000 2854.4000 2845.8000 2825.8000 2789.8000 2764.2000 2745.0000 2725.2000 2710.8000 2710.0000 2701.6000 2687.5000 2685.3000 2676.3000 2667.4000 2656.0000 2644.7000 2643.1000 2632.1000 2618.2000 2603.9000 2594.2000 2579.1000 2560.7000 2543.3000 2522.7000 2500.1000 2472.6000 2461.4000 2441.2000 2423.1000 2407.1000 2393.4000 2388.5000
2877.2200 2880.2900 2886.1700 2894.5300 2904.3300 2911.6500 2918.9200 2926.8300 2933.5900 2939.1800 2962.2000 2959.5000 2954.3000 2946.9000 2939.8000 2930.1000 2925.0000 2914.7000 2901.5000 2873.4000 2856.3000 2839.6000 2834.1000 2834.7000 2835.9000 2841.8000 2841.9000 2836.4000 2829.1000 2817.4000 2777.8000 2757.2000 2738.3000 2718.9000 2698.3000 2692.5000 2688.7000 2679.5000 2666.1000 2661.5000 2652.7000 2643.8000 2630.5000 2619.4000 2614.2000 2605.3000 2592.0000 2581.8000 2570.9000 2554.7000 2539.1000 2520.4000 2494.8000 2467.8000 2439.4000 2428.1000 2415.6000 2405.6000 2398.5000 2390.8000
2887.3600 2891.0200 2896.9800 2905.5000 2914.5600 2920.7300 2926.0300 2932.0600 2936.4000 2953.7000 2948.5000 2942.5000 2935.6000 2927.7000 2911.7000 2907.6000 2903.2000 2894.6000 2882.1000 2855.4000 2835.3000 2821.4000 2820.9000 2820.7000 2820.5000 2820.6000 2820.2000 2819.5000 2812.0000 2802.5000 2768.9000 2748.2000 2730.4000 2711.5000 2692.2000 2677.2000 2674.9000 2668.0000 2659.4000 2645.9000 2638.4000 2630.0000 2618.1000 2604.5000 2600.3000 2591.0000 2581.0000 2569.0000 2558.1000 2547.7000 2535.3000 2517.4000 2489.6000 2461.2000 2440.1000 2426.9000 2415.5000 2406.0000 2398.3000 2386.9000
2897.3000 2901.3300 2907.6900 2915.7400 2924.2600 2929.2800 2932.7300 2937.9800 2941.0100 2938.2000 2932.2000 2925.4000 2915.6000 2900.2000 2885.9000 2877.4000 2881.6000 2870.1000 2858.9000 2840.5000 2823.6000 2797.7000 2796.5000 2800.3000 2801.2000 2801.2000 2801.2000 2799.3000 2795.4000 2784.7000 2763.2000 2735.7000 2717.3000 2700.1000 2683.4000 2669.1000 2659.9000 2654.0000 2646.3000 2636.5000 2625.6000 2616.6000 2605.7000 2593.8000 2584.4000 2574.6000 2565.1000 2556.8000 2546.9000 2536.4000 2525.2000 2506.9000 2481.4000 2460.4000 2440.8000 2426.3000 2416.5000 2405.1000 2391.9000 2377.2000
2907.0700 2911.5100 2917.4900 2924.4700 2931.6900 2936.9000 2940.0100 2942.2700 2928.6000 2923.9000 2916.7000 2906.8000 2888.9000 2869.3000 2855.4000 2846.8000 2844.4000 2840.8000 2833.5000 2816.5000 2798.9000 2778.4000 2775.6000 2776.4000 2775.9000 2777.5000 2783.1000 2781.9000 2777.3000 2768.6000 2752.2000 2725.9000 2702.8000 2683.7000 2672.7000 2660.4000 2649.2000 2639.9000 2631.8000 2626.0000 2615.9000 2605.6000 2595.1000 2583.4000 2569.6000 2557.4000 2550.5000 2543.0000 2533.2000 2526.6000 2512.4000 2489.8000 2471.7000 2456.0000 2454.3000 2448.0000 2424.4000 2407.3000 2388.7000 2376.7000
2917.1300 2921.5300 2927.0800 2932.5700 2938.2400 2943.7100 2945.1900 2920.7000 2914.5000 2907.6000 2900.0000 2883.2000 2861.4000 2848.2000 2834.6000 2823.3000 2816.9000 2814.2000 2807.8000 2794.9000 2775.5000 2759.7000 2754.6000 2753.5000 2748.9000 2752.0000 2760.0000 2763.9000 2759.1000 2751.5000 2738.4000 2710.9000 2689.4000 2670.0000 2660.8000 2649.4000 2638.7000 2628.0000 2617.1000 2612.4000 2604.8000 2594.4000 2584.3000 2573.1000 2557.8000 2542.0000 2535.9000 2526.9000 2518.2000 2511.9000 2499.7000 2484.1000 2473.2000 2471.5000 2465.7000 2442.7000 2417.9000 2401.1000 2392.1000 2393.0000
2927.5300 2932.0400 2936.9500 2941.9000 2946.4600 2950.4700 2903.6000 2905.2000 2897.6000 2889.6000 2879.4000 2853.3000 2838.2000 2824.5000 2814.1000 2802.7000 2795.4000 2788.9000 2780.4000 2770.7000 2757.0000 2741.3000 2730.9000 2733.2000 2731.0000 2730.5000 2733.3000 2734.1000 2734.6000 2730.7000 2715.8000 2695.4000 2676.4000 2659.3000 2647.3000 2638.5000 2628.0000 2616.9000 2602.7000 2596.8000 2592.7000 2582.3000 2571.5000 2559.0000 2545.1000 2530.9000 2520.8000 2514.6000 2505.6000 2498.6000 2493.5000 2488.8000 2484.1000 2480.4000 2458.2000 2432.5000 2417.3000 2401.1000 2404.0000 2395.0000
2938.9500 2942.9500 2947.0600 2951.1500 2953.8200 2956.7700 2876.2000 2884.0000 2878.2000 2864.8000 2858.2000 2835.1000 2819.3000 2799.6000 2793.6000 2786.9000 2774.6000 2767.8000 2758.4000 2746.1000 2740.5000 2726.6000 2708.0000 2712.2000 2712.9000 2711.9000 2711.0000 2711.9000 2709.3000 2706.2000 2695.0000 2677.2000 2663.6000 2649.5000 2634.8000 2625.3000 2614.6000 2602.3000 2589.3000 2578.2000 2576.6000 2567.9000 2557.0000 2542.5000 2529.2000 2519.5000 2513.4000 2507.9000 2499.8000 2489.4000 2482.8000 2476.1000 2467.8000 2456.0000 2439.5000 2422.5000 2415.2000 2408.5000 2400.0000 2386.9000
2950.7200 2954.1000 2956.7000 2959.5100 2961.0800 2904.8000 2869.8000 2852.6000 2848.3000 2837.6000 2826.1000 2815.7000 2804.4000 2788.0000 2774.5000 2770.0000 2762.5000 2749.7000 2744.4000 2730.5000 2718.8000 2711.2000 2697.9000 2691.5000 2693.4000 2693.3000 2692.2000 2691.4000 2689.9000 2684.3000 2676.0000 2663.3000 2650.8000 2637.7000 2626.5000 2615.0000 2602.3000 2589.9000 2577.0000 2561.1000 2555.2000 2551.5000 2540.9000 2528.8000 2518.3000 2511.5000 2506.8000 2502.0000 2492.5000 2481.4000 2465.3000 2456.5000 2446.5000 2435.7000 2423.4000 2418.9000 2412.2000 2406.1000 2401.8000 2397.3000
2964.0200 2965.6900 2966.4000 2968.2100 2969.0100 2881.7000 2852.8000 2826.4000 2813.8000 2809.6000 2806.5000 2798.4000 2789.5000 2773.5000 2758.4000 2753.4000 2745.8000 2736.2000 2729.5000 2718.5000 2707.9000 2697.1000 2687.0000 2677.9000 2680.6000 2678.2000 2673.6000 2672.4000 2671.5000 2666.7000 2659.4000 2647.0000 2637.1000 2625.9000 2614.2000 2602.4000 2589.1000 2575.9000 2561.9000 2547.8000 2533.8000 2531.7000 2522.2000 2516.6000 2511.7000 2506.3000 2497.5000 2492.3000 2483.6000 2467.8000 2452.3000 2440.7000 2435.2000 2431.9000 2428.5000 2425.8000 2416.5000 2412.1000 2405.0000 2404.3000
2976.7400 2976.1000 2976.4300 2922.3000 2903.0000 2871.2000 2835.9000 2815.7000 2794.9000 2788.5000 2787.1000 2785.1000 2773.4000 2756.4000 2740.0000 2737.1000 2729.3000 2721.0000 2714.9000 2708.0000 2697.1000 2687.4000 2678.6000 2669.3000 2665.5000 2665.3000 2659.2000 2655.0000 2654.0000 2651.1000 2643.9000 2634.5000 2623.8000 2612.3000 2597.6000 2580.5000 2568.2000 2555.0000 2540.3000 2530.3000 2518.5000 2513.8000 2513.3000 2507.3000 2503.1000 2499.4000 2490.3000 2480.5000 2471.3000 2459.3000 2444.7000 2439.3000 2438.5000 2440.6000 2437.8000 2431.6000 2422.9000 2418.5000 2420.9000 2408.3000
2989.8300 2984.1400 2981.8400 2908.0000 2891.3000 2856.2000 2821.5000 2796.2000 2784.4000 2771.2000 2766.3000 2764.1000 2755.3000 2737.8000 2725.7000 2720.3000 2714.2000 2706.3000 2702.7000 2696.2000 2685.7000 2677.2000 2669.6000 2661.7000 2643.3000 2651.6000 2646.7000 2638.2000 2636.5000 2635.5000 2628.6000 2619.1000 2608.9000 2598.7000 2574.8000 2559.3000 2545.6000 2535.4000 2520.2000 2515.7000 2511.6000 2503.0000 2503.4000 2502.1000 2492.8000 2485.8000 2478.3000 2467.1000 2458.2000 2449.5000 2443.8000 2444.0000 2444.3000 2446.6000 2444.3000 2438.3000 2432.3000 2425.6000 2418.0000 2411.3000
3004.6700 2923.4000 2908.4000 2891.0000 2876.6000 2840.0000 2812.3000 2785.9000 2771.6000 2758.4000 2747.5000 2741.9000 2734.5000 2723.0000 2711.2000 2707.6000 2699.9000 2690.9000 2686.5000 2680.9000 2673.7000 2666.7000 2659.5000 2647.8000 2619.8000 2634.3000 2633.5000 2623.8000 2614.4000 2612.6000 2609.3000 2601.7000 2590.7000 2577.1000 2551.6000 2537.3000 2525.0000 2514.6000 2508.2000 2505.5000 2501.7000 2492.8000 2490.9000 2489.1000 2482.1000 2473.6000 2465.4000 2457.8000 2451.4000 2447.8000 2448.9000 2450.1000 2450.5000 2452.9000 2452.8000 2449.2000 2435.4000 2425.5000 2420.0000 2419.7000
2920.3000 2906.3000 2890.4000 2872.2000 2854.2000 2824.3000 2801.0000 2774.1000 2759.3000 2746.9000 2733.9000 2724.7000 2717.5000 2709.8000 2697.8000 2693.6000 2684.5000 2675.1000 2669.2000 2666.1000 2660.2000 2650.4000 2640.6000 2626.6000 2596.0000 2610.0000 2618.0000 2608.2000 2594.8000 2593.1000 2590.0000 2581.1000 2570.4000 2550.8000 2532.0000 2517.9000 2510.8000 2499.2000 2491.3000 2487.9000 2484.4000 2479.6000 2477.7000 2477.0000 2472.2000 2465.6000 2458.3000 2453.0000 2453.0000 2453.2000 2454.0000 2455.4000 2456.6000 2460.0000 2460.6000 2460.0000 2440.6000 2426.8000 2426.3000 2427.8000
2901.0000 2883.9000 2870.8000 2850.5000 2834.0000 2811.3000 2788.3000 2769.0000 2744.9000 2732.1000 2720.8000 2709.0000 2704.1000 2697.2000 2689.3000 2679.9000 2670.2000 2660.6000 2652.9000 2649.7000 2640.0000 2625.1000 2613.4000 2595.4000 2582.6000 2586.4000 2593.1000 2587.9000 2580.5000 2571.5000 2568.5000 2562.1000 2551.4000 2534.6000 2518.6000 2506.3000 2498.8000 2486.8000 2480.0000 2476.0000 2475.0000 2474.2000 2473.1000 2471.0000 2467.3000 2463.0000 2457.9000 2456.3000 2457.3000 2458.4000 2459.1000 2460.7000 2463.2000 2460.5000 2454.3000 2447.4000 2436.6000 2431.3000 2430.3000 2430.9000
2875.9000 2862.2000 2850.1000 2834.9000 2807.1000 2785.1000 2759.6000 2746.0000 2730.4000 2712.0000 2696.7000 2690.0000 2689.1000 2683.8000 2678.5000 2669.3000 2659.2000 2647.5000 2633.3000 2626.4000 2611.6000 2594.2000 2580.6000 2572.6000 2561.5000 2564.6000 2571.5000 2566.6000 2555.6000 2550.6000 2546.3000 2540.3000 2534.0000 2519.5000 2505.4000 2493.9000 2485.5000 2476.6000 2473.0000 2469.9000 2469.6000 2469.3000 2469.0000 2467.7000 2465.7000 2461.8000 2459.2000 2459.7000 2461.3000 2463.0000 2465.2000 2462.6000 2458.2000 2450.8000 2447.7000 2442.5000 2438.6000 2435.8000 2433.1000 2431.8000
2849.3000 2834.3000 2822.5000 2805.6000 2785.8000 2754.6000 2738.2000 2724.0000 2711.8000 2691.0000 2667.8000 2667.2000 2669.5000 2669.0000 2663.7000 2657.3000 2643.3000 2629.5000 2615.7000 2617.3000 2583.6000 2571.3000 2562.7000 2555.1000 2543.0000 2538.9000 2538.4000 2537.8000 2535.7000 2531.7000 2531.8000 2528.1000 2517.1000 2503.1000 2489.7000 2481.0000 2475.6000 2469.6000 2467.3000 2465.9000 2466.6000 2467.1000 2466.8000 2465.3000 2464.6000 2465.8000 2464.4000 2467.3000 2467.2000 2464.9000 2462.0000 2458.3000 2454.5000 2450.1000 2449.4000 2447.3000 2442.3000 2439.0000 2436.1000 2433.0000
