data/gries/surface-1967.grid
NCOLS       257
NROWS       241
XLLCORNER          666587.50
YLLCORNER          140987.50
CELLSIZE           25.000000
NODATA_VALUE   -9999
[rows 87 to 115 of 241, columns 67 to 133 of 257]
2873.20 2881.60 2891.20 2914.20 2943.90 2972.70 2986.60 3001.30 3000.80 2999.50 3001.50 2993.80 2983.30 2972.40 2950.20 2942.70 2932.30 2921.90 2905.90 2890.30 2875.90 2862.40 2849.80 2838.30 2826.60 2814.60 2802.70 2791.80 2781.00 2769.90 2759.80 2749.50 2738.50 2732.40 2726.80 2720.20 2703.50 2675.28 2670.81 2668.25 2665.70 2658.18 2651.08 2639.38 2630.19 2620.19 2618.21 2616.97 2611.04 2606.72 2604.85 2605.35 2606.96 2607.69 2607.88 2608.00 2608.19 2608.76 2609.35 2609.43 2609.43 2609.24 2608.96 2608.46 2608.05 2607.45 2606.94
2883.60 2895.40 2906.50 2921.50 2956.50 2982.80 3004.90 3014.70 3017.60 3020.50 3017.70 3001.30 2984.50 2962.20 2939.90 2919.30 2908.40 2899.80 2890.60 2874.50 2861.40 2849.20 2839.00 2826.60 2814.70 2803.90 2792.50 2781.90 2770.50 2759.70 2753.00 2744.70 2735.40 2727.70 2723.50 2683.50 2680.23 2673.83 2668.74 2666.43 2658.89 2645.99 2636.80 2626.01 2617.81 2614.71 2613.74 2613.21 2610.43 2608.73 2607.04 2606.79 2607.49 2608.20 2608.71 2609.10 2609.21 2609.82 2610.13 2610.08 2610.18 2610.24 2609.92 2609.48 2609.18 2608.40 2607.73
2897.70 2907.00 2919.20 2934.30 2951.80 2981.40 3003.70 3031.40 3038.30 3035.60 3016.70 2996.90 2972.30 2949.40 2925.80 2911.30 2898.30 2886.10 2875.40 2861.60 2849.10 2837.10 2825.40 2815.40 2806.40 2794.90 2783.70 2773.30 2763.60 2755.20 2747.60 2740.00 2732.10 2724.30 2692.78 2688.42 2683.49 2677.09 2673.42 2664.96 2648.21 2633.22 2622.61 2617.60 2614.61 2612.08 2612.19 2611.80 2610.69 2609.74 2608.98 2608.49 2608.66 2609.18 2609.65 2610.04 2610.27 2610.73 2610.81 2610.91 2611.03 2611.10 2610.94 2610.46 2609.73 2608.82 2608.04
2913.20 2922.10 2932.60 2946.70 2962.80 2985.90 3007.30 3040.40 3036.00 3010.20 2989.60 2975.30 2954.90 2935.50 2914.60 2902.40 2889.20 2875.80 2862.00 2849.70 2838.40 2828.20 2816.60 2807.20 2797.80 2786.20 2775.20 2764.90 2755.70 2747.50 2740.40 2731.40 2721.80 2703.33 2699.62 2692.54 2687.78 2684.93 2680.07 2664.10 2640.73 2623.31 2613.07 2617.77 2615.41 2614.21 2613.81 2612.40 2611.57 2611.07 2610.83 2610.45 2610.50 2610.69 2610.99 2611.37 2611.75 2611.95 2611.92 2611.89 2611.87 2611.83 2611.66 2611.21 2610.09 2608.97 2608.08
2929.00 2936.70 2947.50 2959.70 2987.80 3006.80 3019.10 3015.40 2999.60 2986.20 2968.80 2952.90 2937.00 2918.10 2905.10 2891.90 2878.80 2865.40 2851.60 2838.70 2829.60 2819.70 2808.40 2798.50 2792.40 2779.80 2770.70 2760.60 2748.10 2739.80 2732.50 2723.80 2716.00 2708.20 2702.96 2698.44 2693.36 2688.40 2680.32 2663.21 2629.64 2617.47 2617.24 2617.84 2617.00 2616.17 2615.62 2614.51 2613.34 2612.77 2612.48 2612.72 2612.66 2613.11 2613.11 2613.41 2613.55 2613.37 2613.12 2612.85 2612.63 2612.41 2612.07 2611.44 2610.34 2609.23 2608.03
2947.30 2956.30 2966.50 2988.20 3008.80 3024.40 3009.60 2998.90 2979.50 2963.00 2951.80 2941.20 2927.00 2911.10 2898.40 2883.50 2869.80 2856.10 2841.60 2831.40 2822.10 2815.40 2806.60 2797.30 2788.70 2780.00 2768.60 2757.20 2746.70 2736.10 2727.70 2713.21 2709.06 2705.67 2703.15 2697.54 2692.86 2683.80 2671.05 2650.33 2618.81 2619.61 2619.73 2619.69 2619.60 2619.18 2618.44 2617.40 2616.23 2615.58 2615.22 2615.22 2615.02 2615.06 2615.07 2615.14 2614.95 2614.64 2614.25 2613.72 2613.28 2612.86 2612.35 2611.58 2610.35 2609.02 2607.66
2975.40 2990.30 3001.20 3017.80 3034.00 3016.90 2994.50 2978.20 2963.00 2950.70 2939.30 2928.60 2919.20 2907.40 2892.00 2874.50 2861.10 2850.40 2838.10 2826.80 2817.20 2811.20 2804.80 2796.40 2787.00 2777.00 2763.90 2753.00 2741.50 2727.60 2719.74 2716.84 2713.00 2706.72 2698.25 2691.30 2679.40 2665.22 2653.13 2641.17 2627.92 2623.19 2622.01 2621.94 2622.29 2621.93 2621.38 2620.75 2619.64 2618.58 2618.15 2617.94 2617.54 2617.21 2616.92 2616.86 2616.35 2615.93 2615.25 2614.45 2613.80 2613.20 2612.54 2611.68 2610.18 2608.68 2607.04
3002.20 3028.60 3031.40 3042.70 3035.80 3002.90 2981.20 2966.90 2950.70 2939.30 2927.40 2915.70 2906.70 2898.40 2886.70 2870.10 2855.20 2844.20 2832.30 2821.10 2813.80 2808.30 2802.70 2794.40 2786.50 2777.50 2761.90 2746.70 2733.90 2719.70 2717.45 2709.55 2704.57 2695.86 2682.46 2672.39 2662.78 2653.10 2642.21 2630.58 2629.73 2628.73 2627.68 2627.44 2626.64 2625.73 2624.69 2623.71 2622.55 2621.48 2620.96 2620.60 2619.94 2619.19 2618.39 2617.95 2617.40 2616.83 2616.09 2615.24 2614.29 2613.42 2612.53 2611.44 2609.89 2608.22 2606.52
3037.60 3049.70 3051.10 3033.50 3013.80 2992.50 2973.70 2956.70 2939.90 2927.50 2916.00 2904.60 2894.20 2886.10 2878.80 2867.10 2850.70 2837.00 2829.40 2821.10 2808.60 2803.10 2796.30 2788.90 2780.50 2772.20 2760.30 2743.30 2716.08 2713.96 2708.63 2700.74 2691.94 2682.52 2671.59 2663.44 2657.63 2645.77 2635.96 2632.59 2630.96 2632.33 2631.27 2630.95 2630.08 2629.32 2627.93 2626.76 2625.70 2624.72 2623.83 2623.00 2621.98 2620.90 2619.97 2619.09 2618.39 2617.71 2616.92 2616.00 2614.74 2613.60 2612.47 2611.16 2609.50 2607.71 2605.94
3054.00 3055.90 3036.60 3016.00 3000.00 2985.70 2966.90 2949.40 2932.00 2918.20 2906.50 2895.20 2885.00 2875.70 2865.40 2855.40 2845.30 2834.60 2824.70 2814.80 2805.70 2796.80 2788.50 2782.10 2772.70 2763.50 2753.10 2736.20 2709.69 2702.32 2695.82 2687.85 2679.47 2670.41 2662.16 2654.90 2643.52 2642.38 2639.12 2638.03 2637.74 2636.61 2635.23 2634.42 2633.41 2632.33 2631.05 2629.91 2628.87 2627.89 2626.58 2625.35 2623.99 2622.61 2621.37 2620.47 2619.48 2618.67 2617.73 2616.69 2615.43 2613.88 2612.48 2610.98 2609.23 2607.26 2605.44
3062.90 3046.60 3023.30 3003.20 2991.00 2979.60 2964.40 2944.10 2924.60 2909.40 2896.70 2884.80 2876.00 2867.00 2856.90 2846.80 2836.80 2833.50 2823.20 2812.70 2801.40 2790.60 2782.00 2773.00 2765.10 2755.00 2743.90 2722.20 2699.10 2690.58 2681.52 2673.67 2665.70 2658.31 2651.70 2646.05 2641.80 2643.58 2641.64 2640.68 2640.37 2639.38 2638.32 2637.64 2636.63 2635.59 2634.40 2632.97 2631.90 2630.59 2628.99 2627.57 2625.93 2624.31 2622.82 2621.57 2620.73 2619.78 2618.55 2617.31 2615.90 2614.26 2612.51 2610.78 2608.90 2606.76 2604.99
3053.30 3028.70 3009.30 2993.90 2981.80 2971.00 2961.70 2940.40 2919.00 2904.10 2891.40 2880.20 2871.60 2861.60 2851.30 2842.40 2832.40 2825.90 2821.80 2810.90 2801.40 2789.00 2774.70 2764.00 2755.60 2735.44 2728.84 2709.17 2689.54 2680.29 2672.42 2664.52 2652.82 2646.47 2642.74 2645.14 2644.57 2644.94 2644.17 2643.56 2642.90 2641.88 2640.92 2640.30 2639.52 2638.72 2637.74 2636.09 2634.46 2632.65 2631.19 2629.51 2627.70 2625.94 2624.32 2622.95 2621.88 2620.75 2619.39 2617.92 2616.45 2614.54 2612.40 2610.48 2608.58 2606.24 2604.59
3042.60 3018.20 3002.90 2986.40 2974.00 2962.90 2953.60 2942.20 2924.00 2904.80 2891.50 2880.90 2871.30 2858.90 2846.10 2836.20 2827.80 2818.40 2813.10 2803.80 2793.40 2780.70 2765.90 2752.20 2743.90 2730.13 2714.16 2697.16 2679.80 2668.23 2659.70 2652.84 2646.38 2644.93 2644.61 2645.77 2644.97 2646.68 2646.31 2645.80 2644.81 2643.75 2642.96 2642.89 2642.25 2641.38 2640.10 2638.63 2636.88 2634.95 2633.06 2631.07 2629.39 2627.40 2625.64 2624.16 2622.91 2621.67 2619.93 2618.18 2616.54 2614.59 2612.09 2610.10 2608.16 2606.11 2604.45
3033.90 3013.50 2996.50 2981.80 2969.20 2957.50 2948.40 2937.30 2925.60 2909.80 2894.80 2883.00 2868.60 2853.50 2839.90 2827.80 2818.90 2810.20 2801.50 2791.30 2780.60 2768.50 2756.50 2744.30 2727.55 2711.06 2699.80 2685.43 2668.56 2657.41 2649.87 2646.56 2650.01 2649.93 2649.67 2649.25 2649.12 2648.78 2648.15 2647.61 2646.82 2646.01 2645.40 2645.27 2644.75 2643.59 2642.20 2640.44 2638.95 2637.03 2634.88 2632.63 2630.53 2628.47 2626.65 2625.03 2623.59 2622.14 2620.40 2618.34 2616.46 2614.38 2611.92 2609.92 2607.88 2606.26 2604.92
3024.30 3008.30 2991.40 2976.90 2964.90 2954.10 2943.40 2933.90 2924.60 2913.60 2896.40 2878.60 2867.30 2854.00 2836.70 2823.00 2810.40 2798.80 2789.00 2780.30 2747.71 2749.57 2743.07 2729.75 2707.33 2693.51 2680.98 2666.80 2654.46 2651.87 2648.66 2650.00 2650.01 2650.21 2650.50 2650.91 2650.88 2650.50 2649.90 2649.44 2648.90 2648.60 2648.37 2647.61 2646.71 2645.11 2643.53 2642.24 2640.58 2638.74 2636.48 2634.00 2631.60 2629.49 2627.44 2625.65 2624.00 2622.34 2620.52 2618.32 2615.91 2613.90 2611.56 2609.56 2607.95 2606.68 2605.63
3016.10 3000.70 2987.70 2974.90 2962.30 2948.70 2938.10 2928.80 2918.60 2911.00 2895.90 2881.70 2865.90 2852.60 2835.70 2817.90 2798.30 2785.00 2771.80 2741.90 2736.92 2734.02 2727.00 2714.26 2694.55 2678.47 2667.48 2660.60 2653.48 2649.78 2647.59 2649.97 2649.98 2650.44 2651.01 2651.57 2651.82 2651.82 2651.64 2651.24 2650.83 2650.63 2650.58 2649.53 2648.28 2646.55 2644.83 2643.71 2641.86 2639.79 2637.66 2635.05 2632.52 2630.25 2628.00 2626.07 2624.23 2622.37 2620.34 2618.06 2615.43 2613.24 2611.44 2609.62 2608.17 2607.02 2606.00
3014.00 2996.80 2986.50 2973.80 2959.30 2947.40 2936.10 2925.80 2915.10 2906.60 2896.00 2878.10 2860.70 2846.20 2831.10 2809.80 2789.60 2768.49 2754.31 2738.58 2731.65 2722.96 2712.22 2701.52 2681.60 2669.29 2662.51 2658.71 2655.25 2651.28 2649.10 2649.70 2650.09 2650.80 2651.47 2652.07 2652.56 2652.86 2652.98 2652.86 2652.65 2652.42 2652.01 2651.14 2649.69 2648.22 2646.66 2644.59 2642.25 2640.43 2638.21 2635.63 2633.05 2630.64 2628.51 2626.42 2624.43 2622.44 2620.32 2617.95 2615.28 2612.99 2611.55 2609.97 2608.46 2607.33 2606.39
3008.50 2994.60 2982.40 2966.90 2952.50 2940.90 2932.80 2925.20 2915.00 2901.90 2887.10 2871.10 2856.10 2839.00 2822.50 2785.71 2770.21 2755.95 2743.10 2731.51 2720.86 2708.47 2697.63 2685.62 2675.63 2669.51 2664.31 2660.81 2656.48 2652.69 2650.72 2650.20 2650.41 2651.55 2652.19 2652.79 2653.48 2654.02 2654.34 2654.45 2654.33 2654.04 2653.15 2652.08 2650.82 2649.87 2648.10 2645.18 2642.94 2640.84 2638.52 2635.99 2633.47 2631.01 2628.78 2626.70 2624.65 2622.59 2620.40 2617.98 2615.30 2612.97 2611.30 2610.00 2608.66 2607.57 2606.82
2989.10 2985.90 2972.90 2958.70 2944.70 2933.50 2925.50 2915.80 2902.60 2890.40 2876.90 2859.90 2840.00 2826.00 2804.00 2769.27 2755.17 2739.68 2729.05 2717.71 2706.08 2694.46 2685.98 2681.65 2675.91 2671.55 2666.77 2662.16 2658.42 2655.08 2652.89 2652.03 2652.33 2653.33 2653.44 2653.96 2655.10 2655.68 2655.97 2656.12 2655.97 2655.77 2654.77 2653.24 2652.32 2651.45 2649.01 2646.24 2644.01 2641.49 2638.99 2636.45 2634.06 2631.74 2629.47 2627.21 2625.04 2622.90 2620.65 2618.16 2615.70 2613.49 2611.12 2609.83 2608.55 2607.70 2607.36
2961.80 2957.90 2954.20 2949.50 2935.10 2926.30 2916.00 2903.20 2888.50 2872.20 2838.26 2829.66 2808.07 2786.62 2767.46 2750.36 2737.11 2724.35 2712.15 2702.49 2692.97 2689.16 2682.82 2682.22 2677.33 2672.69 2668.41 2664.20 2660.57 2657.10 2654.65 2653.66 2654.04 2654.78 2655.19 2655.78 2656.82 2657.49 2657.79 2657.92 2657.71 2657.09 2655.78 2654.29 2653.39 2651.91 2649.60 2647.42 2644.96 2642.20 2639.62 2637.11 2634.92 2632.74 2630.48 2628.04 2625.71 2623.45 2621.00 2618.38 2616.05 2613.79 2611.15 2609.57 2608.52 2608.11 2608.44
2937.20 2938.10 2934.40 2928.00 2919.50 2911.50 2900.50 2895.07 2884.36 2861.27 2824.28 2804.89 2783.59 2769.69 2754.08 2739.18 2725.81 2712.66 2703.21 2694.91 2694.38 2689.80 2685.46 2682.13 2677.83 2673.26 2669.05 2665.06 2661.43 2657.96 2654.99 2654.47 2655.19 2656.20 2657.19 2658.35 2659.05 2659.55 2659.72 2659.83 2659.57 2658.64 2657.08 2655.89 2654.88 2652.75 2650.25 2647.80 2645.65 2643.28 2640.96 2638.51 2636.30 2634.16 2631.99 2629.57 2626.95 2624.49 2621.74 2618.82 2616.04 2613.67 2611.44 2609.94 2609.23 2609.85 2610.62
2916.80 2917.20 2915.70 2905.76 2905.11 2895.84 2893.39 2878.02 2846.62 2823.22 2798.95 2779.28 2762.89 2748.68 2737.82 2727.35 2716.67 2706.07 2702.11 2697.93 2695.19 2691.20 2686.91 2682.35 2677.85 2673.88 2669.63 2665.40 2661.35 2658.38 2656.01 2655.57 2656.31 2657.90 2658.96 2660.23 2661.34 2661.55 2661.65 2661.66 2661.53 2660.35 2658.84 2658.00 2655.95 2653.43 2651.26 2648.91 2646.84 2644.64 2642.47 2640.26 2638.09 2636.00 2633.96 2631.72 2629.25 2626.23 2622.77 2619.52 2616.02 2612.92 2611.39 2610.74 2610.83 2611.37 2611.63
2893.90 2894.69 2894.97 2897.63 2883.80 2873.12 2862.81 2842.32 2808.73 2786.14 2771.28 2760.35 2744.28 2735.12 2727.02 2718.45 2710.99 2707.33 2704.35 2701.58 2698.18 2693.88 2689.11 2684.04 2679.45 2674.62 2670.50 2666.16 2661.44 2658.49 2657.12 2657.40 2658.68 2659.88 2660.83 2662.05 2663.13 2663.59 2663.68 2663.47 2662.92 2661.69 2660.80 2660.30 2657.52 2654.56 2652.16 2650.60 2648.62 2646.50 2644.54 2642.48 2640.40 2638.34 2636.54 2634.55 2631.75 2628.53 2624.65 2620.75 2617.20 2614.52 2612.48 2611.49 2612.78 2613.75 2615.41
2879.22 2878.51 2879.96 2877.32 2868.56 2848.84 2827.54 2800.36 2783.42 2770.88 2757.52 2741.47 2733.12 2727.74 2721.08 2717.02 2713.59 2711.00 2707.83 2705.07 2701.88 2697.49 2691.74 2686.38 2680.82 2675.46 2671.34 2666.97 2661.81 2658.86 2658.03 2658.93 2660.38 2661.67 2662.95 2664.17 2665.19 2665.81 2665.92 2665.54 2664.90 2664.00 2663.21 2662.19 2659.29 2656.47 2654.38 2652.80 2650.90 2649.08 2647.13 2645.08 2643.05 2641.41 2639.79 2637.82 2634.15 2630.61 2626.76 2622.35 2619.08 2616.77 2616.12 2615.63 2616.29 2616.90 2619.35
2865.95 2867.33 2864.01 2858.74 2839.64 2821.62 2802.03 2783.61 2769.96 2757.51 2746.83 2732.45 2730.18 2724.90 2720.66 2720.72 2718.21 2714.22 2711.58 2708.66 2704.99 2700.28 2694.41 2688.46 2681.89 2676.26 2672.09 2667.65 2662.09 2659.55 2658.86 2660.18 2661.43 2663.45 2665.24 2666.52 2667.53 2668.31 2668.43 2667.84 2667.18 2666.44 2665.48 2663.79 2661.19 2658.99 2656.68 2654.94 2653.10 2651.84 2649.93 2648.12 2646.36 2644.58 2642.89 2640.72 2637.45 2633.07 2629.36 2625.18 2622.29 2621.03 2620.72 2620.84 2620.84 2621.95 2623.41
2847.06 2845.30 2835.86 2809.51 2811.75 2798.16 2786.88 2773.47 2762.54 2754.77 2740.45 2734.16 2731.16 2729.41 2726.98 2724.39 2721.44 2718.19 2714.87 2711.95 2707.64 2702.40 2696.43 2689.86 2683.23 2677.43 2673.06 2668.64 2663.90 2661.02 2660.45 2661.14 2663.21 2665.77 2667.89 2669.13 2670.16 2670.95 2671.13 2670.37 2669.68 2669.06 2668.02 2665.89 2663.57 2661.62 2659.78 2657.76 2655.41 2654.29 2652.98 2651.38 2649.55 2647.57 2645.69 2643.53 2639.94 2636.18 2632.59 2629.77 2628.03 2627.28 2627.60 2628.76 2629.23 2629.34 2629.86
2809.01 2806.81 2797.03 2791.89 2792.78 2783.51 2773.80 2765.33 2759.96 2750.12 2743.00 2737.89 2734.45 2732.31 2730.04 2727.23 2724.35 2721.22 2717.81 2714.56 2709.39 2703.85 2697.82 2691.21 2684.82 2679.05 2674.10 2670.02 2665.88 2663.11 2663.11 2664.32 2665.91 2668.45 2670.44 2672.05 2672.85 2673.62 2673.68 2673.10 2672.52 2672.02 2670.53 2668.26 2666.35 2664.81 2663.22 2661.82 2659.83 2657.65 2655.58 2654.15 2652.82 2650.86 2648.33 2645.83 2642.78 2640.03 2637.74 2636.12 2635.26 2635.65 2636.31 2636.87 2637.26 2638.02 2639.40
2800.07 2795.45 2792.21 2788.10 2783.78 2777.30 2770.75 2763.60 2756.82 2749.62 2744.51 2740.47 2737.40 2734.95 2732.63 2729.61 2726.42 2723.81 2720.09 2715.89 2710.80 2705.27 2699.14 2692.82 2686.73 2680.67 2675.21 2671.69 2667.59 2664.52 2665.90 2667.97 2668.57 2670.68 2672.94 2674.70 2675.94 2676.79 2676.88 2676.85 2676.56 2675.18 2673.31 2671.35 2670.48 2668.98 2667.45 2666.41 2664.27 2662.22 2659.87 2657.15 2654.56 2654.18 2651.36 2648.49 2646.03 2645.05 2643.52 2642.91 2643.18 2644.31 2645.95 2647.54 2648.30 2649.15 2650.45
2802.11 2797.10 2791.53 2786.54 2782.12 2776.04 2769.33 2763.17 2756.73 2750.51 2745.57 2742.98 2740.21 2737.26 2734.64 2731.71 2728.42 2725.39 2722.04 2717.53 2712.35 2706.90 2701.14 2695.37 2688.65 2683.14 2678.38 2672.95 2669.33 2665.03 2668.43 2670.90 2672.32 2674.09 2677.03 2678.04 2679.34 2680.20 2680.39 2680.38 2679.61 2678.40 2676.96 2675.65 2674.80 2673.89 2673.12 2672.13 2670.00 2667.16 2664.00 2661.88 2659.64 2657.54 2654.36 2653.28 2651.71 2650.62 2649.49 2649.81 2651.36 2654.17 2657.33 2660.30 2661.52 2663.06 2664.85
