data/gries/surface-2007.grid
NCOLS       257
NROWS       241
XLLCORNER          666587.50
YLLCORNER          140987.50
CELLSIZE           25.000000
NODATA_VALUE   -9999
[rows 29 to 57 of 241, columns 134 to 200 of 257]
2448.30 2450.20 2454.40 2456.70 2460.30 2468.10 2477.00 2483.20 2485.80 2486.10 2486.00 2494.40 2498.30 2502.20 2510.30 2512.30 2514.00 2514.10 2520.30 2528.50 2541.40 2558.50 2589.20 2604.80 2616.00 2624.70 2621.60 2612.70 2597.60 2610.50 2603.60 2595.00 2592.90 2598.70 2608.30 2606.00 2595.00 2578.70 2562.00 2542.40 2522.40 2507.90 2494.80 2478.90 2453.60 2430.90 2403.10 2380.30 2360.60 2336.30 2317.40 2305.60 2295.00 2287.60 2280.20 2272.40 2268.80 2269.90 2271.10 2270.10 2268.90 2283.80 2293.00 2304.20 2306.88 2310.02 2316.17
2455.60 2459.30 2465.40 2469.00 2476.10 2484.70 2492.70 2498.30 2498.30 2496.70 2499.10 2509.00 2511.10 2514.40 2519.10 2521.60 2524.80 2528.30 2534.60 2545.00 2559.40 2590.40 2617.40 2644.30 2661.00 2654.60 2646.10 2634.10 2624.00 2631.90 2634.20 2624.20 2626.90 2634.70 2638.40 2624.80 2608.10 2591.20 2574.70 2556.00 2532.10 2519.30 2509.90 2502.90 2490.70 2461.10 2433.90 2404.90 2379.20 2352.70 2331.50 2317.20 2308.00 2302.00 2292.40 2285.90 2277.50 2277.60 2277.20 2276.40 2292.04 2294.80 2300.88 2304.56 2309.11 2314.70 2320.09
2465.80 2470.50 2477.80 2485.50 2492.30 2500.40 2506.40 2506.60 2502.20 2501.80 2503.30 2510.90 2515.30 2519.30 2528.80 2534.20 2535.90 2541.60 2551.10 2561.00 2591.50 2619.00 2651.30 2676.10 2690.90 2681.30 2670.60 2658.70 2650.50 2657.80 2668.80 2674.70 2664.50 2666.50 2651.50 2636.80 2620.90 2601.90 2584.50 2567.40 2546.60 2535.10 2526.40 2519.60 2509.50 2488.20 2457.30 2425.90 2397.20 2373.20 2348.60 2328.60 2318.70 2312.30 2305.30 2302.50 2299.20 2293.60 2302.61 2299.88 2291.33 2295.35 2302.78 2305.12 2306.93 2310.13 2317.16
2476.40 2479.00 2492.40 2500.30 2507.30 2513.70 2518.60 2509.90 2504.90 2505.50 2506.90 2508.80 2511.90 2519.90 2531.60 2543.10 2547.90 2556.00 2565.50 2576.20 2604.00 2651.80 2683.00 2704.70 2711.70 2704.30 2691.80 2680.00 2680.00 2693.10 2704.30 2698.60 2684.40 2681.80 2667.60 2652.00 2635.70 2617.20 2599.10 2583.80 2565.00 2553.40 2545.10 2536.50 2522.00 2505.80 2480.70 2451.50 2416.30 2396.90 2379.00 2352.10 2336.50 2325.40 2313.90 2311.50 2320.22 2313.41 2305.31 2302.47 2301.15 2297.18 2299.79 2303.12 2306.99 2312.08 2318.13
2489.90 2490.50 2503.70 2512.70 2521.00 2523.50 2521.10 2511.80 2507.70 2508.40 2509.30 2511.50 2519.60 2526.70 2535.10 2547.20 2560.30 2565.50 2577.60 2591.30 2611.70 2648.60 2677.70 2703.10 2726.40 2723.50 2713.80 2709.40 2714.50 2718.00 2728.50 2719.10 2707.10 2699.30 2686.20 2669.10 2650.00 2631.80 2619.10 2609.20 2590.90 2570.20 2556.40 2548.60 2538.90 2518.30 2500.70 2477.30 2445.20 2424.00 2392.10 2373.30 2368.60 2343.60 2336.67 2329.18 2319.44 2313.41 2307.29 2304.00 2301.33 2296.17 2301.34 2306.79 2308.47 2315.86 2325.91
2503.70 2504.90 2511.00 2520.40 2526.60 2530.40 2519.30 2511.60 2512.20 2514.60 2517.40 2521.30 2529.00 2537.80 2541.50 2550.20 2563.80 2574.00 2586.00 2611.00 2642.40 2661.30 2680.60 2707.50 2730.70 2742.70 2736.00 2731.90 2734.50 2740.30 2747.20 2738.80 2728.30 2715.60 2700.90 2684.00 2672.80 2657.70 2644.90 2628.80 2611.00 2589.30 2572.20 2558.20 2544.30 2524.60 2508.80 2485.90 2456.90 2426.30 2415.00 2399.10 2380.20 2351.24 2344.15 2331.63 2317.41 2309.44 2307.08 2305.37 2304.36 2297.94 2303.46 2307.90 2313.68 2327.35 2340.81
2518.00 2518.30 2517.70 2529.20 2536.10 2528.70 2518.30 2517.70 2519.30 2522.20 2526.20 2530.50 2534.60 2542.70 2549.80 2556.40 2565.00 2577.80 2594.90 2630.10 2655.70 2682.10 2699.90 2717.30 2733.40 2761.00 2760.00 2753.90 2753.80 2757.90 2765.60 2758.90 2743.80 2723.80 2708.70 2700.90 2692.60 2672.80 2647.10 2627.00 2611.40 2591.10 2575.00 2561.70 2544.30 2524.60 2509.00 2492.70 2470.50 2450.00 2431.10 2413.80 2369.81 2359.09 2347.09 2332.00 2319.30 2310.97 2306.93 2308.91 2305.92 2300.61 2306.88 2312.60 2320.01 2336.00 2344.40
2543.70 2534.60 2532.50 2534.90 2544.20 2537.80 2524.90 2524.80 2526.90 2530.10 2534.10 2538.40 2542.90 2548.40 2555.70 2562.60 2570.50 2584.80 2597.90 2625.00 2645.80 2668.90 2696.60 2717.70 2737.90 2754.60 2777.30 2777.20 2775.70 2778.90 2790.00 2772.50 2749.90 2735.70 2726.30 2719.70 2695.90 2675.00 2646.70 2626.00 2607.10 2590.60 2575.00 2560.70 2540.10 2520.30 2503.40 2488.00 2468.80 2449.50 2426.30 2396.41 2384.40 2366.61 2351.01 2335.66 2324.31 2316.02 2313.34 2312.79 2309.30 2308.55 2312.02 2315.98 2324.29 2339.94 2343.27
2560.70 2557.00 2548.60 2547.10 2552.30 2540.70 2535.10 2534.40 2535.10 2538.00 2542.70 2546.90 2551.60 2556.60 2562.50 2569.80 2577.70 2590.60 2609.00 2625.40 2640.40 2664.90 2694.70 2720.90 2753.80 2778.80 2794.20 2799.00 2796.10 2789.20 2777.40 2772.60 2763.80 2752.50 2738.40 2718.20 2692.20 2657.90 2631.70 2616.80 2596.80 2578.80 2565.70 2550.50 2533.10 2516.70 2500.50 2482.90 2457.50 2435.80 2416.00 2413.47 2395.69 2378.16 2358.13 2344.18 2333.21 2328.91 2323.14 2321.95 2318.76 2316.73 2316.87 2324.22 2328.66 2338.98 2342.49
2585.70 2572.90 2565.80 2562.50 2563.10 2554.20 2549.30 2546.10 2545.70 2549.10 2553.60 2558.20 2562.10 2566.80 2571.60 2578.50 2588.30 2600.80 2622.30 2635.70 2661.50 2687.70 2711.40 2745.90 2782.60 2804.50 2800.90 2782.60 2770.00 2759.60 2758.30 2753.40 2747.50 2741.10 2722.80 2685.80 2663.50 2643.30 2615.70 2598.60 2580.60 2566.60 2552.40 2537.50 2522.40 2510.30 2496.10 2479.20 2453.90 2436.60 2438.76 2422.00 2403.54 2386.03 2373.13 2361.94 2349.62 2347.92 2339.92 2333.57 2331.04 2327.66 2326.38 2324.82 2329.30 2337.12 2341.55
2605.20 2590.00 2588.20 2580.80 2578.30 2572.40 2566.50 2561.80 2560.10 2562.50 2565.30 2569.00 2573.20 2579.00 2583.90 2588.30 2597.70 2617.90 2640.60 2670.10 2695.40 2718.70 2754.90 2779.40 2805.60 2798.40 2784.40 2764.80 2742.70 2731.90 2727.80 2724.40 2720.00 2711.30 2693.80 2668.00 2640.80 2617.60 2601.40 2585.10 2570.60 2553.50 2537.20 2519.80 2513.20 2501.10 2487.50 2470.80 2470.30 2457.40 2435.99 2429.88 2418.76 2409.06 2401.90 2389.80 2380.65 2369.45 2362.62 2350.19 2340.40 2334.28 2333.28 2327.42 2328.76 2333.69 2335.95
2601.00 2609.30 2606.70 2607.80 2605.80 2600.30 2587.20 2577.60 2575.70 2576.20 2578.00 2579.90 2584.00 2588.30 2593.60 2599.30 2611.90 2637.60 2700.00 2722.90 2738.30 2760.90 2793.90 2816.20 2801.70 2781.80 2765.30 2735.60 2720.90 2711.60 2703.70 2695.80 2689.90 2680.90 2664.20 2640.00 2621.10 2605.70 2588.60 2573.90 2560.00 2540.00 2520.00 2514.00 2506.70 2501.10 2495.40 2489.40 2476.70 2463.40 2445.34 2436.86 2433.04 2427.04 2416.35 2405.23 2396.96 2384.46 2373.95 2357.62 2346.05 2340.57 2335.56 2333.78 2337.94 2346.09 2359.61
2598.60 2621.70 2628.90 2633.30 2632.90 2626.20 2607.20 2593.10 2587.90 2587.80 2588.50 2589.90 2593.30 2597.20 2604.20 2612.60 2630.50 2680.90 2716.80 2752.30 2779.00 2801.70 2818.90 2808.40 2780.10 2761.10 2739.70 2719.60 2705.20 2693.80 2681.50 2677.90 2671.00 2660.00 2646.30 2627.50 2610.50 2594.50 2577.10 2561.40 2545.00 2531.70 2519.00 2515.10 2509.50 2504.80 2502.00 2494.10 2481.70 2473.25 2461.61 2449.93 2443.97 2437.12 2427.17 2416.72 2403.39 2398.32 2375.90 2364.25 2352.81 2349.43 2351.70 2364.17 2374.20 2384.27 2386.00
2593.70 2625.60 2648.30 2673.40 2665.00 2644.30 2630.00 2612.20 2601.70 2598.90 2599.40 2599.90 2604.50 2609.90 2615.50 2622.60 2636.40 2690.30 2702.50 2741.30 2780.90 2813.40 2824.50 2790.30 2767.00 2747.50 2723.00 2705.30 2690.50 2678.60 2668.70 2661.60 2653.90 2645.80 2632.50 2615.60 2599.40 2583.40 2567.60 2552.70 2539.20 2529.60 2520.00 2516.30 2512.40 2508.10 2504.10 2499.90 2489.60 2483.47 2473.00 2462.86 2454.46 2443.85 2435.55 2421.63 2413.01 2405.37 2387.65 2379.73 2377.40 2383.17 2387.93 2386.00 2386.00 2386.00 2386.00
2592.00 2614.60 2638.80 2677.70 2700.00 2678.90 2647.80 2630.30 2623.00 2617.50 2616.00 2616.00 2619.10 2624.80 2631.10 2636.70 2667.00 2706.40 2726.90 2759.10 2799.20 2827.40 2797.80 2768.80 2746.90 2729.50 2709.00 2692.00 2677.80 2667.50 2658.20 2649.60 2641.80 2632.20 2621.50 2608.20 2592.40 2576.00 2560.90 2548.60 2536.90 2530.20 2523.40 2517.10 2512.20 2506.40 2502.20 2498.20 2494.20 2486.64 2478.28 2466.58 2455.43 2443.56 2427.92 2415.26 2410.67 2400.08 2387.28 2386.00 2386.00 2386.00 2386.00 2386.00 2386.00 2386.00 2386.00
2587.10 2603.50 2626.30 2648.10 2689.10 2697.30 2668.30 2646.10 2638.20 2634.80 2634.60 2635.00 2638.00 2642.20 2651.30 2671.20 2707.40 2744.10 2770.60 2795.70 2815.80 2805.70 2760.50 2742.70 2728.90 2712.00 2694.00 2678.90 2667.50 2657.60 2649.50 2640.40 2630.40 2620.90 2612.60 2602.30 2583.10 2570.60 2558.60 2548.00 2538.30 2531.40 2524.50 2518.70 2508.10 2502.80 2497.70 2493.90 2502.40 2488.21 2473.26 2465.98 2452.79 2439.20 2426.17 2413.63 2405.57 2391.33 2386.00 2386.00 2386.00 2386.00 2386.00 2386.00 2386.00 2386.00 2386.00
2589.10 2603.10 2615.10 2637.00 2656.50 2681.00 2684.20 2670.50 2660.60 2660.00 2655.00 2655.30 2660.90 2669.40 2686.60 2708.40 2741.70 2778.50 2804.40 2803.90 2799.70 2782.90 2741.60 2726.40 2713.60 2698.50 2681.70 2668.00 2657.00 2649.00 2641.70 2631.80 2621.20 2612.10 2603.50 2589.90 2577.00 2569.90 2559.00 2548.60 2539.40 2533.50 2528.60 2523.40 2507.20 2497.90 2497.50 2495.90 2490.50 2480.87 2471.30 2458.83 2446.72 2432.00 2419.83 2410.69 2398.61 2382.87 2386.00 2386.00 2386.00 2386.00 2386.00 2386.00 2386.00 2386.00 2386.00
2591.90 2600.10 2612.70 2628.30 2650.00 2681.80 2706.80 2693.50 2696.80 2690.50 2686.40 2690.20 2693.80 2704.80 2722.30 2741.90 2764.70 2801.00 2794.70 2785.30 2776.50 2751.40 2727.80 2713.30 2700.50 2688.40 2673.80 2660.60 2651.00 2642.50 2634.90 2628.20 2618.60 2605.80 2597.10 2585.00 2576.20 2567.60 2559.30 2551.00 2543.90 2538.00 2532.60 2525.70 2517.80 2508.90 2500.00 2495.14 2484.79 2473.31 2464.49 2453.61 2439.15 2423.52 2412.15 2401.90 2389.57 2386.00 2386.00 2386.00 2386.00 2386.00 2386.00 2386.00 2386.00 2386.00 2386.00
2597.10 2601.50 2611.80 2626.20 2645.40 2668.90 2705.00 2725.20 2725.80 2734.20 2733.20 2731.30 2732.90 2738.70 2754.00 2772.90 2795.30 2787.00 2771.10 2762.80 2745.80 2723.20 2711.00 2699.60 2689.30 2678.90 2667.30 2654.80 2646.30 2637.70 2631.10 2624.30 2615.70 2604.30 2597.60 2590.20 2581.70 2575.90 2568.00 2560.00 2550.50 2538.80 2528.70 2520.10 2515.60 2508.10 2494.19 2487.31 2479.21 2472.80 2465.89 2449.15 2436.83 2421.71 2406.25 2394.98 2383.25 2386.00 2386.00 2386.00 2386.00 2386.00 2386.00 2386.00 2386.00 2386.00 2386.00
2606.40 2610.40 2616.30 2626.70 2645.00 2662.00 2698.10 2727.60 2757.20 2765.40 2773.00 2773.40 2773.00 2775.00 2789.00 2804.30 2801.30 2767.70 2749.50 2736.60 2722.80 2708.40 2696.80 2684.20 2676.80 2670.50 2662.10 2649.50 2639.80 2634.10 2627.20 2622.80 2620.00 2613.10 2605.70 2599.00 2590.60 2582.80 2571.50 2560.60 2548.50 2535.90 2522.80 2515.30 2509.40 2496.85 2493.93 2485.57 2480.00 2470.82 2462.33 2449.07 2431.98 2419.63 2401.26 2385.15 2386.00 2386.00 2386.00 2386.00 2386.00 2386.00 2386.00 2386.00 2386.00 2386.00 2386.00
2613.00 2619.90 2625.90 2634.90 2645.90 2663.70 2684.90 2715.30 2742.30 2769.30 2796.30 2811.20 2812.30 2815.20 2828.90 2827.70 2787.00 2753.40 2736.10 2719.70 2707.30 2694.90 2682.60 2673.70 2666.40 2659.60 2655.00 2643.80 2637.30 2634.00 2630.30 2626.60 2621.40 2616.00 2608.70 2603.60 2595.00 2578.10 2568.60 2556.90 2545.80 2533.10 2521.00 2513.90 2506.30 2498.81 2490.30 2481.77 2475.55 2466.58 2453.32 2442.69 2427.83 2412.35 2389.67 2386.00 2386.00 2386.00 2386.00 2386.00 2386.00 2386.00 2386.00 2386.00 2386.00 2386.00 2386.00
2617.40 2626.70 2634.60 2642.40 2652.60 2666.00 2684.90 2709.20 2739.90 2772.80 2807.20 2846.80 2855.00 2851.40 2838.50 2816.10 2774.30 2743.70 2728.60 2712.50 2698.50 2683.20 2675.70 2668.70 2661.80 2656.70 2649.90 2644.80 2640.40 2637.70 2631.60 2625.50 2617.60 2611.60 2604.70 2603.10 2594.60 2577.50 2569.10 2560.70 2544.50 2525.90 2516.40 2506.00 2497.46 2493.20 2484.73 2477.86 2469.46 2456.76 2442.93 2431.76 2416.48 2391.84 2386.00 2386.00 2386.00 2386.00 2386.00 2386.00 2386.00 2386.00 2386.00 2386.00 2386.00 2386.00 2386.00
2620.90 2629.30 2639.40 2650.60 2660.10 2674.00 2689.60 2709.30 2741.70 2780.10 2820.50 2859.60 2851.60 2836.80 2816.00 2799.00 2757.40 2736.80 2719.10 2704.60 2692.50 2679.20 2674.80 2669.10 2662.70 2659.20 2655.90 2651.50 2643.60 2636.00 2628.10 2622.60 2615.10 2606.10 2595.30 2588.40 2581.60 2573.60 2562.00 2542.70 2528.30 2517.00 2510.10 2499.28 2494.63 2486.67 2479.30 2471.52 2461.37 2446.76 2432.35 2420.62 2395.42 2386.00 2386.00 2386.00 2386.00 2386.00 2386.00 2386.00 2386.00 2386.00 2386.00 2386.00 2386.00 2386.00 2386.00
2628.30 2637.10 2647.00 2658.30 2664.00 2674.90 2691.10 2713.50 2748.90 2788.90 2837.90 2849.70 2835.70 2817.10 2800.90 2769.40 2746.40 2729.00 2713.30 2698.50 2688.10 2678.50 2673.80 2669.20 2667.80 2665.50 2662.00 2652.40 2639.70 2631.80 2624.60 2616.20 2607.10 2597.50 2585.50 2574.30 2566.10 2558.40 2544.90 2530.30 2516.70 2510.30 2502.23 2498.80 2488.47 2481.34 2471.02 2463.00 2450.20 2434.60 2417.88 2400.82 2386.00 2386.00 2386.00 2386.00 2386.00 2386.00 2386.00 2386.00 2386.00 2386.00 2386.00 2386.00 2386.00 2386.00 2386.00
2638.10 2647.30 2657.90 2666.60 2673.10 2680.00 2691.90 2716.30 2758.90 2801.80 2829.70 2833.60 2817.30 2805.00 2781.90 2753.20 2737.40 2721.30 2708.40 2697.40 2686.00 2680.90 2677.10 2676.20 2675.40 2668.70 2660.80 2648.80 2635.90 2625.50 2618.30 2608.00 2598.50 2586.40 2573.80 2560.60 2551.80 2544.00 2530.90 2519.70 2518.60 2505.57 2499.67 2492.00 2484.47 2473.71 2459.28 2447.65 2434.81 2420.39 2405.86 2390.37 2386.00 2386.00 2386.00 2386.00 2386.00 2386.00 2386.00 2386.00 2386.00 2386.00 2386.00 2386.00 2386.00 2386.00 2386.00
2644.20 2656.80 2666.50 2673.40 2680.90 2688.20 2698.10 2718.70 2756.00 2797.60 2824.60 2817.10 2802.70 2789.30 2768.30 2747.40 2728.00 2713.90 2700.20 2693.70 2690.40 2687.10 2684.50 2683.50 2679.10 2669.70 2657.60 2648.50 2637.20 2620.90 2611.20 2600.80 2586.00 2570.00 2555.60 2547.40 2539.10 2537.00 2532.60 2525.20 2511.99 2505.25 2492.01 2483.52 2470.57 2460.63 2446.12 2430.46 2417.03 2409.64 2398.02 2386.00 2386.00 2386.00 2386.00 2386.00 2386.00 2386.00 2386.00 2386.00 2386.00 2386.00 2386.00 2386.00 2386.00 2386.00 2386.00
2651.80 2663.10 2676.80 2682.00 2687.90 2694.70 2709.00 2724.50 2751.60 2794.00 2820.40 2802.70 2787.90 2771.80 2754.30 2736.40 2718.60 2710.20 2703.80 2698.40 2696.50 2696.20 2694.30 2688.00 2676.80 2660.80 2652.70 2644.90 2633.20 2618.30 2608.20 2594.90 2574.30 2553.20 2539.80 2537.30 2535.10 2531.80 2518.78 2516.96 2511.32 2498.80 2486.20 2476.15 2461.78 2445.92 2430.24 2417.82 2409.46 2396.39 2386.10 2386.00 2386.00 2386.00 2386.00 2386.00 2386.00 2386.00 2386.00 2386.00 2386.00 2386.00 2386.00 2386.00 2386.00 2386.00 2386.00
2661.30 2669.70 2681.50 2690.60 2697.10 2701.90 2711.70 2730.10 2758.80 2790.10 2813.90 2796.00 2779.30 2761.10 2741.80 2729.10 2720.80 2714.80 2708.70 2706.30 2707.70 2706.60 2698.40 2686.30 2672.80 2657.50 2648.00 2641.10 2627.50 2613.40 2603.40 2584.00 2559.50 2545.10 2536.60 2533.70 2531.00 2518.67 2515.02 2505.76 2497.60 2487.73 2476.29 2463.38 2448.06 2433.20 2418.65 2409.40 2394.55 2386.70 2386.00 2386.00 2386.00 2386.00 2386.00 2386.00 2386.00 2386.00 2386.00 2386.00 2386.00 2386.00 2386.00 2386.00 2386.00 2386.00 2386.00
2672.30 2677.60 2689.50 2697.60 2706.60 2708.90 2714.70 2728.40 2752.00 2792.70 2811.20 2796.00 2775.40 2756.80 2739.80 2733.20 2725.90 2719.50 2716.40 2716.30 2719.30 2713.60 2701.30 2685.50 2671.40 2655.90 2644.80 2633.80 2623.80 2609.20 2590.10 2572.20 2560.90 2540.40 2534.80 2530.30 2516.77 2513.09 2503.38 2493.53 2483.79 2473.52 2463.50 2450.30 2438.34 2423.09 2410.51 2397.13 2387.30 2386.00 2386.00 2386.00 2386.00 2386.00 2386.00 2386.00 2386.00 2386.00 2386.00 2386.00 2386.00 2386.00 2386.00 2386.00 2386.00 2386.00 2386.00
