data/gries/surface-1884.grid
NCOLS       257
NROWS       241
XLLCORNER          666587.50
YLLCORNER          140987.50
CELLSIZE           25.000000
NODATA_VALUE   -9999
[rows 52 to 77 of 241, columns 0 to 59 of 257]
2241.0000 2258.0000 2277.2000 2293.5000 2311.2000 2329.2000 2345.9000 2364.2000 2381.0000 2403.0000 2429.0000 2450.0000 2466.3000 2484.2000 2499.0000 2524.8000 2541.9000 2552.2000 2562.7000 2572.2000 2582.1000 2595.0000 2604.1000 2613.5000 2623.2000 2630.8000 2634.8000 2636.7000 2641.6000 2642.9000 2650.9000 2662.4000 2674.2000 2690.6000 2709.7000 2721.2000 2728.9000 2739.7000 2752.7000 2768.4000 2767.6000 2760.0000 2744.3000 2729.3000 2718.8000 2709.6000 2704.4000 2702.3000 2700.2000 2696.2000 2698.2000 2699.2000 2698.0000 2698.7000 2699.8000 2700.9000 2701.8000 2703.5000 2704.0000 2706.3000
2237.1000 2258.2000 2282.9000 2297.4000 2315.6000 2334.4000 2351.7000 2367.9000 2388.0000 2410.6000 2430.8000 2453.7000 2474.9000 2493.3000 2507.1000 2519.5000 2536.5000 2547.3000 2559.1000 2571.1000 2587.0000 2601.7000 2610.7000 2619.3000 2633.2000 2644.1000 2649.0000 2649.2000 2648.9000 2651.5000 2655.2000 2664.8000 2682.2000 2696.9000 2712.7000 2727.1000 2737.0000 2744.0000 2757.2000 2768.3000 2770.5000 2760.8000 2745.6000 2734.2000 2725.7000 2717.5000 2709.3000 2707.4000 2704.6000 2701.2000 2705.1000 2706.0000 2705.9000 2706.2000 2709.2000 2708.2000 2707.9000 2707.9000 2708.1000 2709.6000
2242.5000 2264.3000 2285.8000 2304.7000 2323.8000 2342.3000 2362.1000 2378.0000 2394.9000 2417.1000 2435.7000 2457.4000 2475.8000 2490.1000 2500.5000 2512.8000 2525.8000 2537.7000 2552.6000 2569.1000 2586.6000 2602.6000 2615.0000 2626.5000 2640.6000 2657.5000 2663.3000 2665.0000 2658.8000 2659.7000 2661.4000 2670.2000 2683.9000 2703.7000 2719.2000 2737.5000 2746.5000 2751.9000 2761.6000 2774.5000 2771.2000 2761.1000 2751.4000 2739.1000 2731.8000 2722.5000 2720.8000 2716.1000 2707.6000 2707.6000 2710.6000 2712.3000 2712.3000 2713.0000 2713.3000 2713.2000 2714.0000 2713.4000 2714.6000 2716.3000
2249.0000 2271.9000 2290.6000 2311.7000 2331.8000 2350.4000 2371.7000 2387.3000 2404.0000 2425.5000 2444.5000 2459.3000 2471.1000 2481.7000 2495.4000 2508.7000 2520.7000 2536.0000 2552.6000 2568.8000 2586.0000 2603.0000 2615.6000 2629.4000 2646.1000 2667.9000 2688.7000 2685.0000 2679.8000 2675.4000 2674.6000 2679.7000 2689.2000 2703.6000 2720.7000 2739.8000 2755.0000 2762.7000 2774.6000 2776.4000 2769.8000 2761.8000 2753.9000 2742.9000 2734.3000 2729.3000 2726.2000 2717.6000 2711.7000 2709.7000 2713.0000 2715.2000 2716.9000 2717.5000 2717.3000 2717.4000 2718.2000 2719.6000 2722.9000 2725.5000
2248.5000 2272.0000 2293.1000 2315.1000 2336.9000 2356.5000 2377.3000 2394.4000 2411.3000 2421.7000 2432.4000 2452.2000 2467.5000 2480.5000 2495.8000 2511.8000 2525.2000 2538.5000 2552.6000 2568.8000 2585.3000 2601.9000 2616.3000 2631.6000 2647.5000 2670.7000 2691.4000 2702.6000 2704.3000 2695.1000 2690.6000 2693.2000 2699.6000 2709.5000 2724.6000 2738.1000 2763.3000 2780.9000 2784.1000 2784.5000 2778.2000 2766.1000 2756.6000 2752.5000 2745.7000 2737.5000 2726.7000 2720.2000 2716.3000 2714.8000 2715.4000 2717.1000 2720.0000 2721.9000 2721.8000 2722.0000 2726.3000 2731.7000 2734.1000 2735.8000
2244.4000 2267.4000 2290.0000 2309.9000 2327.9000 2345.2000 2367.3000 2382.3000 2392.5000 2412.5000 2434.4000 2452.3000 2468.0000 2482.1000 2497.9000 2519.2000 2532.6000 2548.8000 2562.4000 2575.2000 2588.9000 2603.7000 2618.6000 2632.8000 2649.5000 2674.2000 2694.7000 2716.0000 2721.3000 2715.5000 2709.5000 2708.6000 2712.8000 2720.6000 2732.2000 2749.9000 2773.4000 2787.3000 2790.1000 2787.4000 2779.8000 2768.9000 2764.3000 2760.2000 2749.5000 2739.7000 2729.4000 2725.3000 2722.5000 2720.9000 2721.7000 2720.4000 2722.2000 2726.5000 2727.5000 2729.0000 2732.7000 2740.1000 2741.1000 2743.9000
2233.9000 2255.7000 2275.0000 2289.5000 2304.5000 2327.3000 2342.7000 2362.7000 2390.2000 2413.8000 2434.6000 2451.2000 2468.3000 2486.3000 2504.3000 2525.3000 2541.3000 2558.6000 2572.4000 2587.3000 2602.7000 2615.6000 2627.8000 2641.5000 2657.5000 2673.9000 2700.0000 2715.7000 2731.0000 2733.9000 2729.4000 2728.3000 2728.2000 2734.5000 2747.0000 2762.9000 2778.7000 2793.9000 2798.0000 2788.7000 2779.4000 2773.7000 2770.1000 2765.9000 2759.0000 2749.6000 2739.0000 2732.8000 2729.9000 2728.6000 2727.8000 2727.2000 2728.3000 2731.0000 2734.3000 2736.8000 2740.3000 2743.4000 2746.5000 2748.8000
2241.4000 2258.4000 2275.9000 2293.6000 2313.8000 2331.6000 2348.8000 2367.6000 2393.3000 2414.2000 2434.9000 2451.4000 2468.0000 2486.8000 2507.0000 2526.9000 2551.6000 2572.7000 2586.3000 2600.5000 2614.8000 2627.1000 2639.0000 2653.4000 2669.1000 2684.4000 2700.0000 2719.0000 2741.4000 2750.4000 2755.0000 2747.4000 2746.7000 2751.0000 2762.8000 2775.7000 2790.0000 2802.1000 2801.1000 2790.1000 2781.4000 2775.7000 2773.9000 2774.7000 2768.0000 2760.0000 2751.4000 2743.7000 2737.8000 2734.4000 2733.4000 2733.0000 2734.0000 2736.9000 2740.7000 2743.4000 2744.5000 2746.7000 2749.3000 2753.2000
2241.9000 2256.5000 2275.7000 2290.1000 2306.9000 2326.6000 2347.3000 2370.0000 2392.8000 2414.2000 2433.1000 2449.8000 2468.1000 2487.0000 2509.5000 2531.3000 2550.6000 2571.1000 2597.0000 2612.8000 2626.5000 2638.5000 2652.3000 2665.7000 2681.4000 2697.6000 2711.4000 2729.5000 2748.1000 2762.4000 2769.0000 2766.8000 2765.3000 2769.1000 2777.6000 2790.3000 2802.4000 2812.3000 2798.7000 2788.9000 2781.5000 2779.3000 2779.7000 2782.4000 2776.7000 2770.0000 2761.2000 2751.9000 2746.0000 2740.8000 2738.7000 2738.1000 2738.5000 2742.7000 2747.1000 2749.1000 2748.7000 2750.2000 2751.6000 2751.8000
2234.2000 2248.7000 2265.7000 2284.4000 2304.8000 2324.6000 2345.4000 2367.9000 2387.8000 2405.9000 2426.6000 2446.9000 2467.5000 2487.1000 2508.4000 2531.3000 2550.1000 2572.4000 2593.4000 2619.2000 2640.0000 2652.2000 2666.0000 2677.8000 2695.5000 2711.0000 2725.8000 2743.5000 2760.2000 2769.5000 2778.7000 2781.0000 2784.9000 2784.2000 2794.4000 2803.9000 2812.0000 2809.6000 2795.7000 2787.6000 2785.5000 2786.6000 2790.4000 2792.5000 2786.7000 2779.4000 2767.9000 2759.9000 2754.0000 2749.0000 2745.9000 2744.2000 2744.6000 2745.3000 2748.7000 2752.0000 2752.0000 2752.4000 2753.7000 2753.6000
2231.3000 2247.7000 2263.4000 2281.0000 2299.4000 2319.8000 2340.0000 2358.5000 2376.7000 2396.8000 2422.1000 2443.0000 2462.8000 2482.7000 2506.8000 2528.3000 2546.4000 2561.1000 2591.0000 2613.3000 2637.4000 2644.1000 2674.5000 2692.6000 2708.6000 2718.5000 2715.5000 2732.0000 2745.1000 2745.3000 2749.4000 2748.7000 2749.7000 2757.6000 2764.1000 2776.2000 2789.8000 2797.0000 2792.8000 2791.1000 2791.9000 2794.5000 2796.5000 2797.8000 2792.7000 2784.3000 2773.1000 2766.9000 2760.9000 2754.9000 2752.0000 2750.8000 2751.5000 2750.0000 2751.5000 2754.3000 2754.3000 2754.6000 2755.8000 2754.0000
2232.0000 2245.6000 2261.7000 2278.3000 2295.8000 2315.2000 2335.5000 2355.5000 2373.2000 2395.8000 2419.2000 2441.1000 2460.0000 2481.6000 2504.7000 2524.8000 2541.4000 2559.0000 2584.2000 2594.9000 2608.6000 2650.8000 2661.1000 2669.3000 2682.2000 2689.1000 2706.6000 2725.2000 2726.3000 2725.5000 2717.8000 2718.3000 2723.9000 2733.7000 2740.5000 2753.3000 2767.6000 2780.3000 2792.2000 2795.7000 2796.5000 2799.3000 2802.1000 2802.9000 2797.4000 2788.1000 2779.3000 2770.5000 2763.9000 2758.2000 2759.9000 2758.0000 2760.0000 2758.7000 2756.2000 2756.2000 2756.6000 2757.0000 2756.3000 2753.6000
2231.2000 2245.2000 2257.1000 2273.6000 2292.3000 2310.9000 2327.8000 2351.0000 2372.5000 2391.1000 2413.2000 2434.1000 2458.2000 2480.4000 2502.2000 2517.8000 2538.3000 2551.5000 2563.2000 2578.7000 2604.0000 2616.5000 2626.0000 2640.9000 2651.7000 2676.1000 2701.1000 2709.5000 2709.1000 2706.0000 2699.2000 2699.8000 2707.7000 2715.9000 2726.1000 2738.8000 2756.1000 2778.6000 2793.8000 2799.9000 2801.8000 2804.2000 2806.8000 2806.0000 2799.6000 2791.0000 2782.4000 2771.8000 2765.7000 2761.6000 2761.5000 2762.0000 2762.1000 2762.2000 2759.5000 2758.3000 2759.2000 2758.9000 2757.2000 2753.8000
2230.4000 2242.7000 2254.7000 2268.5000 2286.2000 2304.2000 2322.4000 2348.0000 2368.9000 2389.2000 2411.0000 2430.0000 2452.7000 2475.4000 2496.5000 2511.5000 2523.7000 2538.8000 2548.9000 2556.6000 2572.8000 2591.5000 2609.8000 2624.5000 2638.0000 2652.7000 2680.0000 2689.5000 2689.5000 2687.7000 2687.1000 2692.7000 2699.5000 2709.1000 2719.1000 2734.3000 2753.7000 2774.2000 2798.2000 2806.3000 2809.2000 2810.7000 2813.4000 2809.9000 2799.8000 2791.6000 2783.4000 2773.0000 2766.2000 2764.0000 2763.3000 2764.4000 2764.7000 2765.1000 2763.7000 2762.5000 2763.1000 2761.0000 2759.1000 2753.1000
2229.5000 2240.3000 2252.2000 2265.7000 2284.5000 2302.8000 2321.2000 2340.6000 2362.6000 2384.0000 2401.0000 2425.8000 2448.8000 2466.1000 2479.1000 2493.8000 2507.8000 2522.4000 2539.8000 2554.7000 2572.8000 2591.3000 2607.3000 2621.7000 2634.1000 2647.8000 2660.4000 2676.0000 2676.5000 2679.5000 2687.2000 2693.7000 2698.7000 2706.5000 2716.8000 2731.2000 2748.2000 2771.3000 2795.8000 2812.9000 2816.0000 2817.8000 2818.1000 2810.3000 2801.2000 2792.8000 2784.2000 2773.8000 2768.1000 2766.2000 2765.0000 2766.2000 2767.3000 2767.6000 2769.5000 2770.4000 2767.5000 2764.8000 2760.7000 2746.1000
2237.3000 2241.8000 2252.5000 2266.1000 2281.3000 2298.9000 2315.6000 2337.3000 2362.5000 2380.3000 2393.1000 2414.8000 2432.5000 2447.1000 2467.5000 2486.0000 2503.0000 2520.2000 2537.1000 2554.8000 2573.6000 2594.8000 2609.7000 2622.2000 2633.9000 2645.7000 2660.4000 2668.4000 2678.5000 2682.8000 2687.3000 2691.9000 2696.5000 2699.8000 2712.0000 2727.6000 2744.0000 2765.5000 2794.0000 2809.1000 2824.1000 2826.2000 2825.9000 2816.9000 2806.4000 2796.0000 2786.9000 2777.1000 2771.1000 2768.5000 2766.9000 2767.9000 2769.1000 2770.3000 2773.2000 2775.4000 2772.0000 2762.1000 2749.2000 2717.3000
2239.1000 2245.3000 2254.2000 2264.8000 2277.6000 2292.7000 2310.9000 2330.9000 2352.1000 2377.9000 2392.6000 2412.3000 2439.4000 2455.0000 2472.8000 2492.6000 2509.3000 2526.7000 2542.4000 2558.1000 2574.7000 2593.9000 2610.0000 2623.7000 2636.7000 2649.1000 2661.0000 2668.6000 2678.0000 2681.7000 2686.2000 2690.8000 2694.5000 2698.5000 2707.7000 2722.3000 2737.2000 2758.9000 2780.0000 2815.0000 2833.7000 2835.7000 2835.2000 2824.4000 2813.0000 2801.6000 2792.2000 2784.8000 2777.3000 2770.3000 2768.9000 2769.5000 2772.0000 2775.3000 2778.9000 2780.1000 2772.2000 2754.6000 2730.3000 2709.8000
2242.6000 2246.4000 2255.2000 2265.9000 2277.6000 2293.5000 2311.0000 2328.0000 2352.7000 2377.4000 2400.0000 2420.7000 2442.1000 2460.7000 2476.0000 2492.0000 2508.7000 2526.4000 2545.9000 2562.0000 2578.4000 2595.3000 2608.1000 2622.3000 2639.6000 2650.2000 2662.8000 2674.5000 2682.8000 2685.9000 2690.0000 2694.0000 2697.6000 2701.4000 2707.1000 2718.7000 2734.6000 2754.4000 2787.4000 2817.4000 2841.8000 2843.3000 2840.7000 2831.4000 2819.5000 2807.2000 2796.7000 2790.6000 2782.8000 2775.0000 2772.8000 2774.0000 2779.4000 2780.0000 2781.3000 2780.1000 2766.9000 2736.4000 2718.6000 2705.4000
2246.5000 2249.4000 2256.1000 2266.7000 2279.5000 2298.0000 2316.8000 2337.3000 2356.4000 2382.7000 2406.1000 2428.9000 2447.7000 2462.6000 2475.1000 2491.0000 2506.9000 2524.3000 2547.5000 2567.4000 2581.3000 2599.4000 2615.9000 2624.9000 2632.8000 2645.0000 2660.7000 2670.2000 2680.3000 2683.3000 2691.6000 2697.2000 2701.0000 2707.4000 2713.9000 2720.6000 2731.5000 2750.2000 2781.7000 2814.6000 2839.8000 2850.0000 2846.7000 2835.4000 2821.3000 2809.9000 2798.9000 2793.7000 2788.1000 2780.0000 2778.5000 2779.3000 2783.1000 2783.1000 2780.7000 2763.9000 2745.6000 2721.5000 2713.1000 2702.5000
2250.2000 2253.0000 2255.9000 2263.9000 2280.0000 2298.1000 2318.2000 2336.7000 2357.0000 2383.2000 2406.6000 2431.3000 2450.0000 2465.8000 2477.6000 2490.4000 2506.0000 2527.1000 2548.6000 2567.8000 2586.1000 2599.8000 2617.8000 2629.3000 2640.0000 2644.1000 2652.5000 2661.8000 2668.5000 2675.8000 2685.8000 2696.1000 2703.7000 2710.7000 2717.4000 2725.7000 2734.9000 2748.3000 2769.1000 2796.9000 2825.1000 2848.0000 2849.6000 2833.9000 2818.4000 2808.5000 2801.3000 2796.4000 2790.6000 2784.7000 2782.6000 2783.6000 2785.4000 2782.7000 2778.9000 2761.1000 2731.2000 2716.1000 2710.3000 2705.2000
2252.5000 2256.4000 2259.4000 2264.8000 2279.1000 2298.5000 2323.0000 2339.1000 2359.1000 2378.8000 2407.2000 2429.9000 2449.7000 2467.6000 2481.5000 2496.6000 2515.4000 2538.0000 2556.8000 2569.2000 2587.2000 2603.7000 2616.7000 2632.0000 2643.0000 2648.2000 2653.5000 2658.8000 2666.4000 2676.2000 2684.7000 2693.9000 2702.5000 2714.3000 2721.3000 2730.1000 2737.6000 2750.0000 2769.8000 2800.8000 2832.3000 2852.6000 2850.0000 2832.9000 2818.4000 2812.0000 2807.9000 2802.6000 2796.1000 2788.7000 2787.4000 2787.0000 2783.6000 2781.0000 2766.2000 2739.6000 2718.9000 2714.0000 2711.3000 2709.0000
2254.5000 2259.0000 2264.2000 2271.1000 2279.1000 2298.3000 2325.9000 2343.1000 2359.9000 2378.0000 2399.0000 2424.1000 2443.7000 2463.1000 2481.4000 2499.0000 2522.3000 2535.2000 2554.5000 2569.8000 2584.6000 2598.7000 2613.5000 2629.1000 2640.8000 2650.3000 2658.5000 2664.7000 2670.6000 2677.1000 2688.7000 2702.1000 2714.6000 2725.9000 2734.8000 2743.4000 2752.0000 2759.8000 2776.4000 2795.8000 2824.9000 2836.7000 2846.0000 2834.6000 2825.0000 2821.2000 2816.5000 2809.3000 2800.9000 2792.5000 2789.1000 2786.6000 2782.7000 2774.5000 2753.7000 2734.6000 2718.9000 2717.2000 2715.2000 2713.0000
2259.5000 2260.4000 2265.8000 2272.5000 2279.5000 2295.2000 2323.7000 2340.6000 2354.7000 2370.7000 2389.5000 2412.7000 2434.6000 2455.2000 2470.4000 2487.9000 2509.0000 2526.2000 2544.2000 2561.1000 2575.1000 2588.7000 2601.8000 2616.2000 2629.6000 2645.3000 2658.3000 2668.9000 2677.0000 2688.3000 2701.9000 2716.3000 2730.9000 2742.1000 2750.2000 2760.7000 2766.4000 2779.3000 2789.3000 2800.5000 2805.1000 2817.0000 2826.1000 2835.4000 2834.0000 2828.3000 2822.7000 2815.1000 2805.7000 2796.6000 2789.8000 2786.1000 2782.1000 2765.5000 2743.4000 2729.0000 2719.9000 2719.2000 2718.9000 2716.9000
2265.6000 2266.1000 2269.0000 2273.6000 2278.6000 2292.0000 2314.8000 2335.4000 2350.5000 2365.0000 2378.2000 2396.1000 2413.4000 2431.6000 2447.7000 2467.3000 2488.6000 2509.8000 2527.4000 2543.5000 2560.1000 2571.8000 2583.1000 2605.1000 2619.6000 2634.2000 2649.3000 2664.3000 2677.5000 2692.6000 2712.8000 2728.5000 2741.3000 2749.4000 2752.6000 2757.2000 2760.5000 2773.0000 2775.7000 2778.4000 2776.9000 2792.2000 2811.7000 2824.1000 2827.7000 2832.3000 2825.6000 2820.2000 2810.9000 2800.7000 2793.2000 2786.3000 2780.2000 2751.3000 2737.1000 2729.5000 2722.5000 2721.9000 2721.4000 2721.4000
2272.9000 2275.2000 2274.9000 2278.3000 2285.2000 2293.6000 2304.9000 2324.9000 2343.8000 2355.3000 2371.1000 2385.2000 2397.4000 2413.3000 2434.6000 2448.0000 2470.2000 2481.5000 2505.3000 2520.5000 2533.4000 2545.2000 2562.5000 2585.2000 2604.9000 2625.6000 2641.9000 2653.8000 2664.8000 2686.6000 2701.1000 2709.4000 2714.3000 2718.9000 2728.5000 2739.6000 2741.1000 2738.5000 2744.9000 2746.8000 2750.6000 2772.9000 2788.8000 2803.2000 2815.0000 2824.3000 2828.0000 2822.5000 2815.5000 2805.8000 2795.4000 2782.3000 2764.6000 2750.3000 2737.3000 2730.2000 2725.6000 2725.4000 2726.3000 2726.5000
2280.4000 2282.9000 2280.9000 2284.1000 2287.3000 2293.8000 2304.7000 2322.8000 2335.4000 2350.4000 2367.3000 2379.5000 2391.0000 2403.7000 2419.4000 2434.6000 2456.0000 2468.4000 2485.6000 2502.6000 2515.4000 2540.7000 2556.8000 2575.5000 2598.4000 2612.3000 2625.6000 2639.9000 2654.8000 2661.2000 2671.6000 2684.9000 2689.6000 2696.1000 2703.2000 2708.8000 2714.1000 2718.7000 2722.9000 2727.4000 2733.8000 2741.7000 2759.1000 2777.2000 2802.0000 2814.6000 2824.7000 2824.1000 2820.3000 2808.0000 2792.9000 2772.9000 2759.6000 2748.5000 2737.1000 2730.7000 2730.0000 2730.9000 2731.7000 2731.7000
