data/gries/surface-1967.grid
NCOLS       257
NROWS       241
XLLCORNER          666587.50
YLLCORNER          140987.50
CELLSIZE           25.000000
NODATA_VALUE   -9999
[rows 174 to 202 of 241, columns 134 to 200 of 257]
2494.50 2491.90 2489.60 2488.00 2489.90 2490.50 2485.60 2479.50 2477.60 2475.80 2471.70 2469.50 2467.70 2465.30 2464.00 2462.70 2461.00 2459.90 2459.70 2459.90 2461.70 2462.90 2464.90 2465.00 2461.70 2460.00 2448.80 2434.80 2416.50 2406.40 2394.10 2378.80 2371.40 2361.40 2352.90 2348.10 2345.60 2344.70 2348.80 2351.60 2355.00 2353.40 2347.80 2341.10 2329.10 2314.80 2299.40 2291.10 2283.70 2275.40 2268.50 2265.20 2264.20 2263.20 2260.00 2253.50 2245.50 2235.50 2223.60 2218.60 2217.40 2218.30 2215.80 2215.00 2211.10 2203.30 2192.80
2493.50 2491.10 2488.70 2486.50 2487.10 2487.70 2479.60 2478.00 2476.20 2474.40 2472.60 2470.70 2468.80 2467.00 2464.60 2463.30 2462.00 2461.30 2464.30 2467.50 2467.90 2467.30 2463.50 2460.10 2448.10 2433.20 2415.90 2399.80 2388.50 2378.10 2370.80 2363.20 2356.90 2350.90 2347.00 2344.20 2341.50 2347.20 2350.00 2349.50 2347.00 2344.60 2338.10 2329.00 2314.90 2299.70 2288.80 2278.00 2267.20 2256.80 2249.30 2247.30 2245.10 2243.00 2240.10 2234.20 2227.70 2221.80 2213.60 2210.20 2208.10 2206.20 2198.40 2193.50 2185.70 2174.20 2167.00
2492.50 2489.80 2487.50 2485.30 2483.10 2482.10 2479.30 2477.30 2475.20 2473.30 2471.40 2469.70 2468.30 2467.20 2466.00 2466.70 2466.10 2466.20 2470.90 2471.80 2470.50 2463.20 2452.00 2433.00 2409.00 2395.40 2386.80 2377.70 2370.90 2363.40 2358.10 2351.70 2345.90 2344.30 2342.00 2340.10 2334.30 2337.70 2337.20 2336.20 2334.60 2330.30 2322.40 2313.20 2299.90 2286.90 2274.90 2262.00 2249.80 2240.00 2230.00 2228.70 2228.20 2227.60 2226.10 2223.90 2220.90 2214.20 2204.50 2201.40 2198.60 2195.30 2188.10 2180.30 2165.70 2158.10 2150.50
2491.30 2489.50 2486.60 2484.40 2482.20 2480.10 2478.40 2476.30 2474.50 2473.20 2474.70 2472.40 2469.80 2468.40 2467.90 2469.60 2469.90 2472.50 2474.60 2470.10 2460.60 2449.10 2417.50 2399.60 2386.60 2377.20 2370.60 2363.80 2357.40 2352.00 2349.80 2344.20 2333.10 2330.10 2330.60 2326.90 2324.30 2319.20 2318.00 2318.60 2317.00 2311.00 2303.00 2292.80 2281.90 2270.00 2256.60 2244.50 2230.50 2226.90 2224.20 2223.40 2221.20 2223.00 2219.80 2217.90 2213.40 2206.70 2203.10 2199.70 2192.80 2184.90 2180.00 2169.10 2171.20 2168.20 2161.20
2488.80 2488.00 2488.30 2484.50 2481.30 2479.40 2477.40 2476.70 2477.70 2478.80 2480.00 2476.30 2469.10 2465.70 2466.00 2469.50 2470.70 2467.00 2445.80 2437.60 2426.70 2415.50 2398.90 2386.40 2375.00 2365.40 2357.40 2350.70 2346.40 2341.70 2336.60 2329.80 2320.90 2308.30 2309.10 2308.30 2306.00 2304.60 2300.30 2296.90 2296.90 2290.70 2281.80 2270.20 2260.00 2245.60 2234.00 2229.00 2225.40 2224.30 2226.50 2229.10 2230.50 2229.00 2226.40 2222.60 2220.00 2216.90 2212.30 2206.10 2199.80 2190.30 2182.10 2183.00 2185.70 2179.80 2173.40
2487.40 2484.40 2485.10 2486.20 2481.60 2478.80 2479.10 2479.90 2481.40 2479.20 2475.60 2472.40 2470.30 2461.80 2460.70 2461.70 2445.00 2432.90 2426.00 2417.40 2408.00 2397.80 2386.30 2375.80 2366.90 2354.40 2346.00 2337.90 2328.60 2321.60 2315.80 2310.20 2302.60 2292.00 2278.50 2280.60 2277.20 2275.70 2277.00 2265.70 2263.50 2259.20 2252.20 2241.90 2232.80 2229.00 2227.60 2224.90 2225.90 2230.20 2232.30 2234.20 2235.40 2234.70 2233.00 2229.70 2226.30 2223.60 2219.00 2211.90 2206.50 2200.40 2198.70 2200.10 2197.70 2192.90 2187.80
2485.90 2482.90 2480.60 2478.70 2482.40 2480.40 2483.90 2481.10 2479.30 2479.40 2480.00 2472.70 2465.20 2449.50 2439.60 2432.70 2427.00 2417.90 2410.40 2403.20 2393.60 2383.00 2374.10 2367.40 2355.90 2341.60 2329.90 2318.60 2304.50 2301.40 2295.80 2287.60 2277.80 2272.90 2257.20 2252.50 2250.30 2247.50 2245.80 2241.30 2237.30 2233.10 2229.80 2228.90 2227.60 2226.20 2225.20 2227.00 2228.70 2233.30 2236.70 2239.10 2240.10 2240.50 2239.00 2237.20 2233.30 2228.80 2224.00 2218.30 2212.60 2205.80 2206.90 2207.30 2206.10 2204.10 2202.00
2485.50 2479.60 2475.80 2473.50 2476.90 2479.50 2482.10 2481.00 2477.00 2469.40 2462.80 2453.90 2441.50 2431.60 2422.50 2417.20 2410.70 2403.30 2395.50 2388.70 2383.20 2367.90 2361.10 2344.30 2329.80 2318.30 2303.60 2290.80 2279.30 2273.50 2267.20 2261.00 2253.70 2247.10 2242.20 2238.00 2235.10 2231.10 2229.80 2229.10 2228.50 2228.20 2227.90 2227.80 2227.90 2228.00 2228.00 2229.10 2232.30 2236.20 2240.80 2245.00 2247.30 2248.30 2246.60 2244.40 2241.10 2235.60 2231.10 2224.80 2218.70 2214.30 2214.40 2215.00 2215.10 2213.10 2211.30
2488.30 2479.30 2473.90 2468.70 2472.20 2473.50 2472.00 2466.70 2455.00 2445.80 2436.00 2430.20 2424.30 2416.30 2409.90 2404.30 2396.90 2389.60 2380.90 2365.80 2350.20 2342.40 2331.70 2319.10 2311.30 2297.10 2285.30 2273.80 2262.00 2255.20 2250.80 2242.50 2237.50 2234.50 2234.40 2235.30 2236.70 2237.60 2236.50 2235.10 2235.60 2232.90 2233.20 2233.70 2234.70 2235.30 2235.40 2235.50 2238.30 2242.10 2247.00 2251.90 2254.60 2255.50 2254.40 2251.70 2247.30 2242.30 2237.70 2231.50 2226.00 2224.10 2223.20 2224.50 2225.60 2224.10 2220.90
2485.90 2478.60 2473.00 2466.30 2463.10 2463.50 2456.00 2447.30 2432.30 2424.20 2417.30 2412.40 2408.60 2404.10 2398.00 2392.10 2385.60 2373.30 2349.40 2338.90 2326.10 2315.10 2310.30 2302.40 2295.00 2279.80 2267.50 2256.90 2248.90 2242.40 2238.60 2237.90 2242.10 2244.50 2245.60 2245.40 2247.00 2248.50 2247.00 2247.40 2247.10 2244.00 2249.20 2254.90 2256.30 2258.00 2259.40 2260.40 2261.20 2261.80 2259.00 2259.80 2262.10 2263.20 2261.90 2258.90 2253.80 2249.00 2243.70 2237.40 2235.00 2234.60 2235.30 2237.00 2238.40 2238.40 2236.30
2478.10 2471.60 2467.80 2460.30 2447.20 2437.90 2430.20 2420.50 2412.20 2404.80 2400.40 2396.40 2392.30 2388.60 2383.90 2381.20 2365.60 2343.80 2328.10 2316.10 2303.60 2296.00 2288.20 2279.90 2272.10 2260.80 2253.70 2244.80 2239.30 2239.40 2245.10 2254.10 2260.20 2262.10 2260.50 2257.60 2258.50 2259.20 2259.40 2259.50 2259.70 2260.00 2268.30 2273.10 2273.90 2274.80 2275.70 2276.10 2276.30 2275.90 2272.70 2270.60 2270.60 2271.70 2270.20 2266.20 2261.10 2256.90 2252.20 2245.70 2243.90 2246.10 2248.20 2251.10 2253.30 2255.60 2248.80
2465.40 2459.40 2451.20 2441.40 2427.90 2415.50 2406.70 2398.90 2392.80 2387.60 2382.90 2378.10 2373.00 2367.60 2360.60 2349.60 2341.10 2327.30 2314.70 2300.70 2291.20 2282.80 2273.70 2269.40 2259.70 2253.00 2246.60 2247.20 2251.10 2257.80 2263.40 2267.90 2270.50 2272.40 2271.40 2275.20 2277.10 2278.40 2279.70 2281.30 2283.00 2284.70 2286.60 2287.90 2291.30 2292.00 2290.90 2290.90 2290.40 2288.80 2282.50 2278.10 2279.10 2280.20 2279.40 2274.30 2269.80 2265.30 2260.90 2255.90 2254.10 2257.10 2261.30 2264.60 2268.30 2269.00 2259.30
2449.70 2438.10 2428.00 2417.40 2401.50 2390.70 2385.10 2379.80 2375.40 2369.70 2364.00 2358.90 2353.50 2348.40 2339.80 2330.80 2320.90 2314.50 2304.50 2295.50 2286.70 2276.10 2263.80 2258.40 2253.20 2250.50 2255.70 2261.00 2266.50 2270.70 2274.90 2278.20 2280.90 2285.50 2290.60 2295.90 2300.30 2301.70 2303.00 2304.70 2304.70 2305.30 2304.40 2302.40 2299.10 2295.20 2295.00 2295.90 2296.10 2293.20 2290.50 2287.80 2288.70 2289.80 2288.20 2283.60 2278.20 2273.60 2270.40 2265.70 2265.00 2268.50 2274.10 2279.30 2284.00 2280.70 2271.40
2431.10 2420.00 2405.50 2392.00 2380.90 2372.20 2362.50 2360.30 2358.80 2355.70 2352.30 2348.20 2340.90 2332.30 2319.90 2317.70 2310.90 2305.00 2297.80 2290.40 2282.70 2272.80 2259.70 2261.00 2259.50 2261.20 2270.40 2276.20 2280.50 2285.90 2291.00 2295.90 2301.00 2307.20 2312.60 2315.50 2318.60 2320.20 2320.50 2320.70 2319.70 2316.80 2315.20 2310.00 2302.60 2298.50 2299.70 2301.00 2301.70 2299.70 2298.30 2298.00 2298.80 2299.60 2297.70 2293.60 2288.40 2282.30 2279.80 2276.00 2276.20 2280.90 2288.70 2294.90 2298.10 2296.30 2285.20
2409.80 2395.20 2381.90 2370.10 2361.30 2357.20 2350.60 2348.70 2345.50 2343.40 2341.60 2339.50 2333.30 2324.70 2319.80 2314.70 2305.40 2297.10 2292.40 2286.60 2277.70 2265.90 2270.70 2274.10 2277.10 2283.20 2291.10 2296.50 2302.30 2307.60 2313.60 2319.60 2324.40 2329.10 2333.20 2337.40 2336.70 2330.10 2329.70 2329.20 2326.80 2322.40 2321.30 2309.10 2305.50 2303.80 2304.10 2306.30 2307.60 2308.50 2309.50 2310.00 2311.00 2310.60 2307.60 2303.50 2299.10 2293.70 2291.90 2289.40 2292.10 2297.30 2304.50 2308.50 2311.60 2310.60 2301.50
2388.60 2375.30 2363.40 2356.40 2352.00 2348.20 2342.30 2338.10 2336.50 2336.30 2335.60 2336.50 2329.80 2327.70 2322.20 2316.90 2307.40 2299.60 2286.30 2281.50 2270.90 2275.40 2284.80 2293.30 2300.80 2312.60 2318.40 2324.20 2330.10 2336.90 2340.80 2343.70 2344.70 2346.90 2346.80 2349.10 2347.30 2342.00 2338.90 2336.60 2333.90 2324.90 2318.10 2313.60 2311.80 2310.10 2307.80 2312.20 2314.90 2317.80 2319.80 2321.90 2322.50 2320.70 2317.80 2314.40 2309.50 2307.40 2305.10 2311.20 2312.70 2319.00 2317.10 2320.80 2325.50 2324.20 2320.40
2377.10 2365.40 2356.40 2350.40 2345.20 2339.60 2336.80 2332.70 2330.90 2330.70 2330.50 2330.30 2330.10 2327.50 2322.60 2316.80 2301.90 2291.20 2279.90 2278.10 2282.50 2293.90 2307.70 2329.70 2342.70 2345.70 2349.40 2354.60 2360.10 2361.60 2363.30 2363.90 2362.90 2362.10 2361.90 2361.70 2360.40 2355.60 2349.50 2344.20 2335.70 2333.20 2333.30 2328.60 2325.30 2321.20 2319.40 2319.10 2322.60 2325.80 2329.60 2331.50 2333.00 2332.20 2329.50 2325.80 2320.70 2321.20 2321.90 2326.00 2331.80 2334.70 2336.20 2340.00 2340.00 2338.10 2335.70
2370.30 2360.90 2354.30 2347.60 2340.90 2335.80 2332.40 2329.10 2327.00 2326.20 2326.10 2323.80 2321.90 2314.80 2305.60 2296.30 2290.80 2289.70 2294.60 2299.20 2307.40 2319.80 2347.80 2359.90 2365.00 2367.40 2370.20 2371.60 2373.10 2375.00 2377.00 2378.20 2378.60 2378.90 2374.00 2372.20 2367.80 2362.40 2355.60 2348.30 2345.10 2345.70 2347.70 2344.40 2342.00 2339.40 2336.70 2332.10 2331.10 2334.10 2338.70 2341.50 2343.40 2344.30 2340.70 2336.50 2334.50 2343.50 2343.10 2344.10 2356.00 2360.00 2362.80 2365.40 2362.60 2354.80 2352.50
2363.60 2356.70 2351.50 2345.00 2338.80 2333.80 2329.30 2326.90 2324.80 2322.60 2321.10 2316.10 2309.80 2307.70 2305.90 2306.10 2306.10 2307.70 2315.90 2326.80 2346.30 2365.60 2372.20 2378.50 2383.20 2384.20 2384.40 2385.30 2387.30 2389.60 2392.50 2395.60 2390.80 2384.90 2383.60 2378.40 2370.00 2370.30 2365.40 2362.90 2359.60 2360.70 2361.80 2360.10 2356.90 2352.60 2348.50 2347.50 2346.60 2346.80 2350.60 2353.80 2355.80 2357.50 2353.40 2350.50 2352.70 2360.60 2367.80 2371.30 2372.70 2382.90 2384.60 2385.30 2379.40 2371.30 2369.50
2358.20 2353.00 2347.70 2342.20 2336.60 2331.60 2328.10 2325.30 2322.80 2326.20 2328.60 2330.30 2329.10 2326.60 2325.20 2328.60 2329.60 2335.00 2347.10 2361.20 2374.60 2384.80 2390.90 2396.70 2399.10 2398.90 2398.40 2400.50 2402.60 2402.90 2403.50 2401.50 2392.10 2393.60 2392.40 2383.10 2382.90 2381.80 2377.90 2376.70 2376.70 2376.80 2375.70 2373.80 2370.30 2366.30 2364.50 2362.30 2364.70 2364.00 2363.90 2366.10 2368.00 2369.40 2370.10 2367.90 2371.10 2378.30 2386.60 2389.30 2388.60 2399.20 2403.00 2402.40 2397.60 2387.70 2387.70
2354.70 2349.50 2344.20 2339.20 2335.10 2330.20 2327.30 2324.30 2326.90 2331.90 2337.00 2337.50 2337.50 2338.10 2341.50 2347.90 2354.70 2363.20 2373.00 2384.80 2396.40 2404.50 2411.70 2412.30 2413.10 2413.70 2414.10 2416.60 2415.20 2411.90 2405.30 2399.50 2399.00 2402.60 2397.40 2392.80 2392.50 2393.20 2392.10 2392.60 2393.30 2393.70 2391.70 2389.20 2384.60 2381.10 2380.40 2378.80 2377.60 2378.90 2379.50 2379.10 2379.90 2381.30 2384.80 2387.10 2389.40 2396.50 2405.90 2405.80 2405.20 2413.70 2420.30 2421.00 2414.30 2408.70 2406.10
2353.70 2346.90 2341.50 2337.10 2333.20 2329.40 2326.70 2327.20 2333.20 2342.00 2347.50 2348.60 2351.20 2356.30 2362.40 2368.80 2375.70 2384.70 2395.70 2407.00 2418.60 2424.60 2424.60 2425.00 2425.80 2427.10 2431.20 2427.80 2418.90 2412.40 2406.50 2405.70 2409.60 2403.10 2402.80 2403.60 2403.10 2406.00 2408.90 2409.40 2410.10 2410.90 2409.60 2406.00 2403.50 2401.40 2399.40 2397.20 2395.40 2393.80 2393.70 2394.60 2395.00 2397.00 2399.80 2405.80 2408.40 2413.10 2422.10 2420.40 2422.70 2429.00 2435.00 2437.00 2431.40 2427.40 2423.90
2353.40 2347.30 2339.80 2333.90 2330.20 2327.60 2328.30 2333.60 2345.90 2356.00 2359.80 2363.80 2368.90 2374.90 2381.40 2387.50 2395.00 2405.40 2416.00 2427.50 2434.50 2434.50 2435.30 2435.10 2436.20 2435.30 2430.90 2425.20 2420.10 2415.50 2411.50 2415.30 2417.10 2418.20 2418.70 2424.90 2420.50 2423.90 2428.70 2431.90 2433.10 2429.30 2427.70 2423.20 2421.30 2419.30 2415.20 2410.90 2409.30 2408.50 2409.70 2410.30 2410.50 2410.80 2415.00 2422.70 2428.20 2430.20 2438.60 2438.10 2439.00 2442.30 2449.60 2451.80 2449.10 2443.00 2438.30
2355.70 2348.60 2339.10 2331.90 2328.80 2329.20 2338.40 2354.40 2363.20 2368.90 2374.80 2380.30 2384.90 2392.40 2399.00 2405.10 2414.20 2423.70 2433.00 2441.80 2443.60 2443.40 2442.70 2437.80 2432.40 2428.70 2427.70 2427.80 2425.80 2423.40 2432.90 2437.40 2442.50 2444.30 2445.10 2443.70 2444.20 2447.80 2450.00 2451.90 2449.30 2447.00 2445.50 2441.30 2437.50 2433.50 2427.30 2423.90 2421.70 2422.70 2423.70 2425.60 2426.30 2426.30 2431.20 2439.70 2446.90 2448.30 2451.70 2454.70 2453.40 2458.80 2463.50 2468.20 2463.40 2456.30 2456.90
2357.70 2345.30 2338.20 2331.00 2330.70 2340.50 2358.00 2369.10 2376.60 2381.20 2387.30 2393.10 2399.00 2407.30 2415.80 2424.40 2432.50 2440.10 2445.90 2451.20 2450.80 2447.10 2441.90 2436.60 2435.30 2437.40 2438.30 2438.50 2438.80 2446.70 2455.60 2460.30 2462.10 2462.50 2460.90 2457.40 2458.00 2461.70 2466.50 2467.50 2463.10 2461.30 2461.10 2457.70 2451.60 2445.10 2440.30 2437.40 2435.40 2435.20 2437.80 2440.30 2441.10 2442.60 2448.10 2457.70 2465.30 2466.70 2467.50 2472.70 2470.70 2475.50 2478.00 2483.70 2478.40 2475.50 2482.20
2356.00 2350.70 2344.60 2337.80 2346.90 2358.00 2368.90 2379.20 2388.50 2393.60 2400.00 2406.50 2413.30 2421.40 2433.00 2442.20 2447.60 2450.20 2451.90 2453.80 2450.40 2446.20 2445.70 2446.70 2453.40 2462.20 2467.00 2462.40 2467.70 2469.90 2475.20 2477.90 2477.00 2474.60 2472.30 2472.40 2472.90 2476.70 2481.40 2480.70 2475.10 2472.00 2471.70 2467.80 2461.10 2453.90 2451.60 2450.50 2450.40 2451.20 2454.10 2458.60 2459.00 2459.00 2465.30 2473.60 2482.00 2484.50 2484.10 2489.00 2488.40 2490.70 2491.10 2494.40 2490.30 2499.50 2508.70
2361.60 2354.40 2351.80 2353.80 2363.00 2377.80 2384.10 2389.20 2398.40 2405.90 2412.20 2419.10 2425.80 2434.30 2445.00 2453.40 2457.40 2455.80 2456.20 2456.30 2456.70 2457.80 2464.40 2471.40 2480.70 2481.00 2481.50 2483.00 2480.30 2482.60 2485.30 2486.90 2490.10 2487.70 2486.70 2487.30 2487.80 2490.30 2491.50 2492.30 2487.50 2482.20 2482.20 2476.90 2469.80 2467.70 2466.00 2466.00 2466.60 2470.40 2473.70 2477.50 2474.30 2475.90 2480.20 2485.40 2494.80 2498.20 2501.20 2504.50 2504.50 2505.80 2505.40 2506.50 2505.90 2520.60 2533.60
2367.00 2359.30 2362.80 2367.90 2376.30 2386.70 2395.50 2400.50 2409.50 2417.50 2424.80 2431.10 2436.90 2445.10 2454.50 2462.60 2459.50 2459.30 2461.30 2469.80 2474.00 2479.60 2483.80 2488.60 2491.90 2485.30 2486.50 2489.90 2489.60 2492.70 2494.50 2495.30 2499.40 2503.70 2503.10 2502.30 2499.60 2500.70 2502.60 2504.00 2498.90 2491.10 2490.00 2485.70 2484.90 2483.50 2482.70 2482.80 2485.60 2489.40 2492.70 2491.60 2488.60 2487.70 2489.40 2494.50 2505.60 2514.40 2517.30 2519.10 2515.50 2517.40 2518.10 2518.50 2521.50 2533.70 2552.70
2372.60 2368.20 2375.30 2381.00 2388.10 2398.60 2407.20 2413.20 2421.10 2430.10 2438.40 2444.40 2448.50 2456.70 2466.90 2473.40 2473.10 2478.50 2487.60 2494.30 2492.70 2491.90 2496.40 2500.80 2498.30 2491.30 2494.90 2497.60 2499.40 2501.60 2502.10 2506.80 2513.90 2523.10 2521.20 2520.90 2520.60 2517.30 2516.50 2515.70 2508.20 2499.90 2498.20 2498.30 2497.50 2497.90 2499.20 2502.50 2503.80 2509.00 2513.00 2507.30 2498.60 2498.60 2500.00 2504.40 2513.20 2536.00 2532.60 2529.60 2527.20 2529.50 2536.10 2540.40 2538.80 2548.40 2565.90
