data/gries/surface-1998.grid
NCOLS       257
NROWS       241
XLLCORNER          666587.50
YLLCORNER          140987.50
CELLSIZE           25.000000
NODATA_VALUE   -9999
[rows 58 to 86 of 241, columns 67 to 133 of 257]
2660.00 2636.80 2617.30 2604.90 2596.10 2589.30 2584.50 2581.60 2576.90 2574.00 2573.10 2574.50 2573.70 2569.60 2564.70 2561.20 2560.00 2563.20 2567.80 2572.10 2574.80 2581.20 2599.30 2599.30 2596.70 2605.10 2609.00 2611.20 2615.80 2620.60 2636.60 2644.30 2642.10 2614.30 2587.00 2574.80 2564.60 2558.20 2554.20 2549.00 2544.20 2545.60 2545.90 2551.50 2553.10 2554.90 2557.50 2559.30 2562.00 2567.10 2578.20 2589.20 2600.70 2605.40 2609.20 2613.20 2616.80 2621.90 2632.50 2639.40 2642.70 2647.50 2656.20 2666.70 2680.20 2684.40 2684.20
2647.50 2626.80 2611.40 2603.40 2597.50 2593.90 2589.40 2584.10 2579.10 2580.70 2579.40 2581.80 2576.50 2571.80 2569.20 2567.50 2568.90 2573.20 2574.90 2578.50 2580.30 2584.90 2599.30 2607.90 2602.50 2609.90 2618.70 2617.70 2620.90 2632.30 2641.10 2649.80 2649.60 2637.00 2602.00 2591.90 2580.00 2571.60 2564.10 2558.80 2553.40 2554.20 2554.80 2555.30 2558.80 2559.60 2560.50 2562.40 2567.10 2574.00 2581.10 2593.30 2603.00 2607.90 2613.00 2616.90 2621.00 2634.40 2642.40 2645.30 2651.30 2656.00 2659.80 2672.10 2683.90 2692.80 2696.40
2636.40 2623.00 2614.60 2608.00 2602.00 2598.30 2594.50 2592.40 2589.40 2589.00 2586.90 2586.10 2579.40 2576.60 2575.80 2575.20 2578.10 2583.50 2584.50 2586.30 2590.10 2592.60 2599.50 2614.50 2615.80 2616.40 2620.50 2626.00 2625.20 2631.00 2639.60 2649.80 2659.30 2651.30 2628.20 2608.60 2596.50 2584.90 2577.00 2569.90 2564.30 2562.10 2563.20 2563.60 2565.30 2567.10 2564.40 2565.00 2569.10 2576.70 2584.60 2593.40 2600.60 2606.40 2613.10 2619.00 2626.60 2635.30 2639.10 2642.20 2651.00 2657.80 2663.80 2674.00 2684.40 2696.90 2705.00
2635.90 2627.50 2620.10 2614.80 2609.60 2604.60 2601.30 2599.00 2599.70 2596.70 2594.50 2591.40 2585.80 2584.60 2583.80 2584.10 2587.60 2591.00 2592.30 2594.60 2598.40 2604.00 2609.70 2618.10 2626.90 2625.70 2625.60 2631.60 2631.10 2632.50 2635.50 2643.90 2660.90 2663.80 2642.60 2620.70 2609.00 2598.60 2589.30 2579.70 2573.10 2569.80 2571.70 2571.30 2572.80 2573.80 2568.60 2569.20 2569.40 2575.50 2581.50 2589.10 2595.00 2602.90 2609.60 2615.80 2621.90 2627.40 2635.90 2646.10 2653.30 2660.10 2669.60 2678.40 2689.50 2699.30 2713.90
2641.80 2635.60 2628.90 2622.80 2617.20 2612.10 2608.90 2606.60 2607.50 2605.10 2601.40 2597.70 2594.80 2595.30 2594.30 2595.40 2597.80 2598.70 2600.60 2605.10 2610.60 2617.00 2622.60 2628.30 2636.70 2633.50 2633.30 2635.90 2637.60 2638.50 2639.00 2643.20 2660.50 2668.00 2661.30 2636.00 2621.60 2610.80 2599.50 2589.70 2579.60 2577.10 2579.40 2580.30 2580.50 2577.80 2573.00 2575.10 2575.00 2574.20 2578.60 2583.30 2591.70 2601.00 2607.30 2614.20 2619.80 2629.60 2637.90 2647.30 2658.90 2667.50 2675.20 2684.60 2697.20 2709.50 2722.60
2647.10 2643.10 2637.80 2631.50 2625.50 2619.70 2616.60 2616.00 2616.30 2615.10 2609.40 2608.20 2604.90 2605.40 2604.50 2606.60 2608.60 2609.10 2615.40 2620.80 2624.30 2630.80 2635.90 2640.10 2645.30 2642.80 2641.80 2643.00 2644.90 2645.60 2645.90 2647.00 2655.90 2665.70 2668.80 2655.00 2636.00 2625.20 2612.60 2599.50 2589.80 2585.60 2586.60 2587.10 2587.30 2582.20 2577.90 2579.50 2582.00 2579.20 2579.30 2582.00 2590.60 2599.10 2608.10 2616.90 2625.60 2634.80 2644.20 2652.30 2662.20 2673.20 2682.10 2695.00 2708.10 2722.10 2737.90
2652.90 2649.10 2644.60 2639.80 2633.40 2628.00 2624.50 2625.80 2625.80 2622.00 2616.10 2618.40 2616.40 2615.10 2614.90 2616.80 2618.30 2620.40 2625.40 2633.60 2641.00 2644.40 2649.40 2651.60 2654.80 2653.80 2650.60 2650.30 2651.60 2652.50 2653.20 2653.50 2655.80 2663.90 2675.30 2668.00 2656.60 2637.70 2620.00 2613.30 2601.20 2594.40 2593.40 2593.30 2591.70 2587.50 2583.30 2583.10 2586.60 2586.70 2586.00 2588.00 2594.00 2601.40 2610.60 2620.00 2628.00 2636.20 2648.20 2658.40 2670.60 2681.20 2694.10 2706.00 2719.60 2735.90 2753.40
2658.80 2655.20 2650.50 2645.70 2640.80 2635.90 2632.30 2634.10 2636.00 2628.60 2626.10 2628.30 2626.60 2625.80 2626.40 2628.30 2631.60 2640.00 2643.80 2648.20 2654.50 2658.50 2662.00 2664.60 2666.20 2664.60 2658.90 2658.90 2658.40 2659.40 2660.50 2659.60 2659.60 2664.40 2674.20 2679.30 2673.10 2655.40 2643.60 2636.00 2617.40 2604.60 2599.60 2599.60 2597.10 2591.80 2588.90 2588.40 2590.20 2594.30 2597.00 2597.50 2601.00 2606.50 2614.90 2624.00 2633.30 2643.00 2654.90 2669.30 2683.10 2698.40 2706.90 2716.20 2733.00 2753.80 2768.50
2663.30 2660.80 2655.80 2650.70 2646.20 2642.70 2640.10 2639.80 2643.30 2638.40 2637.60 2638.40 2634.50 2634.70 2639.20 2644.80 2647.60 2651.20 2656.30 2661.60 2671.10 2674.70 2677.90 2680.80 2679.80 2674.60 2669.00 2668.80 2667.10 2666.70 2667.90 2667.30 2667.00 2669.30 2675.70 2689.80 2689.80 2671.00 2659.40 2647.50 2627.50 2614.40 2609.70 2607.70 2601.20 2596.80 2594.40 2593.90 2595.00 2597.90 2603.40 2606.00 2608.70 2612.80 2619.00 2631.40 2639.10 2652.60 2671.10 2694.80 2704.90 2712.70 2719.30 2732.40 2746.20 2768.20 2778.80
2668.00 2664.60 2660.30 2655.70 2652.20 2649.00 2647.70 2647.90 2650.40 2648.70 2648.20 2647.60 2644.40 2645.10 2655.70 2656.70 2663.70 2670.80 2673.00 2679.20 2688.80 2691.90 2694.10 2696.70 2692.80 2685.80 2680.80 2678.10 2676.80 2675.50 2675.30 2675.10 2674.20 2676.70 2678.80 2694.20 2708.60 2700.00 2673.60 2659.20 2637.10 2623.50 2620.20 2616.00 2610.40 2604.60 2600.00 2599.30 2599.80 2601.70 2608.60 2613.30 2616.40 2619.40 2627.10 2636.90 2647.30 2659.70 2684.60 2704.50 2715.20 2729.80 2744.30 2757.90 2781.00 2788.10 2783.00
2672.30 2668.50 2664.40 2661.40 2658.30 2656.10 2655.00 2656.10 2657.30 2657.70 2658.50 2658.00 2656.70 2659.40 2672.90 2679.10 2681.30 2686.50 2691.10 2694.70 2706.30 2710.10 2712.40 2713.00 2705.30 2697.30 2691.50 2689.10 2687.60 2686.00 2683.40 2682.80 2681.40 2681.50 2685.60 2695.40 2719.10 2704.70 2698.70 2686.90 2650.80 2635.50 2631.50 2626.60 2620.70 2615.00 2610.40 2608.40 2609.10 2611.10 2615.10 2619.20 2624.10 2629.60 2636.50 2647.50 2655.80 2675.60 2699.50 2711.00 2722.80 2739.60 2757.20 2762.00 2764.60 2763.30 2755.70
2676.50 2672.70 2669.50 2667.00 2665.30 2663.20 2662.50 2663.20 2664.40 2666.10 2667.40 2669.40 2669.40 2674.60 2686.40 2693.40 2696.00 2700.90 2708.80 2713.10 2733.20 2727.40 2728.60 2729.00 2720.10 2710.70 2703.60 2700.90 2697.80 2694.60 2691.90 2690.10 2689.10 2689.80 2693.10 2698.60 2722.60 2730.40 2723.30 2701.60 2672.80 2654.90 2644.90 2637.60 2632.40 2626.40 2621.60 2618.70 2618.70 2621.20 2624.90 2630.60 2635.00 2640.30 2649.50 2659.30 2671.30 2690.30 2708.80 2731.10 2739.40 2737.40 2740.20 2739.10 2736.80 2733.50 2733.30
2681.10 2677.60 2675.40 2673.90 2672.10 2670.30 2670.10 2670.70 2671.60 2673.70 2676.40 2678.80 2681.20 2686.60 2697.80 2708.20 2713.40 2721.90 2726.70 2734.10 2755.80 2745.00 2744.70 2747.50 2738.50 2724.70 2716.50 2712.40 2708.00 2703.50 2699.60 2697.40 2696.80 2698.00 2700.60 2705.60 2726.10 2744.00 2737.70 2706.70 2690.50 2673.20 2659.20 2652.70 2646.00 2641.30 2638.00 2635.30 2635.30 2636.50 2638.60 2644.00 2651.60 2659.00 2671.40 2686.80 2696.60 2714.10 2724.90 2732.00 2723.40 2718.60 2718.10 2717.40 2716.90 2713.60 2710.90
2686.70 2684.00 2682.50 2680.90 2679.20 2678.10 2677.90 2678.40 2679.00 2681.60 2686.20 2689.10 2692.10 2698.40 2709.70 2722.30 2729.00 2736.90 2752.30 2763.80 2788.60 2767.40 2762.70 2766.30 2754.40 2736.10 2728.30 2723.60 2717.90 2712.60 2708.30 2705.60 2704.80 2705.90 2708.40 2714.00 2727.70 2747.00 2748.60 2727.80 2705.10 2698.70 2680.00 2669.90 2662.60 2657.90 2655.10 2655.60 2655.90 2658.10 2662.10 2670.60 2681.40 2687.00 2703.80 2718.60 2721.20 2726.70 2716.90 2714.60 2708.10 2702.10 2703.60 2703.40 2702.30 2696.50 2690.40
2692.40 2691.40 2689.90 2688.20 2686.50 2686.40 2686.30 2687.80 2688.70 2691.70 2695.60 2699.20 2704.30 2710.10 2716.30 2730.40 2745.90 2754.90 2770.10 2798.20 2823.20 2784.30 2782.00 2786.20 2773.70 2763.50 2739.70 2733.50 2727.40 2721.70 2717.00 2714.30 2713.20 2713.80 2716.30 2721.50 2730.40 2750.40 2758.70 2742.80 2729.40 2725.50 2696.20 2694.60 2683.50 2677.30 2675.20 2677.50 2689.00 2691.50 2702.40 2710.70 2712.80 2720.10 2720.60 2720.30 2716.60 2710.50 2699.80 2696.80 2687.80 2685.60 2685.70 2685.00 2679.80 2675.50 2675.85
2699.80 2698.70 2697.30 2695.50 2694.80 2694.90 2695.00 2697.10 2699.00 2701.70 2705.80 2709.80 2718.40 2726.00 2735.20 2749.30 2760.90 2773.30 2792.50 2820.50 2857.50 2808.00 2803.40 2800.00 2789.70 2777.50 2755.00 2744.60 2737.10 2731.20 2727.10 2723.70 2721.80 2722.20 2724.70 2728.60 2735.90 2753.60 2769.00 2752.90 2746.60 2733.90 2727.10 2713.80 2705.90 2697.70 2706.60 2716.50 2726.00 2721.10 2722.00 2724.70 2720.50 2718.50 2712.70 2707.20 2701.50 2696.70 2690.40 2685.10 2675.80 2668.70 2660.30 2665.23 2661.49 2656.74 2651.82
2707.00 2706.00 2705.10 2703.40 2703.20 2703.30 2704.90 2707.60 2710.00 2712.30 2716.30 2720.80 2732.10 2744.50 2761.50 2784.50 2795.40 2792.00 2806.20 2833.10 2871.00 2825.80 2829.90 2824.30 2807.50 2789.50 2780.30 2757.70 2749.20 2741.80 2737.50 2733.80 2731.50 2731.70 2733.70 2737.40 2746.40 2762.10 2780.40 2767.30 2763.50 2751.10 2749.90 2742.50 2739.90 2729.90 2739.30 2752.00 2760.70 2747.40 2731.10 2718.10 2709.00 2700.50 2697.30 2694.50 2691.40 2687.80 2681.40 2668.64 2662.84 2653.49 2650.13 2650.20 2643.15 2633.73 2625.20
2714.20 2714.20 2713.20 2712.20 2711.70 2712.60 2715.60 2718.50 2721.90 2725.30 2730.80 2737.40 2761.00 2778.90 2793.20 2806.00 2831.80 2817.90 2832.70 2851.20 2882.50 2849.80 2857.00 2842.00 2821.40 2805.70 2793.30 2782.30 2764.80 2759.20 2751.20 2745.70 2741.50 2741.20 2743.00 2746.70 2755.80 2770.70 2786.60 2789.70 2775.30 2774.20 2777.50 2772.70 2768.80 2766.60 2772.10 2759.50 2747.00 2731.60 2717.20 2704.60 2696.90 2692.30 2687.80 2683.80 2679.83 2676.32 2675.32 2664.99 2655.04 2646.60 2638.48 2634.05 2623.76 2615.20 2606.81
2721.40 2722.00 2722.00 2721.00 2720.40 2723.30 2726.30 2729.10 2731.90 2738.70 2752.40 2778.70 2796.00 2817.30 2836.70 2851.30 2861.80 2846.70 2859.60 2875.70 2893.90 2875.30 2876.30 2852.70 2836.50 2822.70 2812.90 2804.20 2788.30 2780.10 2767.80 2758.70 2753.00 2751.30 2751.90 2754.50 2762.10 2780.70 2804.00 2814.60 2804.40 2796.50 2801.70 2800.40 2781.80 2757.70 2749.00 2739.60 2726.40 2715.80 2703.50 2695.90 2691.30 2693.84 2668.51 2663.09 2664.48 2663.18 2662.61 2657.31 2648.40 2637.86 2632.04 2621.32 2611.54 2604.07 2595.18
2728.50 2728.70 2730.00 2729.40 2730.90 2734.00 2736.90 2739.60 2743.30 2756.10 2781.30 2807.20 2836.40 2863.40 2887.10 2899.50 2892.90 2878.20 2895.20 2899.10 2908.50 2905.60 2887.00 2873.60 2854.50 2842.20 2838.30 2828.90 2808.80 2793.80 2790.10 2781.20 2767.30 2763.50 2763.50 2765.40 2776.40 2795.10 2811.00 2820.30 2800.00 2784.50 2780.90 2775.40 2755.40 2745.10 2733.40 2719.80 2709.00 2699.80 2695.40 2691.45 2691.14 2680.22 2662.46 2654.30 2651.11 2648.95 2649.78 2646.80 2638.44 2629.48 2621.76 2605.30 2599.69 2593.83 2592.58
2735.60 2735.30 2736.50 2737.90 2741.50 2745.50 2750.10 2753.90 2765.10 2792.10 2815.30 2840.30 2867.00 2895.00 2916.40 2928.50 2909.20 2899.30 2919.10 2931.30 2932.90 2927.30 2899.60 2905.40 2874.60 2872.40 2870.70 2853.90 2828.40 2811.90 2810.60 2794.30 2786.50 2782.60 2782.60 2782.70 2789.90 2802.00 2796.00 2787.00 2780.30 2769.60 2758.40 2753.70 2743.10 2730.70 2718.30 2707.70 2697.50 2681.31 2678.02 2678.98 2672.48 2666.34 2656.57 2648.96 2641.95 2634.97 2629.84 2624.23 2617.89 2608.79 2601.74 2595.54 2598.05 2595.20 2590.74
2744.00 2742.70 2744.20 2747.40 2752.80 2757.20 2761.90 2791.50 2810.70 2827.20 2849.30 2872.30 2898.90 2924.30 2944.10 2951.40 2931.10 2931.90 2934.40 2953.60 2956.10 2948.70 2936.90 2908.80 2897.80 2901.80 2897.10 2871.50 2845.90 2835.80 2826.30 2813.50 2803.00 2802.80 2801.60 2800.30 2786.30 2777.40 2767.40 2757.70 2749.10 2746.40 2741.70 2735.30 2724.10 2715.80 2708.10 2696.08 2690.86 2670.06 2660.85 2658.46 2657.30 2650.59 2643.68 2636.82 2627.94 2618.76 2612.03 2603.24 2597.00 2593.68 2592.17 2589.64 2587.09 2577.95 2575.92
2753.60 2753.00 2754.30 2756.80 2763.00 2770.50 2779.90 2807.10 2838.60 2858.30 2880.60 2903.70 2929.60 2944.50 2960.30 2976.50 2962.10 2960.60 2961.80 2973.50 2979.40 2969.20 2955.00 2934.60 2926.80 2916.60 2894.40 2884.10 2863.50 2858.70 2845.60 2829.60 2817.80 2805.40 2789.20 2773.00 2763.00 2750.10 2739.40 2731.90 2728.70 2726.80 2722.30 2716.90 2710.60 2703.40 2706.45 2692.43 2676.96 2665.26 2656.78 2648.69 2641.64 2635.16 2627.01 2618.72 2611.06 2603.94 2596.89 2590.66 2584.72 2580.88 2575.01 2569.38 2563.17 2554.91 2549.55
2763.00 2764.80 2766.70 2768.10 2775.60 2780.80 2799.00 2831.70 2851.10 2884.00 2909.90 2933.20 2945.70 2955.00 2981.10 3001.00 2989.90 2983.20 2989.80 2992.70 3000.30 2985.40 2970.10 2949.70 2930.10 2909.40 2890.60 2872.50 2861.00 2848.60 2830.30 2814.80 2801.10 2783.10 2770.00 2757.00 2739.80 2728.70 2720.70 2716.10 2712.90 2711.10 2708.20 2705.00 2705.35 2700.18 2689.77 2676.96 2665.12 2653.54 2643.55 2634.77 2627.36 2619.09 2611.95 2603.84 2597.45 2590.21 2583.97 2577.16 2569.96 2563.66 2559.23 2552.60 2569.79 2568.47 2567.02
2775.00 2778.80 2779.30 2780.40 2790.00 2798.30 2834.00 2860.40 2876.90 2895.30 2922.10 2943.40 2955.40 2969.70 2984.70 3001.00 3012.10 3010.80 3010.30 2999.80 2986.50 2969.60 2946.80 2930.00 2912.40 2892.30 2878.20 2858.20 2839.70 2828.80 2813.80 2799.20 2785.40 2769.50 2755.80 2740.30 2727.50 2715.40 2706.00 2699.70 2697.70 2697.50 2697.70 2707.28 2697.46 2686.79 2675.67 2664.05 2651.21 2639.57 2630.16 2622.30 2612.30 2604.70 2595.66 2590.60 2584.17 2575.12 2569.25 2565.07 2559.29 2574.18 2573.49 2572.04 2570.71 2569.42 2568.23
2788.60 2793.90 2799.30 2812.90 2824.40 2851.00 2874.00 2889.70 2907.00 2924.00 2940.30 2945.90 2955.90 2966.90 2984.20 3000.00 3012.20 3021.70 2996.80 2981.30 2959.40 2945.50 2923.40 2910.30 2896.40 2873.00 2853.60 2842.60 2828.40 2812.30 2802.50 2788.00 2772.30 2756.90 2744.00 2730.90 2718.60 2705.30 2697.30 2696.00 2696.80 2710.54 2707.80 2696.68 2686.66 2677.48 2666.04 2652.52 2638.50 2627.24 2619.64 2611.35 2599.62 2591.07 2583.95 2580.00 2576.95 2569.20 2564.15 2574.39 2574.87 2574.62 2573.98 2572.57 2571.36 2570.25 2569.20
2804.00 2818.00 2830.50 2857.30 2869.50 2899.90 2915.50 2927.60 2935.40 2944.80 2951.20 2951.00 2955.80 2966.00 2979.80 2997.20 3003.60 2992.80 2974.30 2954.70 2938.50 2919.10 2902.40 2887.00 2871.50 2853.90 2837.80 2825.90 2813.00 2799.20 2789.20 2774.30 2758.40 2746.60 2735.70 2723.60 2712.60 2700.40 2697.60 2697.70 2700.99 2702.86 2693.83 2684.42 2675.13 2665.73 2654.86 2642.24 2628.26 2617.29 2606.46 2595.76 2587.54 2578.07 2575.72 2569.87 2565.97 2560.42 2573.78 2575.09 2575.44 2575.02 2574.14 2573.08 2572.15 2571.16 2570.25
2830.80 2845.30 2858.30 2874.10 2903.90 2936.20 2950.80 2951.60 2954.30 2958.20 2962.80 2960.30 2959.00 2965.10 2976.30 2986.90 2979.00 2967.20 2952.10 2932.80 2912.80 2896.60 2879.70 2864.40 2851.90 2838.50 2825.90 2814.10 2802.20 2791.60 2780.60 2766.00 2750.70 2737.10 2727.40 2717.90 2711.40 2703.50 2700.00 2685.55 2686.71 2683.67 2678.88 2670.35 2661.32 2649.30 2637.47 2625.45 2615.72 2605.29 2590.85 2581.33 2576.44 2571.40 2567.21 2564.12 2572.53 2573.54 2574.82 2575.85 2575.99 2575.40 2574.65 2573.88 2573.13 2572.13 2571.23
2856.80 2865.40 2874.80 2902.40 2933.20 2948.50 2973.40 2978.00 2974.00 2975.90 2978.00 2976.10 2970.60 2969.80 2963.50 2966.00 2953.60 2940.50 2928.50 2910.80 2891.70 2877.00 2860.30 2849.80 2839.90 2825.30 2814.20 2802.50 2790.50 2778.40 2770.60 2756.60 2743.30 2735.70 2725.30 2716.20 2708.60 2701.30 2675.98 2673.71 2670.32 2669.21 2664.77 2653.76 2645.79 2635.07 2623.73 2612.94 2602.13 2587.81 2580.10 2573.42 2569.31 2565.70 2571.36 2572.57 2574.06 2575.28 2576.15 2576.55 2576.65 2576.01 2575.48 2574.73 2573.91 2572.95 2572.16
