data/gries/surface-2007.grid
NCOLS       257
NROWS       241
XLLCORNER          666587.50
YLLCORNER          140987.50
CELLSIZE           25.000000
NODATA_VALUE   -9999
[rows 174 to 202 of 241, columns 0 to 66 of 257]
3082.10 3108.90 3137.50 3150.80 3176.11 3184.71 3176.69 3163.57 3155.73 3148.87 3141.61 3134.65 3129.24 3124.15 3119.55 3115.45 3112.39 3109.02 3105.36 3100.19 3094.86 3089.45 3083.71 3075.56 3067.88 3060.22 3053.88 3050.04 3047.19 3045.18 3043.53 3041.84 3039.87 3038.76 3037.58 3036.43 3035.44 3034.76 3034.10 3033.44 3032.61 3031.82 3030.73 3029.15 3027.55 3026.35 3025.03 3023.04 3020.38 3018.28 3016.22 3014.33 3012.38 3010.66 3009.91 3009.07 3009.25 3009.80 3010.19 3010.97 3011.46 3012.70 3014.08 3015.16 3016.12 3017.29 3018.37
3095.10 3121.50 3147.50 3180.19 3201.04 3197.74 3186.94 3178.17 3169.95 3162.21 3154.62 3147.29 3140.68 3134.46 3128.02 3125.85 3122.29 3119.26 3115.89 3116.01 3106.68 3095.33 3084.30 3073.96 3065.84 3058.41 3053.48 3050.23 3047.85 3045.68 3043.63 3042.02 3039.99 3038.68 3037.74 3036.79 3036.08 3035.55 3034.99 3034.49 3033.80 3033.06 3031.85 3030.63 3029.50 3028.73 3027.34 3025.33 3023.01 3020.98 3018.98 3017.27 3015.56 3013.10 3011.90 3011.58 3011.60 3011.57 3011.79 3012.87 3014.24 3015.95 3017.52 3019.62 3021.16 3022.86 3024.03
3103.80 3129.90 3156.60 3190.01 3212.47 3209.99 3199.99 3192.48 3183.15 3175.01 3167.81 3160.13 3152.98 3150.96 3143.02 3139.03 3134.18 3130.53 3126.82 3118.34 3103.71 3089.91 3076.67 3070.56 3064.30 3058.68 3054.32 3050.90 3047.95 3045.47 3043.47 3041.50 3040.16 3038.82 3038.03 3037.38 3036.83 3036.22 3036.01 3035.62 3034.77 3034.36 3033.57 3032.74 3032.18 3031.28 3030.05 3028.22 3026.55 3024.62 3023.14 3021.25 3019.35 3017.72 3016.02 3015.15 3014.54 3014.41 3014.85 3016.02 3017.77 3019.73 3022.25 3025.17 3027.61 3029.03 3030.13
3114.00 3139.40 3164.80 3189.49 3226.23 3228.59 3214.75 3205.18 3197.02 3188.90 3179.03 3170.77 3168.48 3171.82 3163.16 3154.45 3144.54 3131.49 3120.36 3105.09 3094.46 3084.61 3078.21 3071.68 3065.79 3060.15 3055.34 3051.69 3048.48 3045.83 3043.42 3041.81 3040.44 3039.33 3038.57 3038.12 3037.75 3037.43 3037.05 3036.68 3036.07 3035.73 3035.70 3035.11 3034.61 3033.99 3033.04 3031.85 3030.60 3029.15 3027.98 3026.40 3024.72 3022.02 3020.72 3019.19 3018.07 3018.00 3018.62 3019.86 3022.11 3024.80 3028.05 3031.26 3033.86 3035.55 3036.61
3127.50 3151.70 3193.74 3203.36 3230.36 3249.03 3235.07 3220.73 3212.61 3204.09 3195.23 3187.56 3189.91 3173.07 3152.72 3137.32 3128.84 3119.64 3109.19 3100.35 3091.83 3086.02 3079.39 3073.49 3067.61 3062.14 3056.82 3052.88 3049.62 3046.59 3044.15 3042.27 3041.02 3040.20 3039.48 3038.99 3038.78 3038.44 3038.09 3037.73 3037.49 3037.59 3037.66 3037.41 3037.09 3036.86 3036.39 3035.91 3035.19 3034.29 3033.15 3031.90 3029.97 3027.88 3025.76 3023.99 3022.61 3022.58 3023.25 3024.81 3027.24 3030.55 3034.15 3037.23 3039.81 3041.52 3042.48
3138.50 3159.90 3181.00 3200.82 3233.01 3259.70 3254.24 3244.09 3232.25 3221.63 3211.33 3218.89 3193.26 3159.39 3141.71 3130.87 3122.85 3116.31 3108.70 3100.83 3094.78 3088.16 3081.45 3075.57 3069.87 3064.25 3058.79 3054.33 3050.45 3047.39 3045.01 3043.13 3041.88 3041.05 3040.45 3040.07 3039.72 3039.49 3039.38 3039.12 3039.63 3039.77 3039.69 3039.55 3039.72 3039.95 3039.89 3039.93 3039.80 3039.23 3038.54 3037.41 3035.63 3033.60 3031.21 3029.33 3027.99 3027.84 3028.88 3030.42 3033.07 3036.66 3040.79 3043.47 3045.97 3047.72 3049.23
3144.50 3164.20 3185.00 3203.07 3235.81 3270.90 3272.75 3262.64 3253.29 3248.08 3241.50 3219.70 3173.36 3148.52 3137.42 3131.17 3123.96 3116.79 3110.35 3103.51 3096.61 3090.80 3084.49 3078.08 3072.27 3066.42 3061.06 3056.42 3052.09 3048.66 3046.18 3044.19 3042.80 3041.72 3041.45 3041.13 3041.12 3040.97 3041.17 3041.20 3041.67 3041.91 3041.64 3042.02 3042.82 3043.69 3043.92 3044.31 3044.34 3044.03 3043.79 3042.91 3041.31 3039.36 3037.15 3035.01 3033.20 3033.09 3033.90 3035.99 3040.04 3043.60 3047.23 3049.70 3051.97 3053.98 3054.26
3154.40 3176.00 3195.60 3212.76 3244.33 3284.18 3295.84 3284.48 3274.04 3256.96 3238.18 3194.91 3159.37 3143.28 3137.75 3130.70 3123.98 3117.83 3111.85 3105.58 3099.72 3093.70 3087.52 3081.59 3074.91 3069.05 3064.13 3058.77 3054.31 3050.55 3047.79 3045.52 3044.12 3042.82 3042.72 3042.65 3042.77 3042.93 3043.05 3043.24 3043.69 3043.66 3044.10 3045.01 3045.98 3047.21 3048.17 3049.45 3049.47 3049.15 3048.77 3047.78 3046.31 3044.96 3043.20 3041.48 3040.30 3040.23 3041.39 3043.54 3046.85 3050.33 3053.92 3056.37 3056.67 3058.57 3058.78
3165.70 3186.80 3208.00 3220.08 3254.73 3287.30 3302.84 3288.37 3270.84 3240.41 3213.95 3176.78 3154.97 3144.14 3137.73 3130.04 3124.63 3119.17 3113.90 3108.26 3102.72 3097.06 3091.13 3085.54 3079.23 3073.09 3067.31 3061.99 3056.50 3053.11 3049.81 3047.49 3045.72 3044.65 3044.14 3044.31 3044.72 3045.02 3045.15 3045.59 3045.93 3046.06 3046.75 3047.91 3049.13 3050.74 3052.37 3053.38 3053.79 3054.05 3053.45 3052.68 3051.36 3050.08 3048.83 3046.76 3046.35 3046.78 3048.22 3050.66 3053.46 3056.61 3059.09 3062.22 3063.03 3063.34 3062.73
3177.40 3193.50 3212.40 3226.40 3255.44 3279.71 3290.66 3272.77 3251.29 3226.92 3194.46 3165.50 3151.49 3142.97 3137.89 3131.24 3126.26 3121.31 3116.44 3111.13 3106.27 3100.51 3095.22 3089.39 3083.64 3077.59 3071.72 3065.91 3060.53 3055.90 3052.29 3049.25 3047.45 3046.41 3046.10 3046.49 3046.92 3047.10 3047.40 3047.80 3048.11 3048.54 3049.46 3050.85 3052.31 3054.30 3056.15 3057.57 3058.18 3057.82 3057.80 3057.00 3055.92 3054.84 3053.71 3052.36 3052.77 3053.59 3055.34 3057.44 3060.90 3062.95 3065.50 3066.70 3066.90 3069.00 3068.57
3185.50 3202.70 3222.30 3248.54 3276.03 3288.61 3283.03 3260.44 3240.76 3215.93 3179.77 3160.50 3148.99 3145.28 3139.11 3133.42 3128.55 3124.37 3119.75 3115.07 3110.21 3105.04 3099.52 3094.01 3087.96 3082.02 3076.10 3070.20 3064.19 3059.15 3055.22 3051.84 3049.60 3048.53 3048.54 3048.57 3049.24 3049.41 3049.71 3050.05 3050.70 3051.31 3052.57 3054.17 3056.05 3057.78 3059.50 3060.86 3061.61 3061.90 3061.37 3061.10 3059.87 3059.53 3058.71 3058.12 3059.14 3060.70 3062.11 3063.88 3065.71 3068.80 3070.39 3070.13 3071.49 3073.88 3069.57
3204.30 3220.00 3246.70 3281.72 3291.89 3284.68 3266.09 3244.99 3227.95 3202.55 3176.69 3162.27 3153.87 3148.20 3142.76 3137.53 3132.65 3128.28 3124.34 3120.28 3115.08 3110.14 3105.03 3099.50 3093.32 3087.35 3081.18 3074.96 3068.95 3063.03 3058.54 3055.10 3052.75 3051.92 3051.75 3051.44 3051.50 3051.72 3051.86 3052.52 3053.34 3054.26 3055.84 3057.60 3059.30 3060.96 3062.52 3063.81 3064.62 3064.99 3064.76 3064.75 3064.07 3063.89 3063.81 3064.54 3065.83 3067.34 3068.20 3070.29 3071.97 3073.62 3074.34 3074.09 3076.50 3079.28 3075.92
3223.80 3254.46 3295.37 3295.48 3283.62 3264.77 3248.26 3232.43 3215.96 3195.90 3177.95 3166.76 3159.13 3153.34 3148.49 3143.25 3138.62 3134.27 3130.58 3125.45 3121.38 3116.78 3111.56 3105.57 3099.27 3092.91 3086.52 3080.57 3074.55 3068.48 3062.91 3059.32 3056.91 3055.60 3054.90 3054.08 3053.91 3053.96 3054.21 3054.91 3056.07 3057.31 3059.08 3060.76 3062.34 3063.90 3065.26 3066.61 3067.15 3067.44 3067.61 3067.70 3067.75 3068.48 3069.35 3070.62 3072.54 3073.95 3074.70 3075.83 3077.47 3078.08 3077.58 3078.65 3082.19 3085.49 3087.00
3249.50 3283.92 3298.07 3289.63 3271.86 3254.95 3236.83 3216.97 3205.43 3192.89 3181.77 3173.97 3167.14 3161.34 3155.90 3150.46 3146.13 3141.75 3137.84 3133.75 3128.85 3123.89 3118.85 3112.91 3106.01 3099.16 3092.26 3086.15 3080.15 3074.39 3068.88 3064.58 3061.55 3059.43 3058.03 3056.78 3056.51 3056.44 3056.78 3057.68 3059.18 3060.56 3062.02 3063.96 3065.48 3066.82 3067.66 3068.61 3069.21 3069.62 3069.75 3070.03 3070.77 3072.49 3074.34 3076.64 3078.72 3080.23 3081.46 3081.89 3082.54 3081.40 3081.19 3083.62 3087.54 3091.83 3095.44
3332.97 3317.55 3298.58 3281.10 3264.58 3243.26 3229.89 3219.12 3209.38 3200.01 3191.57 3183.57 3177.63 3171.65 3165.43 3158.38 3154.45 3150.69 3146.86 3142.11 3136.72 3132.62 3126.69 3120.21 3113.18 3106.13 3098.90 3092.20 3086.24 3080.37 3074.70 3069.43 3066.23 3063.90 3061.93 3060.46 3059.54 3059.32 3059.78 3060.78 3062.19 3063.82 3065.31 3066.96 3068.39 3069.66 3070.41 3071.01 3071.60 3071.83 3071.84 3072.68 3074.24 3076.37 3079.13 3081.89 3084.29 3085.61 3086.82 3087.34 3087.30 3085.95 3086.16 3089.29 3094.42 3097.73 3103.98
3290.90 3307.14 3294.39 3277.27 3259.45 3245.68 3238.10 3228.88 3219.79 3211.71 3204.39 3195.89 3189.16 3182.76 3176.23 3169.66 3164.84 3160.73 3156.85 3152.17 3146.25 3141.13 3136.04 3128.33 3120.59 3113.73 3106.49 3098.83 3092.61 3087.03 3081.40 3076.50 3072.12 3068.67 3066.21 3064.42 3063.15 3062.76 3063.27 3064.18 3065.31 3066.89 3068.48 3069.95 3071.24 3072.10 3072.98 3073.45 3073.90 3073.87 3074.16 3075.74 3077.83 3080.60 3083.61 3086.63 3089.15 3091.30 3092.04 3092.22 3091.91 3091.31 3091.39 3094.94 3100.26 3104.13 3121.65
3263.30 3272.53 3274.92 3267.84 3256.17 3247.50 3242.32 3233.14 3227.90 3223.38 3217.28 3209.98 3202.99 3195.97 3188.58 3182.44 3177.47 3172.50 3168.32 3163.64 3157.53 3153.39 3147.03 3138.51 3129.30 3121.28 3114.50 3107.63 3099.53 3093.77 3087.60 3082.34 3077.49 3073.67 3070.66 3068.64 3066.47 3066.64 3066.90 3067.27 3068.43 3069.74 3070.91 3072.53 3074.01 3074.94 3075.64 3076.02 3076.39 3076.63 3077.28 3078.93 3081.69 3084.56 3087.72 3091.09 3093.47 3095.09 3096.60 3097.37 3096.83 3096.77 3096.78 3100.07 3106.13 3111.30 3139.60
3234.70 3233.51 3234.43 3241.93 3248.23 3243.23 3237.62 3235.72 3234.02 3232.68 3230.23 3224.41 3217.95 3209.98 3202.73 3195.70 3191.54 3185.63 3183.05 3179.79 3174.79 3166.94 3159.27 3148.99 3139.40 3130.85 3123.04 3115.10 3107.59 3099.46 3093.14 3087.47 3083.06 3078.18 3074.47 3072.61 3071.37 3070.57 3070.59 3070.67 3071.76 3072.67 3073.91 3075.37 3076.79 3077.92 3078.71 3079.38 3079.75 3080.36 3081.19 3082.54 3085.01 3087.64 3091.72 3094.70 3097.57 3099.63 3100.55 3101.82 3102.40 3101.71 3102.80 3105.50 3111.23 3116.94 3141.04
3202.70 3211.20 3204.58 3217.75 3244.64 3247.46 3245.50 3246.21 3244.02 3244.59 3243.22 3239.92 3234.42 3227.06 3220.58 3212.96 3209.26 3204.64 3202.36 3200.55 3192.35 3182.07 3170.98 3160.63 3150.69 3141.13 3131.59 3122.50 3113.58 3105.34 3096.72 3091.78 3086.95 3082.44 3078.45 3076.61 3075.28 3074.55 3074.52 3074.57 3075.14 3075.93 3076.97 3078.35 3079.65 3080.88 3081.82 3082.48 3083.24 3083.77 3084.60 3086.33 3088.53 3092.27 3095.44 3098.45 3101.61 3103.17 3104.56 3105.73 3106.60 3106.90 3107.77 3113.73 3129.87 3147.32 3160.60
3173.60 3181.90 3204.73 3248.28 3254.97 3257.99 3262.29 3262.20 3258.64 3257.47 3254.64 3251.57 3247.87 3244.34 3239.12 3234.55 3229.01 3224.34 3218.98 3212.75 3204.52 3193.84 3181.53 3169.09 3157.75 3147.55 3137.49 3127.93 3118.57 3109.71 3101.54 3095.11 3090.30 3086.23 3082.58 3080.11 3079.14 3078.56 3078.21 3078.08 3078.55 3079.21 3080.06 3081.26 3082.43 3083.71 3084.71 3085.50 3086.15 3086.92 3087.88 3089.63 3092.48 3096.08 3099.31 3102.48 3104.77 3106.87 3107.76 3109.11 3109.84 3109.95 3114.95 3132.26 3158.22 3195.77 3223.73
3146.70 3181.10 3208.40 3211.04 3239.02 3249.53 3260.31 3266.98 3266.35 3264.43 3262.42 3259.65 3257.25 3253.95 3250.08 3245.27 3240.12 3235.44 3229.95 3222.64 3214.18 3203.76 3191.06 3177.09 3162.80 3151.89 3141.30 3131.44 3122.58 3113.69 3105.24 3098.80 3095.52 3090.12 3087.12 3084.21 3083.80 3082.47 3081.76 3081.51 3081.73 3082.32 3083.29 3084.15 3085.14 3086.44 3087.34 3088.10 3088.94 3089.83 3090.78 3092.65 3095.66 3098.87 3102.07 3105.03 3107.49 3109.62 3110.76 3111.83 3112.45 3110.88 3122.47 3148.81 3166.15 3190.67 3229.61
3142.90 3164.10 3184.40 3184.02 3232.15 3269.81 3271.00 3270.17 3270.37 3270.23 3268.68 3267.52 3265.12 3261.83 3257.60 3252.46 3247.37 3241.23 3236.40 3231.07 3223.18 3213.05 3200.46 3185.58 3170.02 3155.85 3143.09 3134.34 3126.51 3117.65 3110.32 3103.88 3098.72 3094.44 3091.79 3089.04 3087.36 3086.30 3085.45 3084.76 3084.77 3085.15 3086.16 3086.99 3087.91 3088.94 3089.79 3090.53 3091.38 3092.30 3093.42 3095.39 3098.49 3101.33 3104.50 3107.33 3109.72 3111.78 3113.26 3113.76 3112.83 3115.91 3136.52 3160.43 3179.15 3196.90 3210.45
3145.50 3178.90 3201.40 3234.79 3256.65 3284.98 3290.19 3282.60 3280.84 3280.55 3278.98 3277.29 3274.23 3269.44 3263.96 3258.25 3252.76 3247.41 3241.72 3236.50 3230.40 3222.55 3209.24 3194.84 3184.15 3168.35 3149.28 3132.55 3130.86 3123.47 3115.80 3109.43 3103.89 3099.17 3095.51 3092.99 3090.93 3089.29 3088.34 3088.08 3088.36 3088.39 3088.85 3089.64 3090.93 3091.49 3092.09 3092.78 3093.60 3094.47 3095.59 3097.54 3100.34 3103.18 3106.53 3109.41 3111.89 3113.76 3114.93 3115.47 3115.47 3123.90 3149.97 3174.10 3188.40 3204.04 3217.74
3142.30 3173.90 3192.00 3218.50 3239.81 3271.78 3284.12 3296.46 3300.36 3298.50 3295.47 3290.54 3284.77 3278.41 3270.84 3264.45 3258.69 3253.35 3247.28 3240.30 3240.79 3244.10 3238.80 3229.68 3216.83 3205.32 3183.66 3150.44 3136.19 3127.40 3121.26 3114.60 3108.92 3104.06 3099.84 3096.59 3094.42 3092.55 3091.81 3091.31 3091.15 3090.91 3091.50 3092.25 3093.13 3093.79 3094.59 3094.87 3095.48 3096.46 3097.63 3099.56 3102.13 3105.07 3108.15 3110.81 3113.27 3115.33 3116.57 3117.02 3117.47 3133.05 3153.38 3174.28 3197.76 3212.45 3217.84
3171.20 3187.80 3203.60 3221.00 3240.82 3269.38 3292.10 3312.23 3320.98 3320.46 3315.91 3307.05 3299.82 3291.48 3281.80 3273.03 3266.12 3260.95 3260.93 3256.41 3247.81 3244.49 3253.67 3251.02 3246.01 3231.71 3209.40 3169.61 3140.94 3133.11 3125.94 3119.74 3113.08 3108.31 3104.07 3100.23 3097.21 3095.61 3094.37 3093.77 3093.42 3093.38 3094.10 3094.52 3094.92 3095.19 3096.30 3096.80 3097.47 3098.14 3099.74 3101.26 3103.55 3106.20 3109.03 3111.56 3114.32 3116.76 3118.31 3118.33 3123.22 3138.94 3158.63 3181.80 3203.12 3220.18 3221.61
3189.40 3209.80 3227.80 3245.30 3273.18 3293.08 3318.47 3332.83 3340.82 3340.62 3337.46 3331.72 3324.46 3315.62 3298.37 3288.87 3285.85 3285.67 3271.90 3247.69 3237.77 3227.02 3224.23 3223.93 3224.63 3234.51 3223.53 3201.32 3157.74 3140.00 3130.53 3124.30 3118.36 3112.69 3107.96 3103.67 3100.42 3098.14 3096.87 3096.18 3095.31 3095.29 3096.03 3096.10 3096.83 3097.27 3097.53 3098.29 3099.18 3099.95 3101.23 3102.73 3104.53 3106.82 3109.68 3112.39 3115.09 3117.90 3119.77 3117.79 3126.97 3145.86 3163.49 3185.45 3206.06 3219.97 3219.10
3182.10 3205.50 3225.20 3247.40 3293.08 3311.42 3349.21 3364.20 3363.11 3367.68 3363.73 3354.64 3345.40 3333.90 3324.17 3316.88 3306.04 3272.99 3246.44 3240.60 3233.82 3226.24 3220.55 3213.22 3207.51 3203.97 3197.89 3184.79 3159.78 3146.12 3139.29 3130.99 3124.10 3117.74 3112.17 3107.60 3104.18 3101.01 3099.68 3098.40 3097.61 3097.59 3097.86 3097.53 3098.15 3098.95 3099.50 3099.78 3100.60 3101.52 3102.51 3103.80 3105.34 3107.33 3109.85 3112.48 3115.41 3118.37 3120.03 3121.14 3129.60 3147.14 3161.85 3187.28 3208.55 3209.57 3209.63
3171.50 3194.00 3220.20 3255.00 3289.80 3339.41 3355.45 3369.54 3372.91 3368.91 3364.53 3352.56 3334.91 3318.96 3326.02 3310.16 3257.00 3248.84 3241.88 3238.82 3230.92 3222.85 3215.27 3209.47 3201.24 3189.06 3182.76 3173.46 3162.49 3154.18 3146.23 3137.82 3129.95 3123.38 3117.52 3112.74 3109.12 3106.03 3103.30 3101.68 3100.25 3099.45 3099.70 3099.21 3099.13 3099.38 3100.45 3101.23 3102.12 3102.92 3103.59 3104.59 3106.06 3107.18 3109.81 3112.60 3115.48 3118.67 3120.90 3124.53 3133.11 3147.45 3164.82 3179.30 3188.84 3194.18 3195.80
3182.50 3198.90 3229.50 3263.80 3298.90 3324.87 3345.64 3357.21 3357.64 3348.20 3334.83 3324.02 3311.16 3284.44 3268.46 3257.90 3249.29 3243.89 3241.75 3235.45 3228.03 3219.81 3212.28 3205.38 3199.44 3194.58 3188.04 3179.69 3169.58 3160.78 3152.35 3144.29 3137.48 3129.86 3124.22 3118.89 3114.48 3110.76 3107.65 3104.99 3103.13 3101.75 3100.96 3100.82 3101.18 3100.57 3101.41 3102.32 3103.26 3104.01 3104.73 3105.72 3106.48 3107.57 3109.33 3112.16 3115.21 3118.60 3120.98 3125.70 3133.89 3147.07 3162.80 3168.99 3180.60 3182.97 3177.40
