data/gries/surface-1979.grid
NCOLS       257
NROWS       241
XLLCORNER          666587.50
YLLCORNER          140987.50
CELLSIZE           25.000000
NODATA_VALUE   -9999
[rows 0 to 28 of 241, columns 134 to 200 of 257]
2161.80 2153.90 2146.80 2138.70 2136.60 2131.60 2128.00 2123.90 2119.50 2115.20 2111.10 2106.70 2101.30 2098.40 2095.40 2096.40 2099.60 2104.20 2108.50 2112.90 2115.80 2117.40 2119.10 2119.50 2122.40 2129.40 2135.70 2131.80 2121.80 2114.70 2107.50 2101.70 2097.20 2095.30 2093.90 2093.00 2089.40 2082.50 2076.10 2067.20 2057.10 2044.50 2032.40 2021.00 2008.60 1996.80 1986.80 1978.70 1972.80 1968.20 1966.40 1963.10 1957.80 1962.40 1967.10 1972.70 1976.50 1978.00 1979.80 1985.20 1990.50 1994.80 1998.90 2001.10 2002.70 2004.90 2011.00
2153.30 2146.50 2139.30 2133.80 2128.60 2124.60 2120.50 2117.50 2114.20 2110.40 2106.40 2102.40 2098.90 2098.00 2099.60 2108.70 2120.30 2119.60 2123.20 2127.90 2132.20 2133.90 2135.60 2137.20 2142.90 2155.20 2151.70 2141.70 2130.50 2119.20 2112.30 2107.30 2105.00 2101.40 2100.30 2098.60 2095.00 2087.30 2076.70 2066.70 2056.30 2044.10 2031.00 2018.00 2007.90 1996.80 1989.30 1981.80 1976.00 1973.30 1970.40 1967.10 1963.70 1960.70 1965.90 1971.20 1973.00 1974.70 1976.60 1978.00 1979.50 1983.00 1987.40 1992.20 1996.90 2001.20 2007.40
2141.90 2137.30 2134.00 2128.50 2123.60 2119.10 2115.10 2112.40 2108.80 2104.90 2101.50 2100.10 2101.50 2107.80 2119.10 2131.20 2142.40 2138.10 2139.50 2145.80 2149.80 2156.10 2162.30 2162.30 2173.20 2179.60 2170.20 2149.90 2134.10 2124.10 2118.40 2116.10 2114.50 2110.80 2107.90 2105.20 2098.70 2087.90 2077.30 2066.00 2054.60 2043.70 2031.00 2018.40 2008.30 2000.20 1992.90 1986.50 1981.90 1979.00 1975.40 1971.80 1967.40 1964.60 1962.90 1965.90 1969.70 1971.90 1973.20 1974.60 1977.90 1981.10 1985.90 1990.90 1996.60 2002.00 2006.50
2133.30 2128.70 2127.80 2123.20 2118.90 2114.70 2109.80 2107.80 2107.30 2107.10 2108.30 2108.70 2113.10 2117.80 2131.50 2152.60 2166.00 2159.40 2156.50 2166.60 2183.70 2192.30 2195.00 2201.00 2195.60 2189.40 2174.10 2152.60 2138.00 2132.10 2129.40 2127.20 2124.70 2119.50 2114.00 2106.60 2098.70 2090.50 2082.70 2072.00 2059.90 2049.20 2036.50 2020.90 2013.20 2005.90 1999.30 1994.40 1989.90 1985.20 1980.70 1975.90 1971.30 1967.90 1965.20 1965.60 1966.70 1968.10 1969.80 1971.90 1975.90 1980.00 1985.40 1991.20 1997.30 2002.90 2008.10
2129.80 2123.70 2121.20 2118.50 2114.90 2113.30 2114.00 2112.70 2112.30 2112.70 2115.50 2117.10 2123.70 2132.80 2152.50 2170.40 2181.20 2186.00 2203.90 2214.30 2219.60 2215.70 2214.90 2214.00 2206.20 2188.80 2169.00 2155.90 2149.10 2144.80 2142.10 2136.40 2131.80 2124.30 2118.20 2114.60 2111.00 2102.70 2094.40 2081.10 2068.50 2054.80 2042.00 2028.40 2020.30 2013.00 2007.10 2002.40 1997.90 1992.30 1986.40 1980.30 1975.50 1970.70 1967.50 1967.60 1969.20 1971.40 1973.60 1976.20 1978.70 1981.60 1986.80 1992.00 1997.70 2003.30 2011.00
2127.20 2122.10 2118.40 2117.30 2117.80 2118.80 2118.00 2117.60 2117.20 2118.40 2122.50 2131.80 2140.60 2159.30 2171.50 2186.90 2203.60 2218.30 2229.30 2235.20 2236.60 2235.70 2232.30 2222.90 2199.80 2182.20 2172.20 2168.60 2161.90 2157.60 2153.60 2145.90 2140.00 2137.60 2134.30 2130.40 2125.70 2116.50 2105.30 2089.10 2072.10 2058.60 2048.00 2036.40 2028.20 2020.10 2014.90 2010.80 2006.00 1998.00 1992.00 1985.90 1979.80 1974.60 1969.90 1969.10 1973.10 1979.50 1982.50 1984.70 1986.80 1990.20 1994.80 1999.40 2002.70 2008.60 2016.10
2122.50 2121.90 2121.70 2119.50 2123.40 2126.70 2125.70 2125.10 2126.40 2129.30 2137.60 2148.20 2158.80 2169.70 2184.70 2206.20 2226.70 2240.10 2248.70 2254.80 2256.10 2252.80 2242.50 2216.90 2198.90 2194.50 2191.80 2184.80 2175.90 2171.30 2163.80 2156.30 2155.10 2153.50 2151.80 2149.00 2141.40 2127.50 2109.40 2091.20 2079.10 2068.40 2057.40 2046.80 2037.00 2029.00 2024.40 2022.00 2014.90 2005.70 1997.50 1991.00 1985.10 1979.40 1974.90 1973.60 1979.60 1989.40 1992.90 1995.40 1997.30 1998.70 2005.10 2009.90 2011.70 2014.30 2020.70
2127.10 2127.30 2127.50 2126.30 2130.70 2134.90 2134.40 2134.40 2137.00 2142.80 2152.00 2162.80 2176.20 2195.10 2210.90 2224.80 2243.90 2255.70 2263.50 2268.80 2268.00 2260.30 2242.50 2222.20 2217.80 2214.80 2207.50 2197.50 2189.30 2183.30 2175.30 2172.20 2170.60 2168.60 2166.20 2161.60 2147.30 2129.80 2117.10 2107.80 2091.30 2076.60 2067.40 2058.20 2047.50 2039.80 2036.00 2029.30 2020.70 2011.90 2003.20 1996.10 1989.90 1983.20 1983.50 1982.90 1992.70 2001.10 2006.20 2011.10 2016.80 2023.80 2018.90 2019.80 2021.70 2024.30 2031.70
2132.00 2132.70 2133.30 2133.80 2138.30 2143.60 2145.20 2145.20 2150.50 2157.60 2167.50 2191.00 2208.60 2223.60 2229.00 2240.00 2257.50 2270.80 2278.90 2276.40 2267.50 2258.20 2244.50 2236.90 2233.90 2232.30 2226.90 2209.40 2201.30 2197.50 2191.90 2188.40 2185.10 2182.50 2177.80 2167.10 2153.90 2146.00 2133.50 2113.30 2096.90 2087.40 2076.60 2067.60 2058.70 2050.80 2044.10 2040.40 2030.40 2020.20 2010.60 2000.50 1996.80 1996.80 1997.30 2000.00 2011.30 2015.60 2022.40 2027.00 2032.40 2037.60 2042.70 2043.00 2042.90 2041.50 2045.10
2136.80 2137.90 2139.10 2142.50 2147.10 2152.80 2155.60 2159.00 2168.20 2179.30 2194.30 2212.60 2224.50 2232.90 2240.90 2255.60 2268.80 2283.30 2287.70 2280.60 2274.60 2269.30 2257.50 2255.90 2254.10 2253.80 2234.30 2223.40 2217.50 2213.70 2208.90 2204.50 2199.70 2195.50 2188.10 2176.70 2168.40 2163.00 2141.20 2117.70 2107.20 2098.40 2087.40 2076.70 2067.80 2059.30 2053.30 2047.10 2040.10 2029.10 2017.40 2010.50 2015.20 2011.50 2010.80 2016.90 2026.00 2031.00 2035.40 2040.60 2044.40 2047.60 2051.50 2054.60 2065.30 2064.80 2070.20
2143.80 2150.00 2153.70 2156.60 2157.70 2162.20 2166.60 2173.50 2183.50 2198.80 2215.40 2227.10 2236.40 2246.30 2259.40 2278.60 2282.00 2289.90 2296.60 2289.90 2289.70 2286.40 2283.30 2284.50 2278.50 2256.70 2245.20 2238.90 2233.80 2229.80 2225.90 2222.00 2218.80 2207.80 2201.30 2195.70 2187.40 2174.10 2147.10 2127.60 2118.10 2109.80 2098.20 2086.40 2076.70 2067.90 2060.50 2053.90 2049.40 2038.00 2027.70 2028.60 2029.50 2030.60 2023.30 2026.40 2034.00 2038.90 2043.90 2047.70 2053.20 2057.40 2060.70 2071.00 2078.20 2099.30 2112.10
2163.40 2171.40 2173.60 2174.70 2174.60 2174.00 2177.20 2186.70 2199.70 2213.90 2226.70 2240.30 2249.70 2260.30 2275.50 2288.30 2293.40 2302.80 2305.10 2303.80 2304.60 2305.10 2305.30 2297.70 2278.50 2265.80 2259.70 2255.40 2253.00 2248.30 2243.70 2238.20 2227.50 2221.30 2215.50 2210.00 2198.40 2173.60 2151.20 2141.10 2132.60 2120.30 2108.20 2095.30 2085.60 2076.30 2072.70 2065.60 2060.00 2049.60 2043.90 2045.70 2042.80 2042.00 2040.60 2036.20 2038.30 2044.60 2048.30 2052.70 2059.90 2067.60 2074.60 2087.20 2100.40 2122.20 2138.20
2185.30 2191.40 2193.20 2195.20 2194.60 2191.90 2195.60 2201.40 2217.80 2227.80 2237.20 2252.00 2265.80 2275.50 2286.30 2295.40 2304.30 2313.10 2318.10 2319.80 2321.80 2315.70 2307.30 2297.70 2286.30 2276.50 2274.80 2272.90 2277.90 2280.00 2259.50 2245.40 2235.70 2231.60 2229.20 2222.20 2192.40 2175.20 2163.20 2153.70 2144.00 2131.00 2116.60 2105.00 2094.50 2091.00 2086.90 2079.60 2074.90 2065.50 2059.80 2056.10 2051.80 2048.10 2048.80 2045.30 2046.00 2050.40 2053.20 2057.20 2072.40 2078.10 2093.30 2106.30 2125.10 2142.30 2156.40
2203.50 2216.90 2219.70 2219.30 2215.40 2211.80 2219.10 2224.20 2232.50 2242.70 2253.30 2266.40 2281.40 2295.20 2303.20 2308.50 2319.00 2325.80 2330.70 2333.10 2325.80 2318.80 2310.00 2302.70 2297.80 2296.90 2303.20 2304.00 2305.30 2281.10 2265.70 2254.50 2250.20 2247.20 2241.50 2217.20 2203.60 2189.60 2176.60 2162.80 2148.90 2137.90 2128.30 2114.10 2110.10 2104.20 2103.10 2095.60 2091.10 2086.00 2087.40 2067.30 2058.40 2055.20 2057.80 2053.50 2053.40 2055.90 2058.70 2065.20 2090.60 2100.80 2113.30 2127.80 2141.70 2155.60 2172.90
2227.90 2239.00 2240.50 2237.80 2232.00 2230.90 2236.30 2241.30 2248.70 2259.10 2270.70 2286.20 2300.50 2309.70 2315.00 2320.20 2327.10 2334.70 2341.30 2339.60 2330.70 2325.00 2322.20 2320.00 2326.00 2336.30 2333.10 2324.00 2303.20 2286.60 2278.00 2273.30 2267.80 2257.40 2242.90 2235.00 2215.30 2196.40 2183.60 2172.70 2171.10 2168.30 2154.30 2138.50 2143.70 2122.10 2117.00 2108.90 2106.40 2104.80 2098.40 2082.90 2073.10 2068.70 2063.80 2061.00 2061.40 2062.90 2068.70 2080.50 2097.60 2120.80 2131.50 2143.70 2159.50 2174.60 2190.60
2249.40 2255.80 2256.20 2256.20 2250.90 2250.90 2254.20 2260.50 2264.80 2275.90 2289.90 2305.00 2315.10 2321.90 2327.50 2333.00 2339.20 2353.00 2350.70 2341.90 2336.80 2333.60 2331.40 2336.20 2344.30 2350.20 2335.70 2322.00 2310.30 2302.80 2298.80 2296.70 2281.70 2264.20 2251.60 2235.80 2214.20 2211.00 2200.60 2195.10 2194.40 2191.80 2180.50 2175.70 2156.10 2140.90 2133.20 2124.10 2122.80 2119.80 2108.40 2097.20 2088.20 2082.30 2076.70 2070.60 2073.20 2075.60 2079.60 2090.00 2105.00 2130.00 2149.30 2163.50 2180.50 2201.30 2205.80
2275.90 2279.80 2279.40 2275.70 2270.80 2269.30 2272.70 2279.10 2284.60 2291.20 2305.70 2319.20 2331.10 2339.20 2344.60 2348.30 2361.20 2359.70 2352.60 2345.00 2344.60 2343.10 2343.90 2354.00 2360.50 2353.80 2342.40 2333.60 2324.70 2327.30 2324.80 2306.40 2292.20 2271.40 2249.60 2236.80 2237.10 2230.80 2230.60 2226.90 2219.10 2219.20 2210.50 2186.60 2174.80 2155.60 2151.60 2141.10 2138.30 2129.30 2115.30 2104.90 2096.90 2090.40 2084.70 2080.60 2085.10 2090.60 2094.50 2107.60 2118.30 2135.50 2159.00 2175.80 2198.40 2216.80 2223.70
2303.50 2302.60 2298.90 2294.80 2290.50 2289.40 2295.00 2300.10 2302.20 2308.30 2318.00 2332.20 2345.60 2354.40 2361.90 2365.10 2370.90 2360.90 2357.50 2354.00 2356.00 2360.30 2364.30 2366.30 2368.10 2364.70 2360.60 2358.20 2355.90 2346.30 2327.20 2312.50 2291.40 2273.10 2267.00 2269.80 2260.10 2263.10 2264.30 2263.80 2263.30 2262.80 2235.60 2209.70 2193.30 2186.20 2174.10 2157.00 2150.40 2134.30 2122.50 2112.20 2104.70 2097.30 2093.80 2097.20 2100.20 2107.30 2110.60 2122.20 2137.30 2147.00 2164.50 2187.80 2211.60 2225.10 2236.60
2322.80 2317.10 2311.30 2309.40 2307.70 2308.40 2311.60 2315.20 2318.00 2324.00 2331.00 2342.40 2358.10 2368.20 2372.90 2377.30 2379.00 2373.70 2367.60 2363.50 2365.80 2371.10 2375.70 2377.80 2379.90 2383.30 2383.30 2384.00 2360.70 2346.80 2334.40 2315.10 2296.40 2297.40 2298.40 2297.20 2291.00 2296.90 2302.00 2304.50 2304.00 2300.60 2264.00 2232.40 2214.60 2203.80 2184.10 2169.90 2156.10 2142.40 2131.50 2120.30 2116.20 2117.00 2112.30 2113.50 2116.80 2122.30 2125.20 2132.40 2146.10 2159.80 2173.50 2193.50 2218.50 2240.30 2253.20
2340.50 2332.40 2323.30 2321.10 2322.00 2325.00 2328.00 2329.00 2331.00 2336.30 2349.00 2352.40 2366.30 2380.90 2384.70 2388.40 2388.60 2384.70 2377.80 2375.40 2376.90 2380.50 2385.20 2389.60 2391.70 2399.00 2400.00 2378.80 2363.60 2354.40 2336.30 2327.40 2321.90 2325.00 2324.40 2318.20 2323.20 2327.40 2327.10 2329.40 2335.60 2300.80 2277.70 2257.70 2230.20 2210.70 2196.90 2183.30 2168.60 2164.60 2148.50 2137.60 2137.70 2139.90 2130.80 2133.70 2141.00 2138.00 2140.80 2148.80 2160.80 2181.20 2193.10 2206.00 2229.30 2248.10 2263.30
2353.90 2347.20 2337.50 2337.00 2338.20 2340.90 2341.50 2342.20 2345.20 2350.30 2361.10 2370.80 2375.90 2391.80 2395.50 2397.80 2398.30 2392.70 2387.50 2386.00 2389.60 2392.10 2395.40 2398.70 2402.70 2406.40 2392.50 2380.60 2376.70 2362.10 2348.80 2346.00 2347.90 2352.30 2351.30 2348.00 2351.70 2361.70 2366.40 2373.70 2341.90 2307.10 2307.50 2286.00 2247.00 2227.40 2222.00 2200.80 2187.20 2174.90 2160.30 2151.20 2149.90 2147.90 2146.60 2146.30 2149.40 2150.80 2156.20 2167.00 2179.20 2201.90 2212.40 2221.20 2242.00 2261.30 2277.00
2363.00 2368.00 2358.20 2357.80 2356.90 2355.50 2355.50 2355.50 2357.70 2363.30 2370.60 2384.80 2391.50 2402.30 2405.00 2405.80 2406.70 2401.10 2398.20 2395.50 2400.20 2405.90 2409.70 2410.90 2412.50 2405.50 2397.70 2396.20 2390.90 2376.60 2367.80 2368.40 2373.90 2379.40 2382.40 2383.70 2384.90 2391.50 2399.40 2412.50 2375.90 2360.40 2345.60 2314.80 2276.30 2254.30 2230.00 2221.90 2217.50 2195.10 2181.60 2167.50 2160.80 2159.70 2156.80 2154.80 2157.40 2162.40 2167.30 2173.10 2182.80 2206.10 2219.40 2237.20 2253.30 2268.60 2282.20
2374.60 2380.80 2391.00 2381.00 2372.10 2369.40 2369.60 2369.80 2372.40 2376.00 2381.00 2397.00 2406.50 2411.30 2412.60 2413.40 2414.10 2412.10 2410.00 2407.20 2413.90 2421.60 2423.70 2420.60 2418.70 2412.20 2411.10 2412.70 2400.90 2389.30 2389.90 2390.90 2395.40 2406.80 2407.90 2413.20 2408.70 2418.50 2432.00 2439.50 2416.40 2410.70 2385.80 2342.60 2313.50 2290.30 2254.50 2249.60 2233.30 2210.90 2191.60 2182.20 2181.70 2174.90 2167.00 2165.50 2167.70 2175.30 2178.30 2192.40 2204.50 2215.50 2230.20 2245.20 2261.60 2273.10 2284.00
2391.00 2399.30 2403.80 2395.20 2383.00 2383.40 2383.80 2388.40 2392.00 2393.40 2395.60 2410.20 2419.30 2419.40 2420.30 2421.40 2422.50 2423.50 2421.70 2421.10 2430.60 2434.50 2435.10 2432.30 2430.20 2422.70 2426.30 2428.90 2418.40 2413.90 2415.00 2413.90 2418.40 2431.00 2433.80 2431.10 2430.60 2445.30 2458.20 2458.80 2444.60 2435.60 2404.90 2372.20 2340.00 2308.50 2280.60 2263.30 2246.00 2230.10 2210.30 2199.00 2189.20 2180.00 2176.90 2176.10 2179.10 2184.80 2192.60 2200.00 2216.00 2225.50 2237.70 2252.80 2266.30 2278.20 2288.20
2406.10 2410.20 2412.00 2403.50 2398.40 2399.30 2401.60 2403.20 2407.60 2408.50 2410.20 2419.30 2428.70 2429.90 2431.00 2432.40 2434.30 2435.70 2437.40 2442.50 2447.50 2448.60 2448.40 2446.00 2443.60 2441.80 2443.60 2445.40 2440.00 2435.00 2440.20 2437.60 2442.00 2451.90 2455.70 2455.60 2458.40 2480.00 2489.30 2480.50 2459.30 2440.60 2418.40 2383.50 2357.10 2328.80 2297.10 2272.80 2261.90 2248.50 2240.40 2213.80 2198.70 2191.80 2189.00 2188.20 2190.30 2195.00 2204.10 2220.00 2228.00 2235.10 2244.60 2259.50 2269.70 2281.20 2291.00
2414.50 2420.10 2419.50 2419.50 2416.50 2417.40 2419.40 2418.80 2420.30 2421.30 2424.20 2430.40 2438.90 2440.70 2443.60 2446.30 2449.00 2451.60 2455.60 2460.50 2462.70 2464.50 2463.60 2462.10 2461.50 2472.20 2480.00 2475.10 2482.20 2475.90 2480.50 2463.70 2460.70 2469.20 2482.10 2484.30 2500.80 2508.60 2506.30 2494.90 2477.20 2455.80 2436.30 2404.30 2370.90 2340.90 2319.50 2292.60 2276.00 2263.50 2250.50 2232.90 2218.10 2209.30 2204.00 2203.80 2207.70 2217.50 2215.80 2224.20 2243.40 2247.10 2254.20 2266.50 2274.40 2284.10 2294.60
2421.20 2426.60 2429.60 2429.70 2429.30 2429.70 2430.30 2432.60 2434.70 2436.80 2440.30 2443.70 2451.30 2453.90 2456.60 2460.00 2464.30 2467.70 2472.30 2476.70 2479.50 2477.50 2478.20 2486.50 2498.50 2512.10 2510.80 2513.30 2510.50 2511.90 2509.90 2489.60 2485.50 2491.70 2518.10 2527.10 2533.40 2530.10 2519.30 2510.20 2493.00 2471.10 2443.60 2409.00 2390.60 2356.20 2333.80 2309.90 2289.70 2273.50 2265.80 2255.50 2244.90 2234.70 2223.60 2225.10 2232.50 2234.00 2241.50 2236.40 2245.20 2256.70 2265.00 2275.40 2282.90 2289.90 2301.10
2428.00 2433.40 2437.30 2440.10 2440.60 2441.30 2444.10 2446.60 2450.80 2452.90 2455.50 2460.00 2465.40 2468.90 2472.40 2476.50 2479.60 2482.90 2486.70 2491.10 2495.70 2500.50 2509.30 2519.00 2536.20 2549.70 2548.50 2547.40 2539.00 2548.50 2544.50 2524.20 2519.50 2535.50 2549.30 2556.80 2556.20 2549.30 2538.80 2522.00 2503.50 2484.40 2462.00 2431.60 2402.40 2378.00 2355.00 2330.50 2310.50 2292.80 2279.60 2272.70 2265.70 2257.20 2250.70 2246.60 2249.10 2251.10 2253.70 2253.50 2254.50 2266.80 2275.80 2283.70 2290.40 2297.40 2307.90
2440.20 2441.10 2445.00 2448.60 2450.70 2453.70 2458.70 2464.00 2468.70 2471.30 2472.30 2476.90 2482.50 2485.80 2490.40 2494.70 2497.10 2498.50 2501.20 2507.80 2518.80 2537.30 2545.10 2561.10 2578.80 2591.10 2587.50 2580.90 2568.00 2580.90 2573.00 2561.10 2555.70 2573.00 2583.20 2582.50 2578.90 2567.00 2551.00 2533.00 2513.60 2496.90 2474.70 2451.70 2428.60 2400.70 2377.30 2356.00 2336.40 2318.60 2302.40 2287.80 2279.30 2272.50 2266.50 2262.20 2261.20 2262.30 2263.50 2263.40 2262.90 2279.80 2284.60 2291.70 2297.40 2306.25 2313.18
