data/gries/surface-1884.grid
NCOLS       257
NROWS       241
XLLCORNER          666587.50
YLLCORNER          140987.50
CELLSIZE           25.000000
NODATA_VALUE   -9999
[rows 104 to 129 of 241, columns 60 to 119 of 257]
3011.7000 3004.8000 2998.4000 2998.5000 3001.0000 3003.6000 3006.1000 3008.5000 2994.6000 2982.4000 2966.9000 2952.5000 2940.9000 2932.8000 2925.2000 2915.0000 2901.9000 2887.1000 2871.1000 2856.1000 2839.0000 2822.5000 2769.9900 2767.2100 2763.6200 2760.4100 2756.5600 2752.0500 2747.2600 2742.5400 2738.1100 2733.9600 2730.1600 2726.3600 2722.6600 2718.7700 2714.9400 2710.9600 2707.3500 2703.4400 2700.5500 2698.8200 2698.0200 2696.8300 2695.9300 2694.8900 2693.9900 2693.0700 2692.2600 2691.4500 2690.7300 2690.0100 2689.3300 2688.6700 2687.9800 2687.2800 2686.4600 2685.6200 2684.6200 2683.6000
2989.3000 2983.7000 2979.7000 2975.3000 2975.0000 2976.9000 2980.1000 2989.1000 2985.9000 2972.9000 2958.7000 2944.7000 2933.5000 2925.5000 2915.8000 2902.6000 2890.4000 2876.9000 2859.9000 2840.0000 2775.5000 2772.9500 2770.4800 2767.7500 2764.5400 2760.9900 2756.8800 2752.5500 2747.9800 2743.3600 2738.9500 2734.7300 2730.7900 2726.9800 2723.2100 2719.2100 2715.2200 2711.1800 2707.4600 2703.7000 2700.8900 2699.3600 2698.5900 2697.5300 2696.5500 2695.5800 2694.6300 2693.7800 2692.9600 2692.2300 2691.5000 2690.8700 2690.2000 2689.6400 2688.9900 2688.3900 2687.6100 2686.8300 2685.8500 2684.8600
2974.5000 2967.0000 2962.4000 2957.6000 2954.2000 2957.3000 2960.7000 2961.8000 2957.9000 2954.2000 2949.5000 2935.1000 2926.3000 2916.0000 2903.2000 2888.5000 2872.2000 2856.3000 2784.4400 2777.5300 2774.5100 2771.9500 2769.8800 2767.8400 2765.1400 2761.5700 2757.1300 2752.9000 2748.4000 2743.9200 2739.5700 2735.3300 2731.3600 2727.5700 2723.8300 2719.7500 2715.7400 2711.6600 2708.1500 2704.5700 2702.1800 2700.6200 2699.9000 2698.7200 2697.7100 2696.6600 2695.7500 2694.8600 2694.1000 2693.3500 2692.7000 2692.0400 2691.4500 2690.9100 2690.3500 2689.7900 2689.0800 2688.3300 2687.3700 2686.3700
2959.4000 2951.4000 2945.0000 2939.2000 2934.4000 2932.9000 2934.9000 2937.2000 2938.1000 2934.4000 2928.0000 2919.5000 2911.5000 2900.5000 2824.3500 2810.3900 2800.2800 2791.5100 2784.4000 2777.4700 2773.5300 2770.9600 2769.3300 2767.8100 2765.5800 2762.0200 2757.5300 2753.3000 2748.8800 2744.4700 2740.1800 2735.9800 2732.0300 2728.2700 2724.5300 2720.3700 2716.3000 2712.3000 2708.9000 2705.6800 2703.5100 2702.1800 2701.4700 2700.2000 2699.0000 2697.8900 2696.9000 2696.0400 2695.2500 2694.5700 2693.9000 2693.2900 2692.6800 2692.2300 2691.7000 2691.2300 2690.5500 2689.8500 2688.8800 2687.8800
2944.8000 2936.6000 2930.1000 2924.0000 2918.2000 2914.8000 2915.2000 2916.8000 2917.2000 2915.7000 2909.7000 2902.9000 2832.8800 2828.3800 2818.5800 2807.1000 2796.4400 2786.9300 2780.2500 2774.0900 2771.3000 2769.1600 2768.1800 2767.3400 2765.5200 2762.2300 2757.6900 2753.6100 2749.1800 2744.8600 2740.5800 2736.4200 2732.4700 2728.7200 2724.9800 2720.7300 2716.6500 2712.6500 2709.4400 2706.4200 2704.6400 2703.3900 2702.8600 2701.5600 2700.4300 2699.4500 2698.5900 2697.7900 2697.0300 2696.3600 2695.7600 2695.1200 2694.5400 2694.0700 2693.6100 2693.1400 2692.5200 2691.8200 2690.8800 2689.8400
2931.0000 2923.3000 2916.1000 2908.4000 2901.6000 2898.2000 2896.7000 2897.4000 2898.9000 2898.7000 2835.3300 2830.9400 2826.7800 2820.9300 2812.1100 2802.4600 2792.1800 2781.2300 2772.7400 2768.5600 2767.5500 2766.5900 2766.3700 2766.0700 2764.6200 2761.6200 2757.4000 2753.5300 2749.3200 2745.1100 2740.8400 2736.6500 2732.6000 2728.8200 2725.0500 2720.8200 2716.7600 2712.8400 2709.7000 2706.8500 2705.1700 2703.9500 2703.4900 2702.5600 2701.9700 2701.6400 2701.3800 2700.5700 2699.7000 2698.9900 2698.3700 2697.6700 2696.9900 2696.3400 2695.6900 2695.2000 2694.5900 2693.9100 2692.9500 2691.8400
2918.8000 2911.1000 2903.6000 2896.0000 2888.2000 2883.5000 2882.8000 2882.3000 2847.2200 2839.0600 2833.1000 2828.4200 2822.9500 2815.9900 2807.5100 2798.5300 2788.9700 2776.6000 2767.3300 2763.9400 2764.6600 2764.3900 2765.1000 2765.2200 2763.9500 2761.3700 2757.3200 2753.7500 2749.6600 2745.5100 2741.1900 2736.8700 2732.6700 2728.7600 2724.9000 2720.6000 2716.5400 2712.5000 2709.3700 2706.4600 2704.8900 2703.5800 2703.2100 2702.7200 2702.7100 2703.1400 2703.4800 2702.8200 2701.9200 2701.3400 2700.7900 2700.1800 2699.5800 2698.9100 2698.2100 2697.7700 2697.1800 2696.5300 2695.6500 2694.6000
2908.4000 2900.7000 2892.3000 2884.7000 2874.4000 2863.6000 2858.1900 2853.5500 2846.8600 2837.7900 2829.7800 2823.9600 2817.5800 2810.7600 2802.6000 2794.6500 2785.8200 2775.4200 2767.2600 2764.0700 2764.0600 2764.1600 2764.8000 2765.3000 2764.4400 2761.7600 2757.6700 2754.1700 2750.1400 2746.0300 2741.5300 2737.0700 2732.5900 2728.7600 2724.8600 2720.5100 2716.2100 2712.1300 2708.8200 2705.9900 2704.3600 2703.1000 2702.7700 2702.4700 2702.7200 2703.2300 2703.7600 2703.4100 2702.9200 2702.5300 2702.3000 2701.9900 2701.8100 2701.6700 2701.4700 2700.9900 2700.3600 2699.6400 2698.8800 2698.2000
2898.1000 2889.9000 2881.2000 2869.2000 2861.6000 2859.3700 2857.1700 2851.7600 2844.5900 2835.8300 2827.6300 2821.2800 2814.8600 2808.1800 2800.7200 2793.0100 2785.2400 2776.4700 2770.3100 2766.2800 2765.5900 2765.0100 2765.4600 2766.0600 2765.4700 2762.8900 2758.7400 2755.3900 2751.3400 2747.2000 2742.6200 2737.9400 2733.2300 2729.1500 2725.1300 2720.4500 2716.0300 2711.5600 2708.1200 2705.0400 2703.4800 2702.1000 2701.8600 2701.5900 2701.9100 2702.3700 2702.8500 2702.9100 2702.8000 2702.7900 2702.8400 2703.0000 2703.2200 2703.7600 2704.0400 2703.6800 2703.0100 2702.4000 2701.8000 2701.6900
2887.9000 2880.1000 2880.5600 2867.2000 2858.7000 2856.7900 2855.5300 2849.4900 2842.0700 2834.6100 2827.2200 2821.0000 2814.6000 2808.2600 2801.0100 2793.5400 2785.8000 2778.3000 2772.5200 2768.4900 2766.7600 2765.7400 2765.6800 2765.9800 2765.4800 2763.5300 2760.1700 2756.8900 2752.7800 2748.6700 2743.9400 2739.3800 2734.3400 2729.4700 2724.3800 2719.9000 2715.4300 2710.9100 2706.9800 2704.0700 2702.3500 2701.1900 2700.8500 2700.7400 2701.0200 2701.5600 2702.1100 2702.4100 2702.6200 2702.8700 2703.1900 2703.5700 2704.0300 2704.6400 2705.0500 2704.8800 2704.4800 2704.0800 2703.8700 2704.0400
2888.8900 2883.9600 2876.0600 2865.4300 2856.8700 2853.7900 2851.7100 2846.1600 2840.0800 2834.3100 2828.1700 2822.5900 2816.5600 2810.6800 2803.9000 2795.9300 2788.0300 2780.7100 2775.4800 2770.6500 2768.3600 2766.4700 2766.0500 2765.9700 2765.5900 2764.5600 2762.0700 2759.0500 2754.9200 2750.9600 2746.4000 2742.0000 2737.0400 2731.2800 2725.4300 2720.7800 2716.4600 2711.2300 2707.0800 2703.6600 2702.1000 2700.7100 2700.5900 2700.2900 2700.6300 2701.0400 2701.6500 2702.0500 2702.4500 2702.8700 2703.3500 2703.8800 2704.3800 2704.9700 2705.2800 2705.3000 2705.0800 2704.9700 2704.9600 2705.3100
2885.5700 2879.5300 2871.3300 2862.6200 2854.8600 2849.7200 2845.7800 2841.8900 2838.0100 2834.2600 2829.8900 2824.6600 2818.6800 2813.5300 2807.1800 2798.5600 2789.7900 2782.9800 2777.8400 2772.7400 2769.4500 2767.0700 2766.1300 2765.9600 2765.8300 2765.4700 2763.7100 2760.7400 2756.5700 2752.8900 2748.5800 2744.6600 2739.7900 2734.4500 2728.4500 2723.6100 2718.3100 2712.3300 2706.7700 2703.5000 2701.5700 2700.6100 2700.2400 2700.1300 2700.1100 2700.7500 2701.2500 2701.8900 2702.2900 2702.9800 2703.4900 2704.2300 2704.6900 2705.3800 2705.5900 2705.7500 2705.5300 2705.6100 2705.5700 2705.8200
2880.3300 2874.2500 2867.4500 2859.7500 2852.5100 2846.1300 2841.3200 2838.3300 2836.1700 2834.0700 2831.1400 2826.3600 2820.3700 2815.8200 2809.8200 2800.5600 2791.1900 2784.4200 2779.5700 2773.8200 2770.1900 2767.1900 2766.2500 2766.0800 2766.4600 2766.7700 2765.7200 2762.9700 2758.9800 2755.9500 2752.3000 2748.8500 2744.4500 2739.5200 2733.9900 2728.6900 2723.1600 2716.0600 2709.9600 2705.8600 2703.9900 2702.5100 2702.4500 2701.7400 2701.7300 2702.0000 2702.6600 2703.0000 2703.5100 2704.1100 2704.8500 2705.5600 2706.1500 2706.7300 2706.9800 2707.0100 2706.8400 2706.8700 2706.8600 2706.6900
2870.9700 2866.7700 2862.0100 2856.4000 2850.2200 2844.3400 2839.4000 2836.5300 2834.4600 2832.5800 2829.8300 2825.3200 2819.6700 2815.1600 2809.1500 2800.4000 2791.2500 2784.4800 2779.0200 2773.7000 2769.6200 2766.7200 2765.3700 2765.7600 2766.4100 2767.3800 2766.6700 2764.8300 2761.6500 2759.5900 2756.6700 2753.6300 2749.1000 2744.0300 2738.0600 2733.3400 2727.8600 2721.7200 2715.3800 2710.4500 2706.7500 2705.5000 2704.8700 2704.0100 2703.0900 2703.6500 2703.9800 2704.4100 2704.4700 2705.4000 2706.0000 2707.0500 2707.3600 2708.2800 2708.1900 2708.4100 2707.8000 2708.2600 2707.9700 2707.8900
2866.1800 2862.6700 2859.7500 2855.0700 2850.0400 2844.3100 2839.6500 2836.1000 2833.6400 2831.2500 2828.3400 2824.3000 2818.9500 2814.5700 2808.5200 2800.3800 2792.1000 2785.1600 2779.8700 2774.4400 2770.8200 2767.3700 2766.5100 2766.9900 2768.5300 2769.6500 2769.3100 2767.8400 2765.6200 2764.5500 2762.7900 2760.1200 2755.7300 2750.5300 2744.7800 2740.4900 2735.9400 2730.4300 2725.0200 2718.6900 2714.2400 2712.2000 2711.7800 2709.9200 2708.7700 2708.6400 2708.9900 2708.5200 2708.6000 2709.1700 2710.3100 2711.2200 2711.9800 2712.7500 2713.0100 2712.8100 2712.4500 2712.7600 2713.0400 2712.6300
2867.8200 2863.9500 2860.1600 2855.5300 2850.0300 2844.7500 2839.8700 2836.0100 2832.9800 2830.4900 2827.8400 2824.5000 2820.0600 2815.5400 2809.3600 2801.2400 2792.9100 2787.1100 2782.1800 2776.8200 2772.1100 2768.5900 2766.9700 2768.5700 2770.6800 2772.3200 2771.8500 2769.5600 2766.7700 2768.2800 2768.9800 2766.5400 2761.9100 2757.9000 2753.2000 2749.4300 2744.9000 2739.7600 2734.1100 2728.4800 2723.8900 2721.8100 2720.5600 2718.8700 2717.1000 2716.1400 2715.0000 2713.6700 2712.6700 2713.5200 2714.6800 2716.0000 2716.6500 2717.9300 2718.1200 2717.8500 2717.0500 2718.1400 2718.9500 2719.5200
2873.3500 2868.8600 2864.1600 2858.5300 2852.4200 2846.5400 2841.4900 2836.5700 2833.1500 2830.3800 2828.1800 2825.8800 2822.4700 2818.2200 2812.2900 2804.4100 2796.7000 2792.1300 2788.6200 2782.7900 2778.0600 2773.9200 2772.5000 2774.1100 2776.9500 2778.5100 2778.3300 2774.6100 2770.9000 2773.9100 2776.7500 2774.1300 2769.6900 2766.9300 2763.5400 2760.0100 2755.7600 2750.5900 2745.2800 2740.2600 2736.3600 2733.6100 2732.0600 2729.8800 2728.2700 2726.1900 2724.4700 2721.7800 2720.3800 2721.1800 2723.2900 2724.6000 2725.8300 2727.2900 2728.0300 2727.5100 2726.7800 2727.9400 2729.4300 2730.3100
2877.9500 2873.7900 2868.4700 2862.3400 2855.0500 2848.4500 2842.1800 2836.7200 2832.7200 2830.1400 2828.5400 2827.3400 2825.1800 2821.5100 2816.2200 2809.8400 2803.6900 2800.6200 2797.7800 2792.5800 2787.5600 2784.8400 2783.7500 2784.0600 2785.1100 2787.7400 2788.3400 2784.3000 2779.5500 2780.6400 2781.7900 2780.4900 2777.5300 2775.3100 2772.2300 2769.3500 2765.5400 2761.5200 2757.1200 2752.8600 2748.8900 2745.0600 2741.7400 2739.0100 2736.9000 2736.1200 2735.2100 2732.2800 2730.2800 2731.8600 2734.6700 2736.7800 2738.5100 2740.7600 2742.2500 2742.8300 2742.8100 2742.7500 2742.9900 2743.9900
2883.3900 2879.6100 2874.4500 2868.0400 2860.1000 2852.1300 2844.5400 2837.5800 2833.1600 2830.2000 2829.4000 2828.9900 2828.1300 2825.1300 2820.9800 2816.5100 2812.6300 2810.9900 2809.5300 2804.9900 2800.7500 2799.0800 2798.9600 2797.3800 2796.9500 2799.9700 2801.7400 2797.6700 2792.6500 2791.2100 2790.2800 2789.5300 2787.9500 2785.8800 2782.8600 2780.0400 2776.2900 2772.5300 2768.6400 2764.5100 2760.9700 2756.0400 2752.0100 2748.7700 2746.6900 2746.7200 2747.2000 2743.8100 2742.1400 2744.4200 2748.3900 2751.0200 2753.0500 2755.5600 2757.2400 2758.6100 2759.1500 2757.6900 2756.5600 2757.3200
2887.0700 2883.8600 2879.3900 2874.2200 2866.9000 2857.8600 2848.1300 2839.2900 2832.8900 2829.9100 2829.2200 2829.2100 2828.8600 2827.0700 2824.3400 2821.7500 2819.8400 2820.3100 2820.5900 2817.7800 2814.6000 2813.0600 2812.3200 2810.7700 2810.1800 2812.2200 2813.5000 2810.9500 2807.3200 2805.6800 2804.1600 2802.3600 2800.0800 2798.6600 2796.3200 2792.5100 2787.4100 2781.8200 2776.2200 2771.3300 2767.4800 2764.7700 2762.7200 2760.3700 2758.3600 2757.2000 2756.2600 2753.5500 2753.0100 2757.1000 2762.8100 2765.5100 2767.2500 2768.0000 2768.6000 2769.0700 2769.5300 2767.6800 2766.7800 2768.0100
2890.5000 2887.9600 2884.2500 2880.9600 2874.5700 2864.6200 2853.3200 2842.3200 2834.8300 2830.9900 2830.7300 2830.1800 2830.3000 2829.2200 2827.8200 2826.4400 2825.8800 2827.5300 2829.0700 2827.7400 2825.7500 2824.1000 2823.0100 2821.8100 2821.5600 2822.5700 2823.4000 2822.7800 2821.3700 2820.5900 2819.0700 2816.4100 2813.0800 2812.2700 2810.4100 2805.9700 2799.6600 2792.3800 2785.2100 2779.6800 2775.9000 2774.8100 2774.6600 2772.7700 2770.8500 2767.8600 2765.1400 2762.3100 2762.2600 2767.0400 2773.4100 2775.7700 2776.4200 2775.6900 2774.2600 2774.1500 2774.0500 2772.7300 2772.4100 2774.6400
2894.0700 2891.9300 2889.2500 2886.7800 2881.1500 2870.1600 2857.3500 2846.3100 2838.1700 2834.1200 2832.8300 2832.4300 2832.2800 2831.8400 2830.8700 2830.2400 2829.7900 2830.4700 2831.0800 2830.7300 2829.8900 2828.7200 2827.8500 2827.4700 2827.6600 2828.1300 2828.8700 2830.0200 2831.0100 2832.0100 2831.7900 2828.8800 2825.4100 2824.3600 2822.9400 2819.3700 2814.2200 2807.1400 2800.4100 2796.2100 2793.2100 2789.7400 2786.7500 2784.4800 2782.4400 2779.7200 2776.8600 2772.2300 2770.0100 2772.7600 2777.4700 2778.9300 2779.5200 2778.2700 2777.1700 2776.4600 2776.4200 2775.0000 2775.1600 2777.8300
2897.4900 2895.6100 2893.2600 2891.6900 2886.6400 2875.5600 2862.7800 2852.3500 2845.1500 2840.3000 2838.8800 2837.6200 2837.6300 2836.9400 2836.4600 2835.5900 2834.8900 2833.8800 2833.1500 2833.2900 2833.3700 2832.7400 2832.2200 2832.4800 2833.0300 2832.8500 2833.2400 2835.6700 2837.9800 2840.2300 2840.8600 2838.2500 2834.7000 2833.6200 2832.1200 2830.1400 2826.7200 2820.9400 2815.4800 2813.6300 2811.8200 2805.7800 2799.2700 2796.2700 2793.7200 2790.8900 2787.7500 2781.1100 2776.2800 2775.9500 2777.6700 2777.9800 2778.1000 2777.3700 2776.8200 2776.4100 2776.7200 2776.0200 2776.8600 2780.1400
2900.6600 2898.3100 2896.0500 2894.0600 2889.5400 2880.2700 2869.6400 2860.8600 2854.2600 2849.5500 2846.9400 2845.2000 2844.2500 2844.0600 2843.6800 2843.0700 2842.0900 2841.7100 2841.3300 2841.6200 2841.8100 2842.2000 2842.2300 2841.7700 2841.1100 2840.7400 2840.8600 2842.7000 2844.2300 2844.5500 2843.6500 2842.1400 2840.0900 2838.5000 2836.9100 2835.8500 2833.9700 2829.0300 2825.1100 2826.6400 2827.8200 2821.2000 2813.4800 2809.4100 2806.1000 2800.8100 2795.2700 2789.0900 2784.1400 2780.9700 2779.4400 2778.2700 2777.6800 2777.0600 2777.0300 2777.5700 2778.9200 2780.5700 2783.2500 2786.9000
2904.0100 2901.0400 2898.3300 2895.9200 2891.7200 2885.0200 2877.2800 2870.3800 2865.2500 2860.4800 2857.9800 2855.5300 2854.5400 2854.3300 2854.5800 2853.8000 2853.1700 2853.3200 2853.8700 2854.0300 2854.3200 2855.4600 2856.0300 2854.6700 2852.9700 2852.4000 2852.1800 2852.7100 2852.6500 2850.5500 2847.6700 2847.1300 2846.0500 2843.5700 2840.9800 2840.2700 2839.1900 2834.9600 2831.4700 2835.3700 2838.4400 2832.2400 2824.1800 2820.2900 2816.2200 2809.2800 2802.0400 2797.0700 2792.9700 2787.5000 2783.5500 2780.9200 2780.0000 2779.1600 2779.9800 2781.0400 2783.8700 2787.4200 2792.1600 2795.7100
2908.1300 2904.3600 2900.9400 2898.3700 2895.0300 2890.5600 2885.3200 2879.7100 2875.0600 2871.1400 2868.9000 2867.4300 2866.9200 2866.5800 2866.4600 2866.3400 2866.2800 2866.4200 2866.8500 2868.0400 2869.3800 2870.7600 2871.4500 2870.4500 2869.0700 2868.4900 2867.9400 2867.0400 2865.5200 2863.3400 2860.7900 2859.8300 2857.9800 2853.4500 2848.9300 2847.9700 2847.2100 2843.6200 2840.3500 2840.5400 2840.6200 2836.0200 2830.8500 2827.3500 2823.9900 2817.9400 2811.8000 2807.1300 2802.8100 2796.5500 2791.1300 2787.8700 2786.1600 2785.4500 2785.9600 2787.6100 2790.7100 2795.5000 2800.9300 2804.9500
