data/gries/surface-1979.grid
NCOLS       257
NROWS       241
XLLCORNER          666587.50
YLLCORNER          140987.50
CELLSIZE           25.000000
NODATA_VALUE   -9999
[rows 29 to 57 of 241, columns 67 to 133 of 257]
2566.70 2560.20 2550.80 2542.60 2542.50 2544.70 2547.60 2551.00 2554.90 2546.80 2542.30 2536.20 2511.10 2487.50 2466.70 2443.90 2426.30 2411.30 2397.60 2384.80 2371.40 2359.60 2353.10 2346.60 2341.40 2336.10 2331.60 2326.50 2321.00 2308.50 2302.10 2295.60 2278.60 2263.80 2255.10 2239.90 2238.70 2246.40 2261.90 2269.90 2277.50 2284.80 2293.40 2303.40 2317.50 2340.30 2364.00 2383.80 2397.90 2405.00 2409.60 2413.70 2417.20 2420.20 2423.90 2424.70 2412.70 2408.40 2412.60 2417.60 2418.90 2421.90 2424.50 2429.00 2436.70 2444.70 2445.20
2560.70 2556.00 2548.80 2554.70 2555.70 2554.10 2554.50 2558.00 2559.30 2555.40 2559.10 2552.50 2523.60 2497.20 2475.40 2460.70 2429.10 2411.70 2397.60 2384.80 2371.30 2359.60 2351.90 2344.60 2337.00 2330.90 2326.10 2321.30 2316.30 2307.20 2288.50 2278.00 2262.20 2253.70 2248.10 2244.70 2248.50 2262.30 2269.50 2277.80 2287.60 2297.90 2308.10 2321.20 2342.10 2363.80 2384.20 2402.40 2413.60 2416.30 2420.00 2427.10 2431.80 2435.70 2441.20 2437.10 2429.00 2424.60 2424.30 2428.20 2429.70 2432.90 2439.40 2443.00 2448.00 2451.70 2454.00
2561.70 2555.70 2559.30 2565.50 2559.50 2563.80 2564.40 2564.80 2565.50 2565.50 2569.80 2560.60 2541.30 2502.90 2477.80 2458.40 2431.00 2416.00 2400.90 2386.90 2373.40 2361.20 2352.60 2343.70 2335.30 2326.60 2320.20 2314.60 2309.00 2302.60 2289.30 2272.70 2261.20 2258.10 2256.40 2255.30 2263.40 2271.40 2278.20 2288.10 2298.50 2310.30 2322.50 2336.70 2354.10 2383.60 2400.90 2415.40 2424.20 2426.30 2430.80 2438.40 2447.70 2450.10 2453.80 2447.80 2443.40 2437.90 2433.60 2437.30 2442.00 2447.20 2450.80 2455.40 2458.40 2461.10 2463.80
2570.70 2567.20 2574.20 2579.40 2573.40 2574.30 2577.10 2574.10 2574.50 2577.10 2580.90 2568.90 2547.50 2516.80 2485.50 2458.70 2442.30 2424.60 2405.80 2390.30 2376.00 2364.30 2353.70 2342.00 2333.60 2325.20 2316.00 2308.60 2302.70 2292.10 2278.70 2270.20 2266.30 2265.70 2261.80 2265.20 2272.80 2280.20 2288.60 2298.90 2311.00 2323.80 2338.20 2351.00 2369.40 2399.20 2413.60 2423.00 2430.60 2435.50 2439.70 2450.00 2460.30 2461.70 2463.10 2461.10 2456.00 2449.50 2446.40 2449.10 2456.60 2461.90 2464.80 2467.30 2469.60 2472.30 2475.70
2579.40 2586.80 2593.50 2595.00 2590.10 2595.40 2598.50 2582.20 2584.20 2588.50 2588.10 2575.20 2552.70 2526.90 2482.40 2468.50 2442.80 2424.80 2405.10 2391.30 2378.60 2369.00 2354.20 2338.60 2330.90 2322.90 2315.50 2308.20 2301.00 2287.70 2278.70 2276.00 2273.00 2273.00 2273.30 2272.90 2280.50 2288.50 2299.00 2310.30 2323.70 2338.10 2353.60 2367.30 2388.90 2410.00 2422.30 2427.70 2435.70 2442.50 2446.80 2454.50 2464.70 2468.80 2471.90 2471.40 2465.70 2461.40 2460.90 2462.80 2468.10 2474.10 2478.00 2479.80 2485.50 2488.90 2488.60
2596.30 2602.10 2606.60 2606.30 2603.20 2613.90 2612.50 2597.20 2600.90 2600.30 2599.40 2585.60 2560.20 2515.80 2504.40 2478.50 2454.00 2429.00 2407.70 2393.50 2385.60 2373.90 2355.20 2344.00 2334.50 2324.80 2316.40 2307.30 2299.10 2290.20 2286.90 2282.80 2280.00 2280.80 2283.10 2281.60 2288.30 2296.20 2307.50 2321.90 2336.00 2351.90 2372.40 2385.90 2404.70 2419.40 2431.10 2437.80 2440.00 2447.40 2454.60 2459.40 2466.30 2475.00 2480.30 2480.50 2476.00 2473.20 2472.80 2475.40 2480.70 2487.60 2501.00 2501.10 2502.30 2503.10 2502.40
2610.10 2614.20 2617.60 2615.90 2617.30 2627.40 2622.30 2615.00 2613.10 2612.40 2605.00 2594.30 2566.40 2533.10 2516.20 2486.10 2465.00 2430.90 2413.10 2400.70 2391.10 2374.70 2359.90 2350.20 2339.70 2328.80 2317.70 2310.80 2301.30 2300.10 2292.90 2291.70 2290.50 2290.10 2290.90 2291.30 2296.30 2305.00 2317.10 2332.00 2349.50 2367.70 2388.20 2403.00 2413.90 2425.90 2437.10 2445.60 2448.50 2455.60 2463.10 2467.90 2470.50 2477.40 2484.50 2491.30 2490.90 2486.50 2485.00 2486.50 2492.30 2500.00 2507.00 2508.80 2512.40 2516.30 2519.50
2620.90 2626.70 2628.30 2625.30 2635.90 2639.70 2627.70 2629.10 2626.00 2618.80 2608.60 2599.60 2571.10 2546.90 2517.30 2489.70 2463.10 2435.70 2421.30 2409.30 2393.00 2378.00 2365.80 2353.60 2341.50 2332.30 2323.80 2315.90 2310.50 2305.80 2298.90 2300.30 2301.80 2301.00 2299.10 2300.90 2309.00 2318.00 2331.50 2340.00 2359.30 2384.50 2401.70 2415.60 2426.00 2434.20 2442.70 2450.40 2457.00 2462.70 2469.70 2476.30 2478.50 2482.70 2490.50 2497.80 2503.00 2500.30 2496.90 2496.50 2500.80 2506.20 2513.70 2518.10 2523.70 2530.90 2543.00
2631.50 2636.80 2639.30 2636.30 2641.30 2640.20 2640.40 2640.60 2633.90 2619.80 2609.40 2596.70 2573.50 2554.30 2519.30 2488.70 2460.90 2439.80 2428.40 2412.30 2394.90 2382.70 2371.60 2361.10 2350.60 2338.00 2330.10 2322.30 2318.90 2312.40 2307.40 2308.20 2309.30 2308.90 2308.00 2310.90 2318.20 2330.70 2345.90 2360.00 2370.20 2386.10 2406.80 2424.60 2434.40 2443.50 2451.30 2457.70 2464.20 2471.50 2477.00 2483.80 2489.60 2492.90 2499.40 2507.90 2512.60 2508.90 2508.40 2508.00 2509.90 2513.50 2520.30 2529.90 2537.40 2552.20 2564.60
2640.40 2641.70 2642.60 2642.50 2644.60 2645.90 2645.00 2641.40 2632.70 2621.10 2605.90 2589.40 2571.50 2542.40 2510.40 2486.50 2464.30 2448.90 2434.40 2417.40 2401.20 2389.60 2383.80 2371.20 2355.90 2343.60 2334.40 2330.00 2326.50 2319.60 2316.60 2316.00 2316.80 2316.30 2316.80 2322.10 2331.60 2344.20 2358.90 2377.10 2390.10 2403.10 2418.50 2421.30 2441.40 2450.90 2459.50 2464.40 2469.20 2477.40 2484.30 2490.70 2496.70 2503.20 2512.30 2522.70 2521.30 2520.30 2519.90 2519.40 2518.40 2522.80 2528.90 2538.70 2552.30 2559.40 2577.30
2646.10 2644.10 2644.90 2647.20 2648.40 2649.90 2648.40 2641.00 2630.70 2620.00 2601.40 2586.00 2560.00 2537.70 2510.20 2485.40 2467.80 2453.20 2438.60 2423.10 2409.40 2400.20 2391.50 2376.80 2361.40 2348.90 2342.60 2338.60 2331.90 2327.40 2325.20 2324.60 2325.60 2324.70 2327.00 2333.00 2343.80 2357.30 2373.30 2394.50 2409.70 2419.20 2432.50 2442.40 2443.50 2455.30 2464.70 2469.10 2473.80 2480.00 2488.40 2496.10 2503.10 2510.90 2519.30 2525.80 2529.00 2529.40 2530.00 2529.10 2531.10 2535.60 2539.60 2550.30 2556.90 2569.70 2587.70
2649.50 2646.40 2647.10 2649.80 2651.70 2653.00 2649.80 2643.90 2630.90 2616.00 2600.00 2577.20 2556.20 2540.90 2508.00 2483.90 2467.60 2454.20 2443.20 2432.80 2420.00 2403.90 2391.60 2377.50 2363.90 2356.40 2351.70 2344.50 2339.60 2335.60 2334.00 2334.50 2335.00 2335.10 2338.20 2347.00 2360.00 2372.40 2388.90 2406.70 2425.10 2433.80 2446.10 2458.60 2464.30 2468.70 2469.20 2474.80 2478.80 2485.50 2493.60 2499.30 2508.10 2514.60 2520.70 2524.70 2529.10 2535.50 2538.70 2543.40 2549.40 2552.10 2552.60 2552.30 2557.70 2567.30 2580.00
2652.20 2649.10 2649.40 2652.00 2654.70 2656.20 2652.90 2640.30 2627.20 2611.30 2592.00 2569.40 2552.70 2540.70 2507.20 2484.10 2468.40 2457.00 2449.30 2436.00 2420.40 2400.00 2388.50 2376.70 2371.60 2365.60 2356.60 2352.00 2349.10 2347.20 2346.10 2346.00 2347.90 2348.90 2354.30 2374.40 2383.90 2397.20 2398.60 2416.90 2439.60 2454.00 2463.80 2475.10 2480.70 2482.50 2482.50 2483.30 2485.20 2490.00 2498.30 2503.80 2508.40 2513.20 2516.90 2520.80 2530.20 2538.90 2545.30 2552.10 2558.60 2560.10 2559.90 2554.70 2557.30 2564.20 2576.90
2655.00 2650.70 2651.60 2654.30 2656.90 2659.50 2650.40 2637.30 2623.40 2605.60 2585.70 2570.10 2557.60 2536.70 2510.90 2490.40 2474.70 2465.80 2452.10 2432.80 2416.30 2400.00 2389.30 2387.60 2382.50 2370.90 2365.60 2361.80 2361.40 2361.10 2360.90 2360.10 2370.40 2370.00 2380.70 2400.20 2401.50 2414.30 2422.60 2432.90 2454.30 2470.30 2480.80 2484.10 2487.60 2490.10 2490.80 2490.90 2491.10 2492.90 2499.10 2498.40 2500.80 2507.00 2512.90 2520.80 2532.60 2542.60 2550.10 2558.30 2560.30 2560.30 2560.00 2555.70 2556.70 2559.60 2572.60
2653.70 2653.70 2653.80 2656.50 2659.20 2656.50 2643.90 2631.90 2620.80 2603.30 2581.10 2568.90 2553.40 2530.00 2513.00 2498.90 2484.00 2465.90 2445.80 2426.00 2413.20 2403.90 2402.80 2400.80 2388.80 2380.00 2377.50 2376.40 2376.40 2381.40 2382.20 2379.00 2402.80 2407.20 2404.70 2419.10 2415.10 2431.30 2447.00 2451.40 2468.20 2482.30 2487.10 2490.00 2491.10 2492.20 2493.30 2494.00 2494.50 2495.20 2496.00 2497.50 2499.40 2505.20 2512.90 2520.80 2532.40 2542.60 2549.70 2553.80 2556.30 2556.10 2556.20 2556.80 2558.50 2559.50 2573.40
2657.10 2656.50 2656.00 2659.00 2666.10 2656.90 2639.70 2627.40 2615.80 2601.70 2580.00 2568.40 2550.90 2529.30 2513.60 2498.40 2476.10 2457.60 2440.80 2428.50 2418.60 2417.90 2417.20 2402.90 2394.30 2391.30 2391.30 2392.00 2395.00 2404.40 2406.80 2416.50 2428.40 2432.20 2430.50 2435.20 2433.10 2446.60 2463.80 2472.30 2484.20 2489.20 2492.70 2492.20 2493.30 2494.40 2495.50 2496.60 2497.30 2498.80 2498.90 2498.90 2501.30 2508.20 2514.90 2522.20 2530.60 2540.00 2543.00 2546.50 2548.80 2551.40 2554.10 2557.10 2559.50 2565.50 2573.20
2660.30 2660.20 2659.40 2664.10 2664.20 2655.20 2642.00 2627.00 2612.70 2597.60 2583.20 2566.00 2545.80 2528.40 2509.10 2490.00 2469.30 2455.20 2440.80 2436.40 2432.80 2433.70 2420.40 2410.20 2406.70 2407.50 2407.50 2408.50 2415.80 2426.70 2430.00 2441.60 2447.20 2449.40 2450.60 2451.40 2448.20 2456.30 2476.30 2486.30 2495.30 2498.40 2496.40 2494.40 2495.50 2496.60 2497.70 2498.90 2500.40 2507.50 2507.30 2505.70 2508.70 2515.60 2523.10 2532.00 2540.60 2543.00 2546.00 2548.70 2551.60 2554.60 2557.10 2559.00 2561.00 2572.10 2580.30
2664.90 2664.80 2665.90 2667.70 2661.00 2651.50 2640.60 2622.30 2606.70 2593.00 2579.30 2556.90 2538.70 2523.20 2501.50 2484.60 2468.10 2456.30 2448.70 2455.70 2448.30 2440.30 2427.00 2423.80 2421.60 2426.70 2428.60 2433.00 2443.90 2454.30 2462.40 2462.60 2463.10 2464.30 2464.90 2465.50 2462.70 2465.50 2483.20 2492.90 2499.20 2500.30 2497.70 2496.60 2497.10 2498.50 2499.80 2506.20 2512.70 2518.60 2519.70 2517.20 2517.40 2525.00 2534.90 2541.20 2543.80 2546.80 2549.40 2552.10 2555.00 2557.90 2562.40 2568.20 2571.80 2577.80 2584.70
2668.90 2668.90 2668.40 2663.90 2659.20 2647.40 2633.60 2616.60 2605.00 2586.80 2567.80 2550.50 2532.30 2513.40 2495.70 2484.20 2469.20 2458.50 2464.40 2466.30 2458.10 2444.70 2438.30 2439.60 2437.30 2445.70 2452.90 2459.20 2466.20 2477.00 2480.90 2475.10 2474.40 2475.70 2478.20 2476.00 2473.30 2476.90 2488.50 2492.50 2496.00 2496.80 2497.60 2498.50 2499.10 2499.80 2506.60 2514.00 2520.80 2525.20 2526.00 2526.40 2528.40 2539.00 2542.50 2545.00 2547.60 2550.40 2553.00 2555.50 2558.30 2565.80 2580.10 2581.70 2583.00 2586.90 2592.70
2673.80 2669.30 2666.70 2663.10 2655.80 2642.30 2626.30 2612.10 2600.90 2579.20 2565.30 2548.00 2521.30 2509.60 2498.00 2482.50 2477.30 2474.00 2480.20 2476.90 2462.50 2455.30 2454.90 2455.40 2454.00 2465.60 2477.80 2483.90 2489.30 2493.50 2494.20 2489.00 2486.70 2486.40 2488.70 2486.10 2485.50 2487.90 2491.40 2493.60 2495.80 2498.20 2499.10 2500.00 2504.60 2508.70 2514.30 2521.00 2525.60 2530.20 2532.10 2535.00 2540.20 2544.80 2547.20 2548.90 2551.40 2554.10 2556.70 2559.20 2567.50 2580.20 2583.90 2587.60 2589.60 2593.50 2599.60
2676.60 2669.30 2665.00 2661.40 2653.20 2637.30 2624.70 2609.90 2594.50 2576.30 2563.00 2540.00 2519.40 2509.70 2499.20 2495.60 2489.50 2486.10 2489.60 2479.20 2470.00 2470.00 2470.50 2473.00 2482.00 2491.40 2498.20 2503.60 2506.40 2508.50 2506.40 2502.50 2499.90 2499.50 2499.20 2498.00 2498.80 2496.80 2493.40 2495.50 2497.50 2499.50 2505.50 2511.30 2516.20 2520.00 2522.30 2526.10 2530.50 2535.10 2538.80 2546.10 2551.10 2550.30 2552.40 2554.00 2555.70 2557.70 2560.50 2571.50 2580.50 2583.40 2586.70 2590.30 2595.20 2598.40 2605.60
2679.00 2670.70 2668.80 2656.90 2646.90 2635.60 2617.60 2598.30 2585.70 2572.50 2557.60 2537.30 2519.60 2510.00 2508.30 2500.00 2501.30 2499.90 2499.30 2487.00 2479.40 2483.60 2489.90 2494.30 2501.90 2507.50 2512.40 2517.60 2519.60 2521.30 2519.50 2515.60 2511.70 2511.20 2509.10 2508.70 2507.60 2501.90 2496.30 2497.10 2499.30 2503.20 2511.60 2520.50 2523.70 2526.10 2529.60 2532.00 2536.40 2542.50 2554.60 2560.10 2561.10 2559.50 2558.00 2559.10 2562.30 2567.50 2574.20 2582.80 2586.00 2587.90 2589.30 2593.00 2598.30 2603.90 2610.80
2679.20 2678.30 2673.60 2656.40 2641.90 2624.00 2608.10 2594.90 2579.00 2566.00 2549.50 2533.30 2523.30 2521.60 2515.80 2514.40 2512.40 2509.40 2500.70 2495.70 2491.70 2497.90 2504.10 2510.40 2513.20 2519.50 2527.90 2533.30 2536.10 2534.80 2532.10 2527.60 2524.10 2519.20 2519.50 2520.20 2511.90 2500.70 2499.20 2499.70 2503.60 2508.60 2514.20 2521.90 2528.90 2533.50 2536.90 2538.80 2545.70 2557.40 2562.40 2565.00 2565.80 2563.90 2565.10 2567.70 2573.10 2579.60 2586.60 2590.10 2591.60 2593.90 2595.10 2595.70 2598.40 2605.80 2614.60
2686.60 2684.00 2669.30 2651.00 2635.20 2617.10 2600.00 2586.40 2571.20 2558.90 2545.10 2540.20 2535.60 2534.20 2526.20 2528.70 2523.10 2516.90 2505.10 2499.50 2505.50 2515.60 2519.40 2526.00 2528.60 2531.20 2541.50 2548.40 2548.90 2547.10 2543.60 2539.10 2534.60 2532.50 2525.60 2517.90 2509.60 2504.10 2504.80 2508.40 2515.60 2520.00 2520.70 2522.70 2531.00 2536.40 2541.60 2549.80 2557.00 2560.70 2564.10 2568.30 2570.40 2571.10 2573.80 2576.50 2582.00 2590.70 2598.40 2601.40 2599.40 2599.50 2599.60 2599.90 2603.20 2610.30 2619.50
2694.40 2682.90 2664.00 2645.20 2627.90 2610.50 2595.80 2581.70 2568.20 2559.00 2553.50 2547.60 2547.90 2538.30 2538.90 2539.70 2528.20 2517.20 2511.90 2510.70 2519.50 2532.60 2535.10 2542.80 2544.00 2542.20 2552.60 2562.30 2561.00 2558.90 2554.80 2550.30 2545.00 2535.20 2524.60 2518.20 2513.20 2510.50 2510.80 2516.70 2522.30 2527.40 2528.40 2529.80 2533.10 2539.80 2545.00 2548.40 2552.80 2556.60 2560.30 2565.80 2573.10 2577.00 2579.70 2587.00 2593.90 2600.90 2604.30 2605.40 2605.90 2606.50 2606.70 2607.70 2611.10 2617.50 2626.40
2694.00 2676.80 2658.80 2641.20 2620.50 2602.20 2593.30 2585.80 2577.80 2567.30 2561.60 2557.70 2548.90 2543.20 2546.00 2540.90 2530.20 2522.80 2518.70 2527.00 2539.00 2547.60 2552.90 2556.90 2557.20 2557.40 2564.30 2573.50 2575.40 2572.60 2567.70 2558.80 2555.10 2545.60 2536.20 2526.90 2519.20 2519.60 2515.90 2521.10 2526.40 2531.30 2535.90 2537.50 2538.10 2541.00 2544.60 2548.30 2552.00 2555.80 2560.40 2565.90 2574.10 2579.70 2589.40 2598.90 2601.80 2604.90 2608.50 2611.40 2613.00 2613.70 2614.10 2615.80 2618.70 2625.90 2634.30
2684.10 2666.10 2651.40 2631.20 2613.20 2599.60 2591.10 2582.80 2577.90 2571.50 2565.70 2559.50 2551.30 2551.20 2553.10 2544.00 2537.30 2531.30 2531.60 2540.90 2551.70 2561.00 2566.40 2569.80 2570.60 2570.80 2576.40 2584.30 2589.80 2586.90 2584.50 2589.30 2571.70 2554.30 2545.40 2536.40 2531.00 2527.50 2522.50 2523.60 2527.60 2532.00 2537.50 2542.20 2543.60 2545.20 2546.60 2549.90 2553.20 2556.30 2560.50 2572.40 2577.90 2586.70 2598.80 2603.30 2605.90 2608.50 2611.90 2614.90 2617.20 2619.30 2623.40 2626.30 2637.00 2642.00 2645.90
2675.70 2660.90 2641.10 2619.30 2605.70 2595.30 2587.30 2579.80 2573.90 2568.40 2563.50 2559.70 2559.80 2558.80 2558.50 2550.60 2543.40 2538.40 2548.00 2558.60 2565.80 2569.60 2576.60 2580.20 2582.60 2583.80 2588.40 2599.30 2602.60 2601.30 2612.60 2615.50 2593.30 2569.90 2555.10 2544.60 2537.10 2534.80 2531.80 2529.30 2530.70 2534.60 2539.90 2542.80 2547.40 2549.30 2550.40 2552.20 2555.50 2558.10 2564.00 2575.40 2586.30 2597.00 2602.70 2606.40 2610.10 2612.50 2615.40 2618.30 2622.70 2629.90 2635.90 2641.90 2649.40 2653.10 2656.40
2667.90 2649.90 2627.10 2611.60 2599.40 2592.10 2584.80 2578.00 2573.40 2569.50 2567.00 2566.20 2566.80 2565.10 2562.70 2557.00 2550.20 2551.90 2561.30 2565.80 2571.10 2579.80 2588.40 2588.00 2591.10 2596.20 2600.00 2605.50 2610.00 2614.80 2627.30 2630.90 2617.30 2587.40 2567.60 2558.10 2551.00 2545.60 2541.50 2538.00 2537.00 2537.80 2542.10 2546.40 2549.20 2552.50 2554.30 2555.60 2557.60 2560.10 2570.90 2582.90 2596.00 2602.00 2606.00 2609.80 2613.60 2616.90 2619.30 2625.20 2632.70 2640.60 2647.20 2654.30 2662.80 2669.20 2671.40
