data/gries/surface-1979.grid
NCOLS       257
NROWS       241
XLLCORNER          666587.50
YLLCORNER          140987.50
CELLSIZE           25.000000
NODATA_VALUE   -9999
[rows 87 to 115 of 241, columns 67 to 133 of 257]
2873.20 2881.60 2891.20 2914.20 2943.90 2972.70 2986.60 3001.30 3000.80 2999.50 3001.50 2993.80 2983.30 2972.40 2950.20 2942.70 2932.30 2921.90 2905.90 2890.30 2875.90 2862.40 2849.80 2838.30 2826.60 2814.60 2802.70 2791.80 2781.00 2769.90 2759.80 2749.50 2738.50 2732.40 2726.80 2720.20 2703.50 2675.28 2670.81 2668.25 2665.70 2658.18 2651.08 2639.38 2630.19 2620.19 2609.54 2603.82 2605.08 2602.76 2601.57 2599.74 2600.73 2602.89 2604.71 2605.13 2605.63 2606.39 2607.11 2607.65 2607.98 2608.11 2607.99 2607.55 2606.75 2605.64 2605.33
2883.60 2895.40 2906.50 2921.50 2956.50 2982.80 3004.90 3014.70 3017.60 3020.50 3017.70 3001.30 2984.50 2962.20 2939.90 2919.30 2908.40 2899.80 2890.60 2874.50 2861.40 2849.20 2839.00 2826.60 2814.70 2803.90 2792.50 2781.90 2770.50 2759.70 2753.00 2744.70 2735.40 2727.70 2723.50 2683.50 2680.23 2673.83 2668.74 2666.43 2658.89 2645.99 2636.80 2626.01 2617.46 2611.73 2605.13 2605.66 2603.37 2602.64 2602.03 2601.89 2602.83 2604.54 2605.08 2605.46 2606.45 2607.41 2608.20 2608.67 2608.87 2608.85 2608.65 2608.20 2607.49 2606.68 2606.15
2897.70 2907.00 2919.20 2934.30 2951.80 2981.40 3003.70 3031.40 3038.30 3035.60 3016.70 2996.90 2972.30 2949.40 2925.80 2911.30 2898.30 2886.10 2875.40 2861.60 2849.10 2837.10 2825.40 2815.40 2806.40 2794.90 2783.70 2773.30 2763.60 2755.20 2747.60 2740.00 2732.10 2724.30 2692.78 2688.42 2683.49 2677.09 2673.42 2664.96 2648.21 2633.22 2622.61 2615.36 2612.88 2611.27 2608.89 2607.17 2605.61 2604.62 2603.58 2604.01 2604.39 2605.15 2605.69 2606.60 2607.73 2608.62 2609.37 2609.69 2609.74 2609.59 2609.33 2608.90 2608.18 2607.39 2606.62
2913.20 2922.10 2932.60 2946.70 2962.80 2985.90 3007.30 3040.40 3036.00 3010.20 2989.60 2975.30 2954.90 2935.50 2914.60 2902.40 2889.20 2875.80 2862.00 2849.70 2838.40 2828.20 2816.60 2807.20 2797.80 2786.20 2775.20 2764.90 2755.70 2747.50 2740.40 2731.40 2721.80 2703.33 2699.62 2692.54 2687.78 2684.93 2680.07 2664.10 2640.73 2623.31 2611.92 2609.33 2610.32 2612.06 2609.90 2607.62 2606.47 2605.54 2605.29 2605.23 2605.73 2606.42 2607.19 2608.13 2609.18 2609.71 2610.15 2610.37 2610.47 2610.25 2609.89 2609.52 2608.72 2607.86 2606.97
2929.00 2936.70 2947.50 2959.70 2987.80 3006.80 3019.10 3015.40 2999.60 2986.20 2968.80 2952.90 2937.00 2918.10 2905.10 2891.90 2878.80 2865.40 2851.60 2838.70 2829.60 2819.70 2808.40 2798.50 2792.40 2779.80 2770.70 2760.60 2748.10 2739.80 2732.50 2723.80 2716.00 2708.20 2702.96 2698.44 2693.36 2688.40 2680.32 2663.21 2629.64 2612.35 2601.77 2605.79 2609.12 2611.43 2610.94 2609.20 2608.26 2607.73 2607.30 2607.17 2607.47 2608.01 2608.80 2609.47 2610.06 2610.62 2610.95 2611.06 2611.03 2610.77 2610.36 2609.86 2609.01 2608.13 2607.22
2947.30 2956.30 2966.50 2988.20 3008.80 3024.40 3009.60 2998.90 2979.50 2963.00 2951.80 2941.20 2927.00 2911.10 2898.40 2883.50 2869.80 2856.10 2841.60 2831.40 2822.10 2815.40 2806.60 2797.30 2788.70 2780.00 2768.60 2757.20 2746.70 2736.10 2727.70 2713.21 2709.06 2705.67 2703.15 2697.54 2692.86 2683.80 2671.05 2650.33 2618.81 2615.31 2612.87 2613.28 2612.50 2613.40 2613.30 2612.14 2611.12 2610.63 2610.10 2609.56 2609.52 2609.68 2610.18 2610.81 2611.21 2611.51 2611.68 2611.68 2611.55 2611.25 2610.80 2610.16 2609.20 2608.21 2607.22
2975.40 2990.30 3001.20 3017.80 3034.00 3016.90 2994.50 2978.20 2963.00 2950.70 2939.30 2928.60 2919.20 2907.40 2892.00 2874.50 2861.10 2850.40 2838.10 2826.80 2817.20 2811.20 2804.80 2796.40 2787.00 2777.00 2763.90 2753.00 2741.50 2727.60 2719.74 2716.84 2713.00 2706.72 2698.25 2691.30 2679.40 2665.22 2653.13 2641.17 2624.42 2618.74 2618.02 2618.00 2617.19 2617.10 2616.82 2616.10 2615.06 2614.28 2613.31 2612.37 2611.90 2611.87 2611.86 2612.09 2612.31 2612.40 2612.41 2612.28 2612.01 2611.59 2611.01 2610.05 2609.05 2607.94 2606.80
3002.20 3028.60 3031.40 3042.70 3035.80 3002.90 2981.20 2966.90 2950.70 2939.30 2927.40 2915.70 2906.70 2898.40 2886.70 2870.10 2855.20 2844.20 2832.30 2821.10 2813.80 2808.30 2802.70 2794.40 2786.50 2777.50 2761.90 2746.70 2733.90 2719.70 2717.45 2709.55 2704.57 2695.86 2682.46 2672.39 2662.78 2653.10 2642.21 2630.25 2625.80 2623.22 2622.84 2622.61 2621.69 2621.19 2620.80 2620.07 2618.72 2617.38 2616.39 2615.54 2614.99 2614.47 2614.12 2613.64 2613.57 2613.37 2613.21 2612.90 2612.43 2611.77 2610.91 2609.77 2608.62 2607.41 2606.14
3037.60 3049.70 3051.10 3033.50 3013.80 2992.50 2973.70 2956.70 2939.90 2927.50 2916.00 2904.60 2894.20 2886.10 2878.80 2867.10 2850.70 2837.00 2829.40 2821.10 2808.60 2803.10 2796.30 2788.90 2780.50 2772.20 2760.30 2743.30 2716.08 2713.96 2708.63 2700.74 2691.94 2682.52 2671.59 2663.44 2657.63 2645.77 2638.98 2631.35 2629.86 2629.29 2628.39 2627.70 2626.75 2626.25 2625.16 2623.80 2621.84 2620.39 2619.23 2618.26 2617.42 2616.51 2615.84 2615.36 2615.02 2614.41 2614.11 2613.58 2612.86 2611.93 2610.82 2609.45 2608.07 2606.72 2605.33
3054.00 3055.90 3036.60 3016.00 3000.00 2985.70 2966.90 2949.40 2932.00 2918.20 2906.50 2895.20 2885.00 2875.70 2865.40 2855.40 2845.30 2834.60 2824.70 2814.80 2805.70 2796.80 2788.50 2782.10 2772.70 2763.50 2753.10 2736.20 2709.69 2702.32 2695.82 2687.85 2679.47 2670.41 2662.16 2654.90 2643.52 2640.19 2638.91 2637.22 2634.14 2633.42 2632.91 2631.88 2630.75 2629.70 2628.66 2626.86 2624.96 2623.29 2621.99 2620.82 2619.48 2618.27 2617.50 2616.85 2616.24 2615.63 2615.14 2614.32 2613.32 2612.08 2610.68 2609.17 2607.45 2605.89 2604.25
3062.90 3046.60 3023.30 3003.20 2991.00 2979.60 2964.40 2944.10 2924.60 2909.40 2896.70 2884.80 2876.00 2867.00 2856.90 2846.80 2836.80 2833.50 2823.20 2812.70 2801.40 2790.60 2782.00 2773.00 2765.10 2755.00 2743.90 2722.20 2699.10 2690.58 2681.52 2673.67 2665.70 2658.31 2651.70 2643.64 2646.50 2640.66 2640.98 2639.19 2638.03 2636.80 2636.24 2635.36 2634.15 2632.72 2631.57 2629.91 2627.98 2626.23 2624.66 2623.14 2621.46 2620.12 2619.14 2618.27 2617.44 2616.60 2615.77 2615.05 2613.78 2612.23 2610.64 2609.03 2606.85 2605.18 2603.52
3053.30 3028.70 3009.30 2993.90 2981.80 2971.00 2961.70 2940.40 2919.00 2904.10 2891.40 2880.20 2871.60 2861.60 2851.30 2842.40 2832.40 2825.90 2821.80 2810.90 2801.40 2789.00 2774.70 2764.00 2755.60 2735.44 2728.84 2709.17 2689.54 2680.29 2672.42 2664.52 2652.82 2644.28 2646.42 2645.19 2644.78 2643.95 2643.29 2642.25 2640.67 2639.67 2639.20 2638.41 2637.23 2635.72 2634.12 2632.19 2630.57 2628.86 2627.16 2625.49 2623.53 2621.77 2620.42 2619.51 2618.52 2617.45 2616.39 2615.34 2614.05 2612.11 2610.28 2608.61 2606.45 2604.71 2603.04
3042.60 3018.20 3002.90 2986.40 2974.00 2962.90 2953.60 2942.20 2924.00 2904.80 2891.50 2880.90 2871.30 2858.90 2846.10 2836.20 2827.80 2818.40 2813.10 2803.80 2793.40 2780.70 2765.90 2752.20 2743.90 2730.13 2714.16 2697.16 2679.80 2668.23 2659.70 2652.84 2640.94 2644.71 2643.75 2643.48 2645.67 2645.18 2644.44 2643.53 2643.30 2642.47 2641.96 2640.54 2639.46 2638.26 2636.62 2634.67 2632.88 2631.01 2629.32 2627.64 2625.40 2623.41 2621.87 2620.64 2619.38 2618.06 2616.76 2615.36 2613.71 2611.56 2609.77 2608.00 2605.71 2604.14 2602.89
3033.90 3013.50 2996.50 2981.80 2969.20 2957.50 2948.40 2937.30 2925.60 2909.80 2894.80 2883.00 2868.60 2853.50 2839.90 2827.80 2818.90 2810.20 2801.50 2791.30 2780.60 2768.50 2756.50 2744.30 2727.55 2711.06 2699.80 2685.43 2668.56 2657.41 2644.98 2642.69 2644.69 2644.08 2641.64 2642.87 2645.15 2645.90 2645.41 2645.20 2645.45 2644.90 2643.68 2642.26 2641.62 2640.31 2638.73 2636.72 2634.80 2632.76 2630.75 2628.73 2626.53 2624.57 2623.00 2621.73 2620.10 2618.36 2616.73 2614.80 2612.77 2610.88 2609.17 2606.17 2604.49 2603.62 2603.00
3024.30 3008.30 2991.40 2976.90 2964.90 2954.10 2943.40 2933.90 2924.60 2913.60 2896.40 2878.60 2867.30 2854.00 2836.70 2823.00 2810.40 2798.80 2789.00 2780.30 2747.71 2749.57 2743.07 2729.75 2707.33 2693.51 2680.98 2666.80 2654.46 2646.17 2642.26 2640.70 2645.06 2644.56 2643.25 2643.95 2645.53 2646.51 2646.67 2646.77 2646.94 2646.69 2645.37 2643.77 2642.91 2641.74 2639.93 2638.16 2636.37 2634.11 2631.72 2629.41 2627.11 2625.11 2623.41 2621.91 2620.08 2618.26 2616.22 2614.30 2611.74 2610.08 2608.36 2606.38 2604.73 2603.85 2603.57
3016.10 3000.70 2987.70 2974.90 2962.30 2948.70 2938.10 2928.80 2918.60 2911.00 2895.90 2881.70 2865.90 2852.60 2835.70 2817.90 2798.30 2785.00 2771.80 2741.90 2736.92 2734.02 2727.00 2714.26 2694.55 2678.47 2667.48 2657.67 2650.52 2644.09 2642.14 2642.31 2644.81 2645.07 2644.82 2645.40 2646.56 2647.53 2647.90 2648.01 2647.86 2647.37 2646.20 2645.20 2644.03 2642.75 2641.16 2639.52 2637.71 2635.13 2632.59 2629.97 2627.38 2625.24 2623.29 2621.41 2619.57 2617.78 2615.85 2613.71 2611.13 2609.25 2607.71 2606.33 2605.29 2604.72 2604.51
3014.00 2996.80 2986.50 2973.80 2959.30 2947.40 2936.10 2925.80 2915.10 2906.60 2896.00 2878.10 2860.70 2846.20 2831.10 2809.80 2789.60 2768.49 2754.31 2738.58 2731.65 2722.96 2712.22 2701.52 2681.60 2669.29 2661.49 2658.03 2654.04 2645.95 2643.53 2644.39 2645.05 2645.70 2646.12 2646.79 2647.83 2648.81 2649.14 2649.19 2648.77 2648.22 2647.32 2646.51 2645.18 2643.83 2642.31 2640.31 2638.01 2635.26 2632.48 2630.06 2627.67 2625.29 2623.11 2621.01 2619.07 2617.25 2615.39 2613.25 2610.50 2608.39 2607.14 2606.11 2605.44 2605.17 2604.85
3008.50 2994.60 2982.40 2966.90 2952.50 2940.90 2932.80 2925.20 2915.00 2901.90 2887.10 2871.10 2856.10 2839.00 2822.50 2785.71 2770.21 2755.95 2743.10 2731.51 2720.86 2708.47 2697.63 2685.62 2674.73 2668.84 2663.52 2656.48 2648.42 2645.35 2644.35 2645.34 2645.83 2646.81 2647.52 2648.15 2649.06 2649.92 2650.29 2650.34 2650.09 2649.34 2648.37 2647.56 2646.40 2645.32 2643.42 2640.68 2638.30 2635.25 2632.16 2630.07 2627.44 2625.24 2623.09 2620.96 2618.97 2616.86 2614.91 2612.82 2610.43 2608.71 2607.04 2605.83 2605.18 2605.08 2604.95
2989.10 2985.90 2972.90 2958.70 2944.70 2933.50 2925.50 2915.80 2902.60 2890.40 2876.90 2859.90 2840.00 2826.00 2804.00 2769.27 2755.17 2739.68 2729.05 2717.71 2706.08 2694.46 2681.36 2676.90 2670.73 2665.62 2656.76 2651.65 2648.83 2647.99 2646.96 2647.49 2648.38 2648.79 2649.31 2649.83 2650.42 2651.06 2651.36 2651.61 2651.46 2650.62 2649.68 2648.84 2647.63 2646.08 2643.72 2640.92 2638.39 2635.57 2632.77 2630.38 2627.87 2625.65 2623.45 2621.17 2618.86 2616.58 2614.76 2613.00 2611.16 2609.29 2606.88 2605.38 2604.65 2604.88 2604.74
2961.80 2957.90 2954.20 2949.50 2935.10 2926.30 2916.00 2903.20 2888.50 2872.20 2838.26 2829.66 2808.07 2786.62 2767.46 2750.36 2737.11 2724.35 2712.15 2702.49 2692.00 2682.61 2677.83 2671.60 2666.27 2661.42 2657.35 2653.88 2651.13 2649.88 2648.90 2649.33 2649.99 2650.38 2650.94 2651.56 2652.93 2653.20 2653.23 2653.15 2652.68 2651.91 2651.13 2650.37 2648.79 2646.72 2644.23 2641.56 2639.04 2636.33 2633.80 2631.48 2629.07 2626.71 2624.41 2621.96 2619.57 2616.85 2615.11 2613.34 2611.44 2609.26 2606.11 2604.80 2604.05 2604.77 2605.48
2937.20 2938.10 2934.40 2928.00 2919.50 2911.50 2900.50 2895.07 2884.36 2861.27 2824.28 2804.89 2783.59 2769.69 2754.08 2739.18 2725.81 2712.66 2700.67 2690.41 2686.49 2683.64 2678.29 2672.29 2666.84 2661.53 2657.39 2655.50 2653.50 2651.26 2650.50 2650.88 2651.64 2652.00 2652.69 2653.74 2654.86 2655.04 2655.02 2654.81 2654.04 2653.32 2652.83 2651.87 2649.74 2647.38 2644.89 2642.47 2639.94 2637.37 2635.14 2633.08 2630.67 2628.33 2626.15 2623.74 2621.39 2618.80 2616.43 2613.94 2611.28 2608.89 2604.87 2604.83 2605.13 2605.89 2607.26
2916.80 2917.20 2915.70 2905.76 2905.11 2895.84 2893.39 2878.02 2846.62 2823.22 2798.95 2779.28 2762.89 2748.68 2737.82 2727.35 2716.67 2706.09 2696.80 2692.37 2688.13 2684.63 2679.75 2673.47 2667.64 2662.61 2659.07 2656.95 2654.80 2652.46 2651.53 2652.00 2652.82 2653.33 2654.12 2655.10 2656.38 2656.75 2656.77 2656.42 2655.70 2654.90 2654.61 2653.25 2650.49 2647.89 2645.47 2643.17 2641.15 2639.02 2636.88 2634.99 2632.80 2630.73 2628.66 2626.14 2623.84 2621.60 2618.63 2614.99 2611.28 2608.48 2605.30 2604.40 2606.27 2607.66 2609.88
2893.90 2894.69 2894.97 2897.63 2883.80 2873.12 2862.81 2842.32 2808.73 2786.14 2771.28 2760.35 2744.28 2735.12 2727.02 2718.45 2708.63 2703.50 2699.10 2694.99 2690.82 2687.01 2682.34 2677.53 2670.13 2664.52 2661.60 2658.64 2655.17 2651.56 2651.60 2652.92 2654.23 2655.18 2656.02 2656.62 2657.74 2658.37 2658.64 2658.38 2657.46 2656.74 2656.48 2654.81 2651.90 2649.22 2647.07 2644.99 2643.15 2641.10 2639.28 2637.58 2635.66 2633.70 2631.50 2629.40 2627.32 2623.91 2620.15 2615.97 2611.22 2608.33 2605.74 2605.50 2608.11 2610.79 2612.97
2879.22 2878.51 2879.96 2877.32 2868.56 2848.84 2827.54 2800.36 2783.42 2770.88 2757.52 2741.47 2733.12 2727.74 2721.08 2714.62 2710.84 2706.95 2703.18 2699.70 2696.12 2691.58 2687.28 2682.01 2675.21 2669.09 2664.03 2660.67 2656.26 2652.04 2652.30 2654.15 2655.63 2656.71 2658.01 2659.22 2660.03 2660.55 2660.89 2660.57 2659.57 2658.90 2658.26 2656.31 2653.32 2651.12 2648.90 2646.67 2645.07 2643.39 2642.01 2640.36 2638.80 2637.20 2635.13 2633.11 2630.40 2626.86 2621.56 2617.07 2613.17 2610.40 2609.89 2610.45 2612.13 2614.97 2617.39
2865.95 2867.33 2864.01 2858.74 2839.64 2821.62 2802.03 2783.61 2769.96 2757.51 2746.83 2732.45 2729.64 2725.30 2721.38 2718.69 2715.09 2711.44 2708.85 2705.35 2701.23 2696.44 2691.24 2685.61 2679.02 2672.27 2667.17 2662.50 2657.95 2653.90 2653.71 2655.43 2656.72 2658.31 2660.10 2661.52 2662.37 2662.98 2663.14 2662.64 2661.69 2661.26 2660.78 2658.58 2655.33 2652.70 2651.23 2649.37 2647.68 2645.95 2644.68 2643.19 2641.89 2640.45 2638.61 2636.67 2633.39 2629.02 2623.75 2619.52 2615.95 2615.33 2616.08 2617.32 2619.43 2621.76 2623.57
2847.06 2845.30 2835.86 2809.51 2811.75 2798.16 2786.88 2773.47 2762.54 2754.77 2740.45 2734.10 2730.48 2728.16 2725.38 2722.74 2719.71 2716.66 2713.91 2710.35 2705.38 2699.66 2694.61 2688.51 2681.54 2674.86 2669.84 2664.47 2660.14 2656.10 2655.49 2657.13 2659.00 2660.17 2662.12 2663.94 2665.17 2665.82 2665.86 2665.28 2664.72 2664.17 2663.72 2660.74 2657.97 2655.08 2653.97 2652.60 2651.16 2649.65 2647.88 2645.88 2644.32 2643.84 2642.39 2639.60 2636.04 2630.94 2627.45 2624.41 2622.97 2623.28 2624.57 2626.08 2628.38 2629.74 2630.72
2809.01 2806.81 2797.03 2791.89 2792.78 2783.51 2773.80 2765.33 2759.96 2750.12 2742.73 2738.46 2734.73 2732.29 2729.35 2726.83 2724.13 2721.03 2717.40 2713.46 2708.16 2702.37 2696.75 2690.89 2684.03 2677.68 2672.10 2666.78 2661.38 2658.29 2657.58 2659.53 2661.52 2662.33 2664.81 2666.87 2668.34 2668.99 2668.96 2668.15 2667.81 2666.46 2665.22 2663.16 2660.85 2659.41 2658.11 2656.49 2654.33 2653.31 2651.39 2648.73 2646.16 2645.54 2644.16 2641.45 2637.62 2634.47 2632.52 2631.63 2631.47 2632.31 2633.98 2635.06 2637.20 2637.72 2638.74
2806.40 2799.27 2792.12 2787.55 2782.83 2777.50 2771.96 2765.67 2758.94 2751.74 2745.85 2741.88 2738.69 2736.67 2733.52 2730.67 2727.25 2724.43 2720.48 2715.95 2710.32 2704.85 2699.20 2693.22 2686.78 2680.38 2674.32 2668.96 2663.53 2660.66 2660.12 2661.26 2663.51 2666.07 2668.49 2670.18 2671.53 2672.17 2672.06 2671.49 2671.21 2669.77 2667.70 2666.48 2665.12 2664.01 2663.02 2661.56 2659.49 2657.03 2653.76 2652.26 2650.97 2649.86 2647.08 2643.76 2642.21 2640.05 2639.33 2639.37 2639.72 2641.88 2644.05 2646.00 2647.55 2648.78 2650.88
2802.92 2796.95 2792.62 2787.41 2783.38 2777.78 2771.51 2765.26 2759.03 2753.12 2748.27 2745.23 2742.71 2740.55 2737.50 2733.69 2729.77 2725.82 2722.90 2718.02 2712.65 2707.43 2701.88 2695.96 2689.30 2683.28 2677.20 2671.29 2665.77 2661.49 2662.12 2663.85 2665.93 2669.15 2671.63 2673.70 2675.09 2675.75 2675.50 2675.12 2674.76 2673.56 2672.24 2671.67 2670.76 2670.01 2669.19 2667.27 2664.79 2662.47 2659.54 2657.13 2655.58 2654.48 2651.89 2649.97 2647.83 2646.94 2646.97 2648.55 2650.55 2652.61 2655.55 2658.11 2660.70 2663.35 2665.44
