data/gries/surface-1998.grid
NCOLS       257
NROWS       241
XLLCORNER          666587.50
YLLCORNER          140987.50
CELLSIZE           25.000000
NODATA_VALUE   -9999
[rows 87 to 115 of 241, columns 67 to 133 of 257]
2873.20 2881.60 2891.20 2914.20 2943.90 2972.70 2986.60 3001.30 3000.80 2999.50 3001.50 2993.80 2983.30 2972.40 2950.20 2942.70 2932.30 2921.90 2905.90 2890.30 2875.90 2862.40 2849.80 2838.30 2826.60 2814.60 2802.70 2791.80 2781.00 2769.90 2759.80 2749.50 2738.50 2732.40 2726.80 2720.20 2703.50 2675.28 2670.81 2668.25 2665.70 2658.18 2651.08 2639.38 2630.19 2620.19 2609.54 2598.64 2587.01 2577.38 2570.88 2569.26 2573.86 2573.68 2574.05 2574.79 2575.95 2576.72 2577.32 2577.29 2577.20 2576.63 2576.21 2575.47 2574.65 2573.57 2572.69
2883.60 2895.40 2906.50 2921.50 2956.50 2982.80 3004.90 3014.70 3017.60 3020.50 3017.70 3001.30 2984.50 2962.20 2939.90 2919.30 2908.40 2899.80 2890.60 2874.50 2861.40 2849.20 2839.00 2826.60 2814.70 2803.90 2792.50 2781.90 2770.50 2759.70 2753.00 2744.70 2735.40 2727.70 2723.50 2683.50 2680.23 2673.83 2668.74 2666.43 2658.89 2645.99 2636.80 2626.01 2617.46 2606.23 2594.36 2584.63 2575.56 2567.59 2575.80 2575.78 2575.92 2576.17 2576.85 2577.17 2577.85 2578.12 2578.33 2578.19 2577.88 2577.17 2576.59 2576.10 2575.17 2574.31 2573.69
2897.70 2907.00 2919.20 2934.30 2951.80 2981.40 3003.70 3031.40 3038.30 3035.60 3016.70 2996.90 2972.30 2949.40 2925.80 2911.30 2898.30 2886.10 2875.40 2861.60 2849.10 2837.10 2825.40 2815.40 2806.40 2794.90 2783.70 2773.30 2763.60 2755.20 2747.60 2740.00 2732.10 2724.30 2692.78 2688.42 2683.49 2677.09 2673.42 2664.96 2648.21 2633.22 2622.61 2612.08 2601.18 2590.41 2577.55 2569.64 2579.23 2578.51 2577.88 2577.65 2577.76 2578.02 2579.55 2579.53 2579.53 2579.48 2579.19 2578.82 2578.38 2577.98 2577.41 2576.77 2575.97 2575.43 2574.75
2913.20 2922.10 2932.60 2946.70 2962.80 2985.90 3007.30 3040.40 3036.00 3010.20 2989.60 2975.30 2954.90 2935.50 2914.60 2902.40 2889.20 2875.80 2862.00 2849.70 2838.40 2828.20 2816.60 2807.20 2797.80 2786.20 2775.20 2764.90 2755.70 2747.50 2740.40 2731.40 2721.80 2703.33 2699.62 2692.54 2687.78 2684.93 2680.07 2664.10 2640.73 2623.31 2609.60 2597.40 2587.72 2584.63 2583.21 2582.21 2581.39 2580.47 2579.93 2579.63 2579.71 2581.02 2581.30 2581.17 2580.40 2580.32 2579.97 2579.59 2579.35 2579.00 2578.51 2577.90 2577.27 2576.52 2575.76
2929.00 2936.70 2947.50 2959.70 2987.80 3006.80 3019.10 3015.40 2999.60 2986.20 2968.80 2952.90 2937.00 2918.10 2905.10 2891.90 2878.80 2865.40 2851.60 2838.70 2829.60 2819.70 2808.40 2798.50 2792.40 2779.80 2770.70 2760.60 2748.10 2739.80 2732.50 2723.80 2716.00 2708.20 2702.96 2698.44 2693.36 2688.40 2680.32 2663.21 2629.64 2612.35 2598.72 2585.74 2587.34 2586.29 2584.94 2584.22 2583.60 2582.91 2582.32 2582.04 2582.57 2583.06 2583.08 2582.30 2581.85 2581.60 2581.28 2581.01 2580.54 2580.10 2579.60 2578.96 2578.27 2577.55 2576.88
2947.30 2956.30 2966.50 2988.20 3008.80 3024.40 3009.60 2998.90 2979.50 2963.00 2951.80 2941.20 2927.00 2911.10 2898.40 2883.50 2869.80 2856.10 2841.60 2831.40 2822.10 2815.40 2806.60 2797.30 2788.70 2780.00 2768.60 2757.20 2746.70 2736.10 2727.70 2713.21 2709.06 2705.67 2703.15 2697.54 2692.86 2683.80 2671.05 2650.33 2618.81 2602.55 2588.30 2588.49 2588.59 2588.09 2587.20 2586.77 2586.27 2585.53 2585.02 2584.68 2585.11 2584.97 2584.27 2583.84 2583.51 2583.11 2582.79 2582.45 2582.02 2581.65 2580.82 2580.02 2579.44 2578.37 2577.20
2975.40 2990.30 3001.20 3017.80 3034.00 3016.90 2994.50 2978.20 2963.00 2950.70 2939.30 2928.60 2919.20 2907.40 2892.00 2874.50 2861.10 2850.40 2838.10 2826.80 2817.20 2811.20 2804.80 2796.40 2787.00 2777.00 2763.90 2753.00 2741.50 2727.60 2719.74 2716.84 2713.00 2706.72 2698.25 2691.30 2679.40 2665.22 2653.13 2641.17 2619.78 2594.18 2593.02 2591.92 2591.38 2591.09 2590.81 2590.16 2589.23 2588.53 2587.77 2587.33 2587.09 2586.40 2585.88 2585.58 2585.16 2584.75 2584.30 2583.82 2583.40 2582.85 2581.94 2580.71 2579.67 2578.25 2576.75
3002.20 3028.60 3031.40 3042.70 3035.80 3002.90 2981.20 2966.90 2950.70 2939.30 2927.40 2915.70 2906.70 2898.40 2886.70 2870.10 2855.20 2844.20 2832.30 2821.10 2813.80 2808.30 2802.70 2794.40 2786.50 2777.50 2761.90 2746.70 2733.90 2719.70 2717.45 2709.55 2704.57 2695.86 2682.46 2672.39 2662.78 2653.10 2642.21 2624.69 2609.52 2597.83 2596.87 2596.17 2595.68 2595.03 2594.43 2593.57 2592.76 2591.88 2590.47 2589.71 2589.13 2588.31 2587.75 2587.19 2586.79 2586.24 2585.62 2585.03 2584.41 2583.55 2582.24 2580.85 2579.56 2577.81 2575.67
3037.60 3049.70 3051.10 3033.50 3013.80 2992.50 2973.70 2956.70 2939.90 2927.50 2916.00 2904.60 2894.20 2886.10 2878.80 2867.10 2850.70 2837.00 2829.40 2821.10 2808.60 2803.10 2796.30 2788.90 2780.50 2772.20 2760.30 2743.30 2716.08 2713.96 2708.63 2700.74 2691.94 2682.52 2671.59 2663.44 2657.63 2645.77 2628.54 2610.89 2602.92 2601.52 2600.71 2600.09 2599.50 2598.79 2597.95 2597.08 2596.20 2594.90 2593.29 2592.02 2591.10 2590.32 2589.53 2588.87 2588.26 2587.65 2587.09 2586.20 2585.23 2583.99 2582.26 2580.66 2578.96 2576.54 2574.46
3054.00 3055.90 3036.60 3016.00 3000.00 2985.70 2966.90 2949.40 2932.00 2918.20 2906.50 2895.20 2885.00 2875.70 2865.40 2855.40 2845.30 2834.60 2824.70 2814.80 2805.70 2796.80 2788.50 2782.10 2772.70 2763.50 2753.10 2736.20 2709.69 2702.32 2695.82 2687.85 2679.47 2670.41 2662.16 2654.90 2643.52 2634.33 2619.93 2607.16 2606.30 2605.29 2604.07 2603.49 2602.98 2602.26 2601.44 2600.52 2599.32 2598.02 2595.72 2594.44 2593.27 2592.22 2591.29 2590.44 2589.65 2588.99 2588.17 2587.43 2585.77 2584.06 2582.16 2580.15 2577.90 2575.13 2572.26
3062.90 3046.60 3023.30 3003.20 2991.00 2979.60 2964.40 2944.10 2924.60 2909.40 2896.70 2884.80 2876.00 2867.00 2856.90 2846.80 2836.80 2833.50 2823.20 2812.70 2801.40 2790.60 2782.00 2773.00 2765.10 2755.00 2743.90 2722.20 2699.10 2690.58 2681.52 2673.67 2665.70 2658.31 2651.70 2643.64 2634.97 2622.59 2610.05 2610.18 2609.32 2608.51 2607.70 2606.91 2606.33 2605.61 2604.62 2603.70 2602.12 2600.23 2598.37 2596.84 2595.24 2594.24 2593.00 2591.96 2591.04 2590.21 2589.99 2588.22 2586.20 2584.06 2582.03 2579.72 2576.46 2573.31 2571.83
3053.30 3028.70 3009.30 2993.90 2981.80 2971.00 2961.70 2940.40 2919.00 2904.10 2891.40 2880.20 2871.60 2861.60 2851.30 2842.40 2832.40 2825.90 2821.80 2810.90 2801.40 2789.00 2774.70 2764.00 2755.60 2735.44 2728.84 2709.17 2689.54 2680.29 2672.42 2664.52 2652.82 2644.28 2637.41 2628.60 2616.72 2607.86 2614.18 2613.26 2612.43 2611.35 2611.20 2610.37 2609.58 2608.66 2607.51 2606.13 2604.54 2602.70 2600.92 2599.08 2597.08 2595.79 2594.61 2593.44 2592.22 2591.41 2590.30 2588.44 2586.26 2583.89 2581.59 2578.80 2575.49 2573.70 2572.30
3042.60 3018.20 3002.90 2986.40 2974.00 2962.90 2953.60 2942.20 2924.00 2904.80 2891.50 2880.90 2871.30 2858.90 2846.10 2836.20 2827.80 2818.40 2813.10 2803.80 2793.40 2780.70 2765.90 2752.20 2743.90 2730.13 2714.16 2697.16 2679.80 2668.23 2659.70 2652.84 2640.94 2632.42 2623.79 2614.47 2615.93 2616.37 2616.29 2615.59 2615.31 2614.57 2614.10 2613.56 2612.51 2611.23 2609.88 2608.56 2607.16 2605.05 2603.11 2601.05 2598.82 2597.25 2595.79 2594.56 2593.16 2591.98 2590.44 2588.31 2586.07 2583.49 2580.83 2577.83 2575.63 2574.82 2574.26
3033.90 3013.50 2996.50 2981.80 2969.20 2957.50 2948.40 2937.30 2925.60 2909.80 2894.80 2883.00 2868.60 2853.50 2839.90 2827.80 2818.90 2810.20 2801.50 2791.30 2780.60 2768.50 2756.50 2744.30 2727.55 2711.06 2699.80 2685.43 2668.56 2657.41 2644.98 2635.90 2629.73 2621.93 2614.87 2617.48 2617.37 2617.75 2617.63 2617.43 2617.30 2617.11 2616.73 2616.15 2614.96 2613.46 2612.16 2610.91 2609.37 2607.22 2604.73 2602.35 2600.17 2598.30 2596.56 2594.98 2593.57 2591.81 2589.78 2587.65 2585.41 2582.71 2579.95 2577.83 2576.55 2575.75 2575.14
3024.30 3008.30 2991.40 2976.90 2964.90 2954.10 2943.40 2933.90 2924.60 2913.60 2896.40 2878.60 2867.30 2854.00 2836.70 2823.00 2810.40 2798.80 2789.00 2780.30 2747.71 2749.57 2743.07 2729.75 2707.33 2693.51 2680.98 2666.80 2654.46 2647.52 2637.72 2629.34 2622.65 2616.35 2619.00 2618.96 2618.95 2619.56 2619.55 2619.54 2619.51 2619.47 2619.08 2618.15 2616.89 2615.76 2614.71 2612.96 2610.84 2608.56 2606.01 2603.38 2601.09 2599.03 2597.11 2595.16 2593.40 2591.30 2589.22 2587.05 2584.27 2581.90 2580.19 2578.55 2577.56 2576.35 2575.15
3016.10 3000.70 2987.70 2974.90 2962.30 2948.70 2938.10 2928.80 2918.60 2911.00 2895.90 2881.70 2865.90 2852.60 2835.70 2817.90 2798.30 2785.00 2771.80 2741.90 2736.92 2734.02 2727.00 2714.26 2694.55 2678.47 2667.48 2657.67 2650.52 2644.09 2634.49 2626.34 2617.65 2619.58 2620.07 2620.03 2620.64 2621.37 2621.60 2621.85 2621.81 2621.44 2620.91 2619.82 2618.50 2617.30 2615.95 2614.07 2611.80 2609.41 2606.91 2604.12 2601.89 2599.62 2597.38 2595.21 2593.13 2590.91 2588.48 2586.24 2584.23 2582.29 2580.92 2579.38 2577.71 2575.76 2573.14
3014.00 2996.80 2986.50 2973.80 2959.30 2947.40 2936.10 2925.80 2915.10 2906.60 2896.00 2878.10 2860.70 2846.20 2831.10 2809.80 2789.60 2768.49 2754.31 2738.58 2731.65 2722.96 2712.22 2701.52 2681.60 2669.29 2661.49 2658.03 2654.04 2644.05 2629.99 2620.52 2618.88 2620.77 2621.13 2620.92 2622.16 2622.88 2623.16 2623.98 2623.87 2623.22 2622.26 2621.08 2620.07 2618.89 2617.17 2615.02 2612.65 2610.09 2607.42 2604.69 2602.59 2600.09 2597.66 2595.26 2593.09 2590.88 2588.67 2586.57 2584.80 2582.95 2581.04 2579.68 2577.25 2574.42 2572.18
3008.50 2994.60 2982.40 2966.90 2952.50 2940.90 2932.80 2925.20 2915.00 2901.90 2887.10 2871.10 2856.10 2839.00 2822.50 2785.71 2770.21 2755.95 2743.10 2731.51 2720.86 2708.47 2697.63 2685.62 2674.73 2668.84 2663.52 2656.48 2648.42 2639.57 2632.22 2619.93 2619.21 2621.22 2622.04 2622.17 2623.64 2624.45 2625.00 2625.39 2625.22 2624.71 2623.60 2622.49 2621.25 2619.94 2618.20 2615.73 2613.17 2610.41 2607.72 2605.36 2602.91 2600.45 2598.03 2595.65 2593.32 2591.11 2588.88 2586.68 2584.87 2582.92 2580.45 2578.03 2575.56 2573.00 2573.01
2989.10 2985.90 2972.90 2958.70 2944.70 2933.50 2925.50 2915.80 2902.60 2890.40 2876.90 2859.90 2840.00 2826.00 2804.00 2769.27 2755.17 2739.68 2729.05 2717.71 2706.08 2694.46 2681.36 2676.90 2670.73 2665.62 2656.76 2652.88 2646.91 2640.81 2633.77 2619.09 2619.71 2621.68 2623.08 2624.33 2625.35 2626.04 2626.74 2627.00 2626.85 2626.00 2624.52 2623.69 2622.38 2620.91 2618.91 2616.39 2613.53 2610.74 2608.21 2605.86 2603.54 2601.04 2598.80 2595.96 2593.66 2591.24 2588.82 2586.77 2584.53 2581.65 2579.11 2576.44 2574.88 2573.61 2575.12
2961.80 2957.90 2954.20 2949.50 2935.10 2926.30 2916.00 2903.20 2888.50 2872.20 2838.26 2829.66 2808.07 2786.62 2767.46 2750.36 2737.11 2724.35 2712.15 2702.49 2692.00 2682.61 2673.97 2666.72 2663.10 2658.57 2654.17 2650.62 2644.84 2638.50 2626.78 2621.30 2622.09 2623.59 2624.73 2626.01 2627.00 2627.91 2628.51 2628.57 2628.33 2626.83 2625.94 2625.13 2623.84 2621.85 2619.59 2617.04 2614.21 2611.42 2609.13 2606.48 2604.26 2601.94 2599.50 2596.80 2593.80 2591.52 2588.98 2586.65 2584.04 2580.08 2578.11 2576.65 2575.36 2575.61 2577.67
2937.20 2938.10 2934.40 2928.00 2919.50 2911.50 2900.50 2895.07 2884.36 2861.27 2824.28 2804.89 2783.59 2769.69 2754.08 2739.18 2725.81 2712.66 2700.67 2693.11 2680.23 2674.33 2667.93 2662.38 2658.81 2656.72 2654.46 2650.19 2645.68 2636.93 2624.33 2623.83 2624.48 2625.53 2626.58 2627.85 2629.01 2629.96 2630.37 2630.42 2629.47 2628.42 2627.56 2626.87 2625.33 2622.86 2620.17 2617.84 2615.29 2612.87 2610.39 2607.99 2605.88 2603.64 2600.93 2598.05 2595.16 2592.32 2589.54 2585.98 2580.12 2578.97 2577.32 2577.25 2576.99 2577.98 2581.17
2916.80 2917.20 2915.70 2905.76 2905.11 2895.84 2893.39 2878.02 2846.62 2823.22 2798.95 2779.28 2762.89 2748.68 2737.82 2727.35 2716.67 2706.09 2692.78 2681.83 2676.76 2670.20 2665.30 2662.33 2660.52 2659.54 2656.60 2651.88 2642.84 2632.50 2624.15 2625.58 2626.73 2627.47 2628.77 2630.06 2631.10 2632.19 2632.48 2632.27 2631.52 2630.61 2630.09 2628.65 2626.57 2624.17 2621.55 2619.06 2616.47 2614.38 2612.24 2610.04 2608.18 2605.84 2603.43 2600.64 2597.47 2593.71 2589.27 2584.26 2581.03 2579.22 2578.56 2579.02 2579.52 2581.55 2585.53
2893.90 2894.69 2894.97 2897.63 2883.80 2873.12 2862.81 2842.32 2808.73 2786.14 2771.28 2760.35 2744.28 2735.12 2727.02 2718.45 2707.52 2698.28 2689.82 2685.73 2679.44 2672.76 2668.43 2667.08 2664.91 2661.51 2656.50 2648.83 2639.56 2625.62 2625.13 2626.91 2628.11 2629.06 2630.94 2632.35 2633.52 2634.46 2634.73 2634.23 2633.49 2633.16 2632.25 2630.55 2628.23 2625.42 2622.92 2620.51 2618.54 2616.57 2614.82 2613.26 2611.19 2609.22 2606.95 2604.22 2600.03 2595.23 2589.13 2584.18 2582.12 2581.23 2580.92 2581.99 2583.56 2586.96 2590.85
2879.22 2878.51 2879.96 2877.32 2868.56 2848.84 2827.54 2800.36 2783.42 2770.88 2757.52 2741.47 2733.12 2727.74 2721.08 2712.21 2702.60 2696.31 2693.39 2686.43 2681.09 2678.88 2675.66 2670.75 2666.46 2659.35 2651.37 2643.40 2632.33 2626.60 2625.64 2628.02 2629.82 2631.25 2633.57 2634.90 2636.24 2637.16 2637.30 2636.72 2635.81 2635.60 2634.36 2632.35 2629.91 2627.28 2624.80 2622.68 2620.97 2619.26 2617.56 2615.90 2614.50 2612.81 2610.88 2607.42 2602.09 2596.42 2589.91 2585.88 2585.03 2584.83 2585.26 2586.83 2589.01 2592.17 2595.92
2865.95 2867.33 2864.01 2858.74 2839.64 2821.62 2802.03 2783.61 2769.96 2757.51 2746.83 2732.45 2729.64 2725.30 2721.50 2715.30 2708.04 2698.14 2693.93 2692.32 2691.39 2686.23 2677.13 2669.00 2660.20 2654.93 2646.40 2639.43 2632.83 2628.54 2628.37 2629.63 2631.79 2634.04 2636.18 2637.89 2639.34 2640.15 2640.01 2639.34 2638.69 2638.21 2636.66 2634.39 2631.95 2629.63 2627.40 2625.47 2623.89 2622.16 2620.46 2618.94 2617.72 2616.03 2613.93 2609.87 2604.48 2598.91 2591.94 2590.22 2590.14 2590.74 2591.94 2593.76 2595.51 2598.31 2602.05
2847.06 2845.30 2835.86 2809.51 2811.75 2798.16 2786.88 2773.47 2762.54 2754.77 2740.45 2731.22 2728.79 2725.91 2722.70 2714.64 2705.50 2702.08 2701.51 2701.04 2694.49 2680.93 2671.75 2665.62 2659.54 2653.64 2648.27 2641.95 2635.08 2631.43 2631.53 2632.78 2634.43 2636.98 2639.08 2641.32 2642.48 2643.32 2643.31 2642.36 2641.86 2640.69 2638.92 2636.96 2634.86 2632.49 2630.27 2628.18 2627.10 2625.08 2623.23 2621.42 2619.93 2618.41 2615.81 2611.32 2607.40 2602.61 2597.40 2597.13 2598.16 2603.06 2600.20 2601.86 2603.18 2605.89 2608.79
2809.01 2806.81 2797.03 2791.89 2792.78 2783.51 2773.80 2765.33 2759.96 2750.12 2741.14 2735.88 2728.53 2722.30 2715.11 2709.18 2706.46 2702.71 2699.07 2694.27 2688.39 2681.71 2675.23 2668.64 2661.98 2656.44 2650.39 2643.07 2637.03 2633.62 2633.51 2634.79 2637.05 2639.88 2642.52 2644.35 2645.79 2646.53 2646.11 2645.68 2645.17 2643.65 2641.83 2640.16 2638.23 2635.95 2633.53 2631.90 2629.95 2627.79 2625.59 2623.95 2622.40 2620.43 2617.28 2614.02 2611.54 2612.71 2607.83 2614.10 2616.15 2616.76 2614.87 2612.24 2614.33 2616.42 2618.46
2788.64 2785.03 2780.82 2778.23 2774.57 2771.81 2767.44 2761.82 2752.35 2742.79 2735.33 2726.84 2722.10 2718.24 2715.56 2712.45 2709.16 2705.09 2701.01 2696.23 2689.77 2683.43 2677.63 2671.05 2664.25 2658.59 2652.65 2645.35 2639.26 2636.40 2635.54 2637.09 2640.01 2643.68 2646.32 2648.01 2649.42 2649.78 2649.18 2649.04 2648.47 2647.40 2645.24 2643.91 2642.31 2640.35 2638.28 2636.18 2634.01 2631.58 2629.02 2627.29 2625.72 2623.33 2620.45 2618.87 2620.24 2622.94 2625.84 2627.87 2625.13 2626.97 2626.04 2626.60 2628.37 2624.97 2631.24
2785.15 2778.83 2763.89 2760.88 2760.02 2758.23 2754.84 2748.24 2740.42 2734.49 2731.24 2728.06 2724.73 2721.32 2718.53 2715.51 2711.51 2707.70 2703.38 2697.33 2691.59 2685.56 2679.73 2673.84 2667.13 2661.25 2655.18 2648.20 2641.82 2639.37 2638.11 2640.32 2643.70 2647.53 2650.20 2652.18 2653.35 2653.40 2652.64 2652.84 2652.15 2650.99 2649.73 2648.62 2647.41 2645.87 2644.12 2641.62 2638.64 2635.91 2633.41 2631.21 2630.05 2627.83 2624.66 2630.91 2635.19 2636.32 2635.34 2633.29 2635.53 2644.33 2649.83 2653.84 2654.69 2659.75 2660.98
