data/gries/surface-1967.grid
NCOLS       257
NROWS       241
XLLCORNER          666587.50
YLLCORNER          140987.50
CELLSIZE           25.000000
NODATA_VALUE   -9999
[rows 145 to 173 of 241, columns 67 to 133 of 257]
2961.92 2959.58 2957.44 2955.42 2953.60 2951.79 2949.99 2948.16 2946.10 2944.00 2941.81 2939.48 2937.04 2934.55 2932.01 2929.52 2926.67 2923.60 2920.55 2917.60 2914.60 2911.51 2908.28 2905.22 2901.97 2899.00 2896.25 2893.67 2891.07 2889.29 2888.05 2887.23 2886.07 2884.09 2881.05 2878.52 2874.88 2871.75 2867.37 2863.86 2860.73 2858.83 2857.43 2856.24 2855.58 2855.44 2856.62 2859.52 2862.88 2866.87 2871.76 2877.35 2882.77 2886.52 2889.96 2893.50 2896.46 2903.12 2912.38 2904.08 2906.18 2903.25 2889.60 2879.40 2853.30 2838.20 2824.50
2964.38 2962.20 2959.89 2957.84 2955.89 2954.10 2952.39 2950.30 2947.98 2945.71 2943.41 2941.02 2938.49 2935.88 2933.33 2930.75 2927.75 2924.36 2921.53 2918.61 2915.59 2912.52 2909.81 2907.02 2903.82 2901.06 2898.54 2896.03 2893.56 2891.75 2890.42 2888.97 2887.37 2885.91 2884.45 2881.45 2878.48 2873.83 2870.00 2866.35 2864.44 2864.35 2863.92 2864.02 2865.03 2866.14 2867.89 2870.46 2875.90 2881.65 2888.15 2894.60 2899.15 2902.40 2904.91 2907.50 2910.53 2912.48 2920.55 2878.87 2882.86 2884.22 2864.80 2858.20 2835.10 2819.30 2799.60
2966.60 2964.45 2962.25 2959.88 2957.77 2955.84 2954.01 2951.94 2949.39 2947.03 2944.65 2942.28 2939.61 2936.83 2934.25 2931.63 2928.47 2925.20 2922.36 2919.65 2916.81 2914.06 2911.42 2908.73 2906.04 2903.34 2900.74 2898.27 2895.63 2893.68 2892.28 2890.74 2889.42 2887.38 2886.77 2885.22 2881.10 2877.77 2873.92 2871.47 2869.96 2869.68 2870.28 2871.36 2873.81 2875.46 2878.63 2882.95 2889.02 2894.48 2900.27 2917.78 2919.32 2920.44 2922.81 2924.52 2924.03 2924.88 2901.63 2871.62 2826.49 2841.82 2837.60 2826.10 2815.70 2804.40 2788.00
2968.64 2966.40 2964.18 2961.91 2959.73 2957.37 2955.25 2952.96 2950.41 2947.92 2945.28 2942.66 2939.98 2937.31 2934.65 2932.02 2928.93 2925.51 2922.63 2920.48 2918.07 2915.77 2913.12 2910.61 2908.40 2905.67 2902.61 2899.87 2897.17 2895.15 2893.72 2892.52 2891.40 2889.71 2888.85 2886.88 2884.60 2882.07 2879.21 2877.25 2876.25 2876.59 2877.45 2879.41 2882.11 2885.16 2890.10 2897.57 2910.32 2925.60 2935.61 2952.82 2943.05 2940.58 2939.57 2937.75 2938.73 2913.25 2889.70 2873.94 2826.40 2813.80 2809.60 2806.50 2798.40 2789.50 2773.50
2970.44 2968.15 2965.91 2963.61 2961.24 2959.03 2956.41 2953.77 2951.01 2948.20 2945.41 2942.67 2939.84 2937.01 2934.34 2931.74 2928.94 2925.88 2923.30 2921.41 2919.59 2917.88 2915.53 2913.02 2910.75 2908.19 2905.07 2901.79 2899.18 2896.82 2895.31 2894.38 2893.56 2892.69 2891.91 2890.34 2888.60 2886.24 2884.80 2883.32 2883.22 2883.71 2884.11 2887.07 2891.10 2896.83 2903.90 2915.79 2932.05 2949.59 2956.90 2975.55 2978.88 2974.63 2978.09 2976.58 2938.48 2907.13 2896.55 2835.90 2815.70 2794.90 2788.50 2787.10 2785.10 2773.40 2756.40
2972.22 2969.96 2967.65 2965.32 2962.88 2960.12 2957.27 2954.43 2951.41 2948.21 2945.15 2942.10 2939.19 2936.30 2933.58 2931.05 2928.53 2925.96 2923.95 2922.35 2920.98 2919.39 2917.77 2915.51 2912.89 2910.24 2907.58 2904.32 2901.42 2899.36 2897.47 2896.67 2895.94 2895.36 2894.82 2894.17 2892.20 2891.55 2890.82 2890.44 2891.14 2892.33 2894.39 2898.37 2903.09 2907.77 2923.42 2940.81 2954.00 2971.65 2988.75 2997.39 3004.09 2950.64 2934.11 2925.20 2908.00 2891.30 2856.20 2821.50 2796.20 2784.40 2771.20 2766.30 2764.10 2755.30 2737.80
2973.92 2971.73 2969.36 2966.91 2964.24 2961.34 2958.29 2955.14 2951.85 2948.37 2944.92 2941.57 2938.43 2935.37 2932.59 2930.25 2927.94 2926.41 2924.58 2923.10 2922.10 2921.08 2919.46 2917.69 2914.92 2911.99 2909.22 2906.74 2904.20 2902.20 2900.75 2899.80 2898.79 2898.28 2897.58 2897.08 2897.05 2897.57 2897.82 2898.91 2900.74 2902.55 2904.85 2908.76 2913.86 2920.36 2935.07 2961.56 2978.09 3005.38 3014.92 3013.07 2953.00 2934.36 2917.83 2915.92 2891.00 2876.60 2840.00 2812.30 2785.90 2771.60 2758.40 2747.50 2741.90 2734.50 2723.00
2975.56 2973.34 2971.01 2968.38 2965.47 2962.37 2959.14 2955.75 2952.05 2948.40 2944.68 2941.06 2937.70 2934.37 2931.46 2929.34 2927.53 2926.30 2924.86 2923.49 2922.85 2922.22 2921.12 2919.13 2916.72 2914.04 2911.37 2909.06 2907.14 2905.59 2904.36 2903.41 2902.58 2902.31 2902.09 2902.09 2902.62 2903.47 2904.67 2906.57 2908.48 2911.06 2914.69 2920.20 2926.88 2934.51 2946.17 2978.15 2998.13 3019.00 2985.79 2948.33 2927.71 2915.79 2912.08 2890.40 2872.20 2854.20 2824.30 2801.00 2774.10 2759.30 2746.90 2733.90 2724.70 2717.50 2709.80
2977.16 2974.80 2972.28 2969.45 2966.60 2963.33 2960.01 2956.48 2952.34 2948.57 2944.57 2940.58 2937.04 2933.54 2930.78 2928.27 2926.83 2925.92 2924.74 2923.92 2923.53 2923.14 2922.58 2920.47 2918.50 2916.22 2913.88 2911.93 2910.36 2909.28 2908.33 2907.81 2907.02 2906.39 2906.16 2907.20 2908.40 2909.95 2912.01 2914.46 2917.42 2921.01 2925.95 2931.58 2938.40 2947.92 2960.75 2982.97 3000.57 3015.66 2965.99 2929.94 2908.48 2904.55 2883.90 2870.80 2850.50 2834.00 2811.30 2788.30 2769.00 2744.90 2732.10 2720.80 2709.00 2704.10 2697.20
2978.81 2976.36 2973.79 2971.02 2968.15 2964.77 2961.00 2957.23 2952.93 2949.00 2944.97 2940.83 2937.00 2932.93 2930.03 2927.30 2926.25 2925.72 2924.88 2924.41 2924.19 2923.57 2922.93 2921.63 2920.00 2918.25 2916.20 2914.54 2913.61 2912.95 2912.36 2912.02 2911.58 2911.39 2911.65 2912.96 2914.34 2916.32 2919.15 2922.64 2926.86 2931.04 2935.11 2940.90 2949.91 2961.81 2974.15 2987.88 2999.51 2970.38 2934.33 2912.67 2891.02 2875.90 2862.20 2850.10 2834.90 2807.10 2785.10 2759.60 2746.00 2730.40 2712.00 2696.70 2690.00 2689.10 2683.80
2980.57 2978.05 2975.51 2972.93 2969.69 2966.45 2962.44 2958.51 2954.43 2950.28 2946.14 2941.79 2937.68 2933.79 2930.88 2928.08 2926.50 2925.91 2925.58 2925.43 2925.44 2924.57 2923.39 2922.37 2921.30 2919.99 2918.30 2916.90 2916.41 2916.34 2916.40 2916.36 2916.11 2916.56 2916.68 2918.80 2921.52 2924.75 2928.60 2932.05 2935.26 2937.85 2943.72 2952.02 2962.92 2976.23 2985.49 2987.71 2983.00 2939.98 2914.52 2895.21 2877.50 2849.30 2834.30 2822.50 2805.60 2785.80 2754.60 2738.20 2724.00 2711.80 2691.00 2667.80 2667.20 2669.50 2669.00
2982.45 2979.90 2977.14 2974.38 2971.27 2967.79 2964.27 2960.41 2956.50 2952.32 2948.02 2943.15 2938.77 2934.97 2932.19 2929.64 2927.36 2926.51 2926.06 2926.06 2926.02 2925.42 2924.21 2923.18 2922.37 2921.87 2920.84 2920.26 2920.11 2920.41 2920.90 2921.34 2921.68 2922.48 2923.42 2926.79 2930.08 2933.44 2936.50 2939.78 2943.70 2949.16 2954.45 2964.49 2976.60 2989.56 2996.41 2979.01 2952.07 2923.08 2897.64 2881.10 2857.90 2832.40 2804.50 2792.60 2783.00 2759.60 2735.60 2720.40 2704.60 2689.20 2667.50 2650.50 2634.40 2636.00 2643.90
2984.42 2981.96 2979.23 2976.15 2973.17 2969.90 2966.52 2962.65 2958.83 2954.78 2950.81 2946.70 2941.20 2936.74 2933.83 2931.60 2929.43 2928.07 2927.10 2927.10 2926.97 2926.77 2925.69 2924.49 2923.59 2923.33 2923.54 2923.21 2923.57 2924.28 2925.34 2927.03 2927.64 2928.55 2930.88 2934.47 2938.08 2941.17 2945.49 2949.65 2953.30 2958.30 2966.49 2981.11 2992.29 3000.38 2986.36 2957.67 2939.64 2918.65 2892.60 2867.50 2841.50 2813.10 2786.60 2761.50 2751.30 2727.60 2711.50 2696.80 2680.50 2664.80 2646.90 2631.40 2612.60 2607.80 2615.40
2986.70 2984.25 2981.50 2978.47 2975.58 2972.55 2969.19 2965.64 2961.80 2957.82 2954.17 2949.79 2944.97 2940.11 2936.26 2933.67 2931.90 2930.57 2929.83 2929.24 2928.54 2928.31 2927.79 2927.32 2926.88 2926.83 2926.96 2927.04 2927.82 2929.17 2930.88 2932.53 2933.65 2934.49 2937.68 2941.83 2945.17 2949.86 2954.72 2959.09 2962.99 2969.30 2982.80 3000.50 3009.38 2959.72 2945.53 2926.93 2918.99 2902.20 2876.20 2849.90 2821.90 2791.90 2762.10 2739.30 2719.50 2707.60 2692.40 2674.50 2661.50 2646.40 2623.50 2608.40 2589.00 2584.20 2587.70
2989.22 2986.76 2983.90 2981.06 2978.26 2975.14 2972.28 2968.75 2965.03 2961.27 2957.33 2953.36 2949.22 2943.66 2939.82 2936.14 2933.88 2932.50 2932.57 2932.08 2931.76 2931.52 2931.45 2931.36 2931.18 2931.26 2931.42 2931.95 2932.78 2934.15 2936.07 2937.88 2939.23 2941.29 2944.54 2949.03 2953.49 2958.64 2963.96 2967.46 2971.05 2985.83 3017.93 3027.29 2968.95 2945.00 2923.18 2902.75 2897.70 2883.00 2866.20 2832.80 2797.20 2767.90 2738.40 2717.30 2700.00 2688.40 2673.50 2660.00 2641.30 2627.20 2607.00 2589.10 2578.60 2563.80 2567.10
2992.03 2989.36 2986.64 2984.28 2981.56 2979.39 2976.36 2972.39 2968.74 2964.79 2960.64 2956.51 2952.40 2948.23 2943.71 2939.94 2936.67 2934.24 2933.56 2934.21 2934.06 2934.65 2935.91 2936.34 2936.69 2937.03 2937.29 2938.08 2939.22 2940.46 2941.68 2943.68 2944.57 2947.62 2951.92 2956.17 2960.63 2966.84 2971.93 2976.39 2978.91 3006.12 3027.40 2991.55 2957.90 2925.58 2905.15 2892.10 2871.40 2851.90 2831.10 2806.40 2780.00 2734.50 2714.20 2695.80 2683.10 2670.60 2657.10 2644.40 2624.90 2607.90 2593.20 2574.60 2558.70 2551.50 2550.70
2994.83 2992.67 2990.38 2988.25 2985.59 2983.27 2980.06 2976.30 2972.43 2968.17 2964.10 2960.13 2956.12 2952.61 2948.65 2944.65 2941.88 2940.08 2939.47 2939.86 2940.20 2941.11 2942.39 2943.01 2943.42 2943.84 2944.21 2944.69 2945.36 2945.94 2947.62 2948.69 2951.20 2955.30 2959.85 2964.08 2970.07 2975.28 2980.43 2984.85 2986.94 3007.49 3020.84 2983.21 2950.42 2913.47 2901.40 2880.40 2855.30 2822.60 2800.60 2769.70 2736.90 2713.70 2693.90 2680.80 2664.90 2653.70 2639.60 2623.20 2607.70 2590.60 2569.90 2556.00 2546.60 2538.70 2536.00
2998.21 2997.00 2995.10 2992.46 2989.62 2986.51 2983.52 2979.85 2975.93 2971.56 2967.58 2964.17 2960.72 2956.99 2953.61 2950.45 2947.30 2945.50 2945.23 2945.55 2946.97 2948.43 2950.03 2950.97 2951.09 2951.53 2951.89 2951.95 2952.34 2952.72 2953.97 2955.85 2959.00 2962.92 2966.69 2972.11 2977.92 2983.25 2988.46 2992.82 2995.93 3012.07 3001.60 2974.60 2942.05 2923.36 2893.90 2868.80 2837.80 2798.90 2774.00 2747.90 2723.70 2694.60 2680.80 2665.50 2651.10 2637.90 2626.20 2606.50 2587.00 2569.30 2555.30 2543.00 2535.20 2527.30 2522.20
3002.07 3000.87 2999.65 2997.39 2993.75 2990.47 2986.97 2983.34 2979.51 2975.65 2972.04 2968.84 2965.46 2962.70 2959.36 2956.38 2954.24 2953.37 2953.18 2953.48 2954.36 2955.55 2957.13 2958.41 2959.09 2959.14 2959.01 2959.41 2959.45 2960.36 2961.62 2963.87 2966.88 2970.43 2974.43 2979.70 2984.63 2989.40 2994.91 2999.69 3005.16 3023.46 2988.80 2963.36 2935.80 2908.30 2885.20 2863.80 2837.70 2798.20 2768.20 2733.20 2705.50 2686.10 2666.40 2651.90 2638.70 2621.10 2599.50 2585.50 2564.20 2556.40 2546.90 2537.60 2524.90 2518.20 2513.30
3006.22 3004.98 3004.01 3001.63 2998.08 2994.29 2990.63 2986.25 2983.69 2980.49 2977.99 2974.97 2972.18 2969.71 2967.69 2965.73 2963.73 2962.96 2962.59 2962.54 2962.85 2963.31 2964.53 2965.03 2965.43 2965.31 2965.14 2966.07 2967.24 2969.05 2971.04 2972.66 2975.01 2978.49 2982.09 2986.07 2990.83 2997.02 3002.56 3009.63 3014.99 3010.72 2976.96 2961.13 2925.30 2897.80 2876.50 2852.30 2828.40 2799.40 2774.70 2737.40 2699.20 2680.20 2654.60 2637.90 2619.60 2595.50 2578.70 2565.00 2552.30 2544.30 2536.80 2529.50 2519.00 2513.10 2508.10
3009.47 3007.92 3006.30 3004.77 3001.30 2997.92 2994.25 2990.97 2988.33 2985.73 2983.76 2981.91 2980.09 2978.36 2977.18 2975.81 2974.56 2973.62 2973.04 2972.17 2971.57 2971.48 2971.92 2971.75 2971.94 2972.06 2972.51 2973.79 2975.13 2976.81 2978.58 2980.15 2982.45 2985.68 2989.12 2993.24 2998.52 3004.09 3007.90 3014.93 3018.09 2991.26 2965.93 2940.90 2914.60 2890.50 2863.80 2840.80 2817.30 2791.80 2764.10 2733.20 2698.80 2676.10 2649.70 2623.70 2597.50 2582.50 2570.50 2557.40 2545.90 2536.20 2529.30 2521.50 2515.60 2509.70 2505.00
3012.67 3011.08 3009.10 3007.09 3004.78 3002.35 3000.08 2997.50 2993.89 2991.57 2989.26 2987.68 2987.38 2987.10 2986.61 2985.41 2984.08 2982.87 2982.24 2981.57 2980.53 2979.06 2978.28 2978.53 2978.96 2979.59 2980.47 2981.59 2982.94 2984.36 2985.51 2986.87 2989.28 2992.46 2996.06 2999.99 3005.37 3005.93 3021.03 3023.17 3007.38 2986.94 2959.20 2930.00 2903.20 2880.60 2856.00 2832.70 2808.00 2778.50 2747.30 2717.00 2687.50 2662.10 2634.10 2607.30 2587.30 2573.00 2562.50 2552.40 2540.00 2532.20 2524.00 2517.20 2512.10 2507.60 2503.40
3013.92 3012.11 3011.13 3009.96 3008.64 3007.35 3005.67 3002.76 2999.68 2996.62 2995.78 2995.25 2995.02 2994.73 2994.77 2993.82 2992.65 2991.62 2990.19 2988.86 2987.39 2985.23 2984.91 2984.85 2985.13 2985.97 2987.39 2988.73 2990.26 2991.55 2992.79 2994.31 2996.32 2998.74 3001.96 3006.22 3008.55 3021.47 3026.08 3019.58 3000.00 2989.09 2949.50 2920.10 2893.30 2870.80 2845.70 2823.70 2796.30 2761.40 2729.00 2699.60 2673.40 2643.50 2618.60 2594.50 2576.80 2565.40 2553.30 2543.30 2535.40 2528.50 2520.80 2514.60 2509.00 2505.60 2501.70
3015.08 3013.76 3013.71 3014.30 3012.82 3012.67 3011.88 3005.88 3008.03 3006.76 3006.02 3005.29 3004.46 3003.13 3002.28 3001.07 2999.83 2999.27 2997.68 2996.61 2994.60 2992.63 2991.78 2991.71 2991.69 2992.30 2993.71 2994.69 2995.65 2997.73 3000.21 3001.78 3003.17 3004.81 3007.39 3010.79 3020.44 3023.51 3019.86 3008.88 2999.86 2969.30 2942.00 2911.80 2886.20 2862.40 2834.80 2802.70 2770.60 2741.90 2709.80 2684.00 2661.30 2632.00 2602.50 2584.60 2569.70 2556.60 2544.00 2535.70 2528.90 2522.00 2516.90 2509.80 2506.50 2503.20 2500.00
3015.98 3014.85 3015.05 3015.27 3016.72 3017.98 3019.68 3015.82 3016.49 3015.94 3015.44 3014.62 3013.93 3012.84 3012.10 3011.04 3009.88 3008.59 3006.68 3005.21 3002.77 3000.88 2999.95 2999.36 2998.91 2999.13 2999.10 3000.09 3002.02 3004.28 3005.89 3008.36 3010.56 3011.26 3010.03 3006.54 3013.47 3006.09 3001.93 3004.24 2995.34 2964.00 2938.50 2908.40 2880.70 2853.00 2817.70 2780.50 2744.40 2712.70 2689.80 2667.70 2646.60 2619.90 2594.90 2578.60 2561.10 2548.10 2537.40 2529.90 2522.40 2517.20 2512.80 2508.50 2505.90 2502.90 2499.80
3017.02 3016.64 3018.08 3019.63 3021.33 3022.64 3024.31 3025.28 3024.94 3024.28 3023.33 3021.79 3022.12 3021.80 3021.13 3020.52 3020.07 3018.13 3016.11 3013.96 3011.49 3009.07 3006.65 3005.43 3005.37 3006.02 3007.02 3008.04 3009.54 3011.35 3013.21 3017.45 3021.40 3019.92 3016.60 3011.34 3002.20 2983.06 2967.31 2975.31 2980.50 2949.90 2935.20 2905.60 2874.60 2848.00 2809.50 2761.20 2721.80 2688.80 2669.90 2650.90 2629.70 2606.30 2583.80 2569.10 2555.50 2543.60 2534.80 2527.30 2519.60 2514.40 2509.70 2507.30 2504.70 2502.10 2499.60
3021.02 3021.41 3022.34 3023.88 3026.01 3028.02 3029.86 3031.12 3032.40 3032.56 3033.59 3033.01 3033.66 3032.80 3030.06 3028.19 3026.87 3024.83 3023.95 3022.10 3019.60 3016.95 3014.01 3012.93 3012.55 3012.91 3014.02 3014.80 3014.81 3016.39 3021.42 3028.87 3033.56 3027.85 3020.24 3008.67 2989.51 2965.17 2946.03 2959.00 2955.50 2924.50 2906.20 2890.00 2871.80 2838.90 2788.10 2740.40 2694.60 2670.90 2653.00 2633.50 2615.00 2599.00 2583.20 2568.60 2555.20 2543.10 2534.60 2527.40 2520.20 2514.80 2509.90 2507.10 2504.00 2501.50 2499.10
3025.36 3026.42 3027.38 3029.15 3031.02 3032.92 3035.47 3037.27 3038.19 3038.60 3039.00 3039.48 3039.57 3039.75 3038.77 3037.19 3034.63 3030.95 3030.06 3030.55 3028.83 3026.28 3022.46 3021.42 3020.15 3019.15 3019.36 3020.31 3021.98 3026.56 3033.86 3042.06 3038.55 3020.22 2996.09 2982.86 2970.38 2956.59 2928.60 2928.10 2933.50 2908.60 2886.20 2868.10 2851.20 2815.40 2781.10 2730.00 2690.50 2668.60 2648.70 2631.00 2614.40 2598.50 2582.30 2568.20 2554.90 2543.60 2535.20 2527.80 2520.70 2515.50 2511.00 2507.80 2504.70 2501.40 2498.40
3029.68 3030.80 3032.02 3033.90 3036.67 3038.59 3040.63 3042.44 3043.61 3044.23 3044.65 3045.40 3045.60 3046.60 3047.02 3045.09 3042.62 3040.10 3037.68 3036.72 3036.17 3034.84 3032.70 3030.90 3028.58 3026.95 3026.71 3027.60 3030.38 3032.34 3042.65 3035.49 3017.00 2992.51 2967.82 2943.88 2935.90 2922.90 2905.70 2899.50 2905.60 2891.00 2866.50 2847.60 2824.20 2795.60 2760.30 2725.10 2701.00 2669.00 2645.40 2629.70 2613.60 2595.40 2580.00 2567.30 2555.10 2545.00 2536.30 2529.10 2522.50 2517.10 2512.30 2508.40 2504.60 2500.70 2497.90
