data/rhone/bed.grid
NCOLS	167
NROWS	405
XLLCORNER	671250
YLLCORNER	157400
CELLSIZE	25
NODATA_value	-9999
[rows 256 to 271 of 405, columns 37 to 73 of 167]
2299.69160000000010768417 2289.53789999999980864231 2280.47269999999980427674 2272.81559999999990395736 2266.99940000000015061232 2263.48639999999977590051 2262.65140000000019426807 2264.67120000000022628228 2269.46340000000009240466 2276.70069999999986976036 2285.89219999999977517291 2296.50030000000015206751 2308.05249999999978172127 2320.22029999999995197868 2332.85699999999997089617 2346.00169999999980063876 2359.85469999999986612238 2374.72460000000000945874 2390.94120000000020809239 2408.73840000000018335413 2428.13569999999981519068 2448.86569999999983338057 2470.39060000000017680577 2527.90000000000009094947 2531.90000000000009094947 2542.59999999999990905053 2560.90000000000009094947 2582.09999999999990905053 2602.00000000000000000000 2611.90000000000009094947 2622.19999999999981810106 2634.19999999999981810106 2649.80000000000018189894 2670.09999999999990905053 2682.40000000000009094947 2689.30000000000018189894 2696.50000000000000000000
2296.59529999999995197868 2286.19099999999980354914 2276.87390000000004874892 2268.97389999999995779945 2262.94099999999980354914 2259.25329999999985375325 2258.29300000000012005330 2260.23100000000022191671 2264.96720000000004802132 2272.14910000000008949428 2281.26279999999997016857 2291.75900000000001455192 2303.17180000000007566996 2315.20060000000012223609 2327.74549999999999272404 2340.90279999999984283932 2354.92839999999978317646 2370.16859999999996944098 2386.95769999999993160600 2405.49260000000003856258 2425.71599999999989449861 2447.26020000000016807462 2469.48959999999988212949 2526.19999999999981810106 2532.00000000000000000000 2542.59999999999990905053 2563.09999999999990905053 2584.00000000000000000000 2600.00000000000000000000 2611.00000000000000000000 2622.09999999999990905053 2634.50000000000000000000 2650.30000000000018189894 2672.00000000000000000000 2681.30000000000018189894 2682.90000000000009094947 2687.90000000000009094947
2293.99380000000019208528 2283.39260000000012951205 2273.85789999999997235136 2265.72159999999985302566 2259.44369999999980791472 2255.51560000000017680577 2254.33059999999977662810 2256.06489999999985229806 2260.61560000000008585630 2267.62240000000019790605 2276.56280000000015206751 2286.88479999999981373549 2298.13149999999995998223 2310.02550000000019281288 2322.50340000000005602487 2335.70420000000012805685 2349.92209999999977299012 2365.52469999999993888196 2382.83890000000019426807 2402.01989999999977953848 2422.93989999999985229806 2445.14660000000003492460 2467.92709999999988212949 2523.59999999999990905053 2532.30000000000018189894 2542.59999999999990905053 2563.80000000000018189894 2582.69999999999981810106 2595.09999999999990905053 2606.19999999999981810106 2621.00000000000000000000 2634.69999999999981810106 2649.80000000000018189894 2658.80000000000018189894 2660.50000000000000000000 2672.69999999999981810106 2681.00000000000000000000
2291.82490000000007057679 2281.06419999999980063876 2271.33370000000013533281 2262.95890000000008512870 2256.40399999999999636202 2252.17299999999977444531 2250.67599999999993087840 2252.10570000000006984919 2256.37269999999989522621 2263.12500000000000000000 2271.84439999999995052349 2281.98270000000002255547 2293.09070000000019717845 2304.90529999999989740900 2317.38340000000016516424 2330.68580000000019936124 2345.12219999999979336280 2361.06129999999984647729 2378.81080000000019936124 2398.48559999999997671694 2419.90270000000009531504 2442.55180000000018480932 2508.63999999999987267074 2523.30000000000018189894 2531.59999999999990905053 2539.30000000000018189894 2558.90000000000009094947 2576.09999999999990905053 2589.90000000000009094947 2602.80000000000018189894 2615.90000000000009094947 2631.09999999999990905053 2639.00000000000000000000 2651.00000000000000000000 2660.09999999999990905053 2665.69999999999981810106 2674.90000000000009094947
2290.00900000000001455192 2279.11239999999997962732 2269.19860000000016952981 2260.57990000000017971615 2253.72029999999995197868 2249.13560000000006766641 2247.25810000000001309672 2248.30850000000009458745 2252.22519999999985884642 2258.67909999999983483576 2267.16739999999981591827 2277.15000000000009094947 2288.18170000000009167707 2300.00140000000010331860 2312.56590000000005602487 2326.03270000000020445441 2340.70130000000017389539 2356.92059999999992214725 2374.96990000000005238689 2394.93080000000009022187 2416.58910000000014406396 2439.41280000000006111804 2505.67999999999983629095 2519.59999999999990905053 2527.00000000000000000000 2536.30000000000018189894 2556.69999999999981810106 2570.90000000000009094947 2583.90000000000009094947 2598.30000000000018189894 2613.50000000000000000000 2624.59999999999990905053 2636.40000000000009094947 2644.90000000000009094947 2651.80000000000018189894 2661.80000000000018189894 2668.09999999999990905053
2288.47460000000000945874 2277.45440000000007785275 2267.36479999999983192538 2258.49890000000004874892 2251.31620000000020809239 2246.34409999999979845597 2244.04100000000016734703 2244.66440000000011423253 2248.19259999999985666364 2254.33190000000013242243 2262.60350000000016734703 2272.47859999999991487130 2283.51009999999996580300 2295.42450000000008003553 2308.15740000000005238689 2321.83640000000013969839 2336.72510000000011132215 2353.13389999999981228029 2371.30819999999994251993 2391.30879999999979190761 2412.92050000000017462298 2435.63029999999980645953 2503.09000000000014551915 2515.00000000000000000000 2522.90000000000009094947 2534.80000000000018189894 2555.69999999999981810106 2570.00000000000000000000 2578.50000000000000000000 2593.40000000000009094947 2604.40000000000009094947 2620.09999999999990905053 2628.30000000000018189894 2637.59999999999990905053 2645.69999999999981810106 2653.40000000000009094947 2660.69999999999981810106
2287.17340000000012878445 2276.03400000000010550139 2265.77390000000013969839 2256.66289999999980864231 2249.15209999999979118002 2243.77849999999989449861 2241.02869999999984429451 2241.20290000000022700988 2244.32830000000012660166 2250.15549999999984720489 2258.23709999999982755980 2268.05619999999998981366 2279.15770000000020445441 2291.24139999999988503987 2304.20049999999991996447 2318.10950000000002546585 2333.17369999999982610461 2349.65110000000004220055 2367.75259999999980209395 2387.53440000000000509317 2408.81129999999984647729 2431.12899999999990541255 2498.84000000000014551915 2509.09999999999990905053 2516.19999999999981810106 2534.19999999999981810106 2555.00000000000000000000 2567.00000000000000000000 2576.50000000000000000000 2587.90000000000009094947 2600.40000000000009094947 2610.59999999999990905053 2622.80000000000018189894 2631.59999999999990905053 2637.40000000000009094947 2647.50000000000000000000 2659.59999999999990905053
2286.08350000000018553692 2274.82349999999996725819 2264.39879999999993742676 2255.05209999999988212949 2247.22220000000015716068 2241.45290000000022700988 2238.25820000000021536835 2237.98329999999987194315 2240.70980000000008658390 2246.23880000000008294592 2254.15790000000015425030 2263.96230000000014115358 2275.18220000000019354047 2287.47800000000006548362 2300.68359999999984211172 2314.80150000000003274181 2329.96439999999984138412 2346.37030000000004292815 2364.20010000000002037268 2383.52190000000018699211 2404.20800000000008367351 2425.89480000000003201421 2448.01639999999997598934 2493.26999999999998181011 2509.00000000000000000000 2526.00000000000000000000 2547.69999999999981810106 2562.50000000000000000000 2570.59999999999990905053 2580.19999999999981810106 2595.59999999999990905053 2608.19999999999981810106 2618.80000000000018189894 2626.19999999999981810106 2634.59999999999990905053 2643.19999999999981810106 2650.69999999999981810106
2285.20280000000002473826 2273.81790000000000873115 2263.23630000000002837623 2253.67090000000007421477 2245.54410000000007130438 2239.40180000000009385985 2235.78270000000020445441 2235.07639999999992141966 2237.41980000000012296368 2242.66730000000006839400 2250.44369999999980791472 2260.25439999999980500434 2271.60910000000012587407 2284.11900000000014188117 2297.54689999999982319423 2311.81309999999984938768 2326.97119999999995343387 2343.16010000000005675247 2360.53859999999986030161 2379.20200000000022555469 2399.09929999999985739123 2419.97789999999986321200 2441.38650000000006912160 2487.38000000000010913936 2499.19999999999981810106 2512.50000000000000000000 2535.30000000000018189894 2551.00000000000000000000 2562.09999999999990905053 2574.50000000000000000000 2588.90000000000009094947 2601.90000000000009094947 2614.40000000000009094947 2624.19999999999981810106 2631.00000000000000000000 2635.09999999999990905053 2644.50000000000000000000
2284.53830000000016298145 2273.02410000000008949428 2262.29559999999992214725 2252.53440000000000509317 2244.14199999999982537702 2237.66139999999995779945 2233.65050000000019281288 2232.53969999999981155270 2234.51989999999977953848 2239.49839999999994688551 2247.13670000000001891749 2256.94840000000021973392 2268.41829999999981737346 2281.10240000000021609594 2294.68679999999994834070 2309.00750000000016370905 2324.04140000000006693881 2339.87600000000020372681 2356.65819999999985157046 2374.52230000000008658390 2393.50379999999995561666 2413.46700000000009822543 2434.07870000000002619345 2454.84760000000005675247 2494.50000000000000000000 2500.00000000000000000000 2521.09999999999990905053 2541.50000000000000000000 2553.90000000000009094947 2567.50000000000000000000 2583.19999999999981810106 2593.59999999999990905053 2608.19999999999981810106 2619.69999999999981810106 2622.80000000000018189894 2627.90000000000009094947 2636.40000000000009094947
2284.09659999999985302566 2272.44999999999981810106 2261.58660000000008949428 2251.65520000000014988473 2243.03220000000010259100 2236.25180000000000291038 2231.88459999999986393959 2230.39629999999988285708 2232.02779999999984283932 2236.73729999999977735570 2244.22170000000005529728 2254.00120000000015352271 2265.53339999999980136636 2278.31689999999980500434 2291.96160000000008949428 2306.22359999999980573193 2321.01249999999981810106 2336.37550000000010186341 2352.45960000000013678800 2369.44380000000001018634 2387.45069999999986976036 2406.45640000000003055902 2426.23720000000002983143 2446.38070000000016079866 2487.09999999999990905053 2495.50000000000000000000 2511.19999999999981810106 2532.90000000000009094947 2544.90000000000009094947 2558.80000000000018189894 2571.19999999999981810106 2582.30000000000018189894 2600.00000000000000000000 2607.80000000000018189894 2614.59999999999990905053 2620.50000000000000000000 2625.40000000000009094947
2283.87899999999990541255 2272.09949999999980718712 2261.11349999999993087840 2251.03600000000005820766 2242.21450000000004365575 2235.16780000000017025741 2230.47260000000005675247 2228.62300000000004729372 2229.90540000000009968062 2234.32670000000007348717 2241.61790000000019063009 2251.30600000000004001777 2262.82180000000016661943 2275.60820000000012441888 2289.20350000000007639755 2303.29280000000017025741 2317.72980000000006839400 2332.53470000000015716068 2347.86259999999992942321 2363.93949999999995270628 2380.96750000000020008883 2399.02120000000013533281 2417.97200000000020736479 2437.47569999999996070983 2480.09999999999990905053 2486.50000000000000000000 2500.69999999999981810106 2522.19999999999981810106 2534.30000000000018189894 2549.19999999999981810106 2563.90000000000009094947 2574.50000000000000000000 2589.90000000000009094947 2597.30000000000018189894 2605.59999999999990905053 2611.19999999999981810106 2618.69999999999981810106
2283.88200000000006184564 2271.97100000000000363798 2260.87300000000004729372 2250.66809999999986757757 2241.67120000000022628228 2234.37989999999990686774 2229.36920000000009167707 2227.15590000000020154403 2228.06730000000015934347 2232.15709999999990031938 2239.19189999999980500434 2248.70769999999993160600 2260.11220000000002983143 2272.79779999999982464942 2286.23840000000018335413 2300.05720000000019354047 2314.06390000000010331860 2328.26080000000001746230 2342.81629999999995561666 2357.99909999999999854481 2374.07889999999997598934 2391.21180000000003929017 2409.34799999999995634425 2428.20240000000012514647 2475.50000000000000000000 2478.90000000000009094947 2492.30000000000018189894 2513.69999999999981810106 2526.69999999999981810106 2538.59999999999990905053 2552.69999999999981810106 2564.30000000000018189894 2577.00000000000000000000 2586.40000000000009094947 2596.00000000000000000000 2603.59999999999990905053 2611.69999999999981810106
2284.10129999999981009751 2272.06120000000009895302 2260.85809999999992214725 2250.53659999999990759534 2241.37550000000010186341 2233.84529999999995197868 2228.51310000000012223609 2225.91190000000005966285 2226.40650000000005093170 2230.09769999999980427674 2236.79059999999981300789 2246.03639999999995779945 2257.22699999999986175681 2269.71199999999998908606 2282.90900000000010550139 2296.38810000000012223609 2309.92230000000017753337 2323.50079999999979918357 2337.30349999999998544808 2351.63329999999996289262 2366.81239999999979772838 2383.06109999999989668140 2400.39489999999977953848 2418.58199999999987994670 2455.46999999999979991117 2473.80000000000018189894 2481.00000000000000000000 2495.59999999999990905053 2513.69999999999981810106 2530.00000000000000000000 2542.30000000000018189894 2555.00000000000000000000 2563.59999999999990905053 2575.00000000000000000000 2583.40000000000009094947 2594.09999999999990905053 2604.69999999999981810106
2284.53800000000001091394 2272.36970000000019354047 2261.06350000000020372681 2250.62780000000020663720 2241.30200000000013460522 2233.52449999999998908606 2227.84810000000015861588 2224.81629999999995561666 2224.82900000000017826096 2228.03450000000020736479 2234.28260000000000218279 2243.14870000000018990249 2254.01909999999998035491 2266.21140000000013969839 2279.09630000000015570549 2292.19740000000001600711 2305.25360000000000582077 2318.23909999999978026608 2331.33759999999983847374 2344.87280000000009749783 2359.20269999999982246663 2374.59580000000005384209 2391.12350000000014915713 2408.60690000000022337190 2451.19999999999981810106 2467.50000000000000000000 2472.90000000000009094947 2483.19999999999981810106 2502.50000000000000000000 2517.80000000000018189894 2530.69999999999981810106 2542.80000000000018189894 2553.50000000000000000000 2563.19999999999981810106 2573.90000000000009094947 2582.19999999999981810106 2593.09999999999990905053
2285.20370000000002619345 2272.90450000000009822543 2261.49150000000008731149 2250.93670000000020081643 2241.43739999999979772838 2233.39489999999977953848 2227.34200000000009822543 2223.82700000000022555469 2223.28119999999989886419 2225.90230000000019572326 2231.59099999999989449861 2239.95809999999983119778 2250.39879999999993742676 2262.21199999999998908606 2274.73169999999981882866 2287.44020000000000436557 2300.04149999999981446308 2312.48700000000008003553 2324.95049999999991996447 2337.75910000000021682354 2351.28859999999986030161 2365.84189999999989595381 2381.53990000000021609594 2398.26139999999986684998 2415.65940000000000509317 2460.09999999999990905053 2465.09999999999990905053 2472.69999999999981810106 2489.90000000000009094947 2505.59999999999990905053 2519.30000000000018189894 2532.69999999999981810106 2543.90000000000009094947 2554.90000000000009094947 2566.30000000000018189894 2574.19999999999981810106 2587.19999999999981810106
