data/rhone/bed.grid
NCOLS	167
NROWS	405
XLLCORNER	671250
YLLCORNER	157400
CELLSIZE	25
NODATA_value	-9999
[rows 16 to 31 of 405, columns 37 to 73 of 167]
2876.09999999999990905053 2878.90000000000009094947 2880.69999999999981810106 2882.09999999999990905053 2883.50000000000000000000 2884.80000000000018189894 2886.19999999999981810106 2884.90000000000009094947 2882.80000000000018189894 2880.30000000000018189894 2879.40000000000009094947 2879.09999999999990905053 2882.50000000000000000000 2886.80000000000018189894 2890.90000000000009094947 2894.90000000000009094947 2898.80000000000018189894 2909.40000000000009094947 2922.00000000000000000000 2938.09999999999990905053 2955.69999999999981810106 2968.90000000000009094947 2981.09999999999990905053 2998.00000000000000000000 3010.69999999999981810106 3022.90000000000009094947 3037.69999999999981810106 3049.19999999999981810106 3059.50000000000000000000 3066.80000000000018189894 3074.30000000000018189894 3084.00000000000000000000 3101.00000000000000000000 3111.19999999999981810106 3122.19999999999981810106 3135.00000000000000000000 3146.40000000000009094947
2876.90000000000009094947 2879.50000000000000000000 2881.30000000000018189894 2882.90000000000009094947 2884.30000000000018189894 2885.59999999999990905053 2886.90000000000009094947 2887.30000000000018189894 2885.19999999999981810106 2883.09999999999990905053 2882.09999999999990905053 2881.80000000000018189894 2883.69999999999981810106 2887.40000000000009094947 2891.30000000000018189894 2895.30000000000018189894 2899.19999999999981810106 2911.40000000000009094947 2925.59999999999990905053 2942.09999999999990905053 2960.40000000000009094947 2973.90000000000009094947 2987.50000000000000000000 3003.09999999999990905053 3015.90000000000009094947 3027.19999999999981810106 3040.40000000000009094947 3049.59999999999990905053 3059.69999999999981810106 3067.00000000000000000000 3074.19999999999981810106 3082.90000000000009094947 3099.19999999999981810106 3110.30000000000018189894 3122.00000000000000000000 3134.30000000000018189894 3146.00000000000000000000
2879.30000000000018189894 2879.59999999999990905053 2881.80000000000018189894 2883.69999999999981810106 2885.09999999999990905053 2886.40000000000009094947 2887.69999999999981810106 2889.00000000000000000000 2887.50000000000000000000 2886.30000000000018189894 2885.19999999999981810106 2884.19999999999981810106 2885.90000000000009094947 2888.90000000000009094947 2892.30000000000018189894 2896.09999999999990905053 2899.90000000000009094947 2912.90000000000009094947 2929.40000000000009094947 2946.30000000000018189894 2963.40000000000009094947 2977.59999999999990905053 2994.69999999999981810106 3010.09999999999990905053 3022.69999999999981810106 3033.30000000000018189894 3043.30000000000018189894 3051.50000000000000000000 3060.00000000000000000000 3067.80000000000018189894 3075.69999999999981810106 3086.09999999999990905053 3097.50000000000000000000 3110.09999999999990905053 3121.69999999999981810106 3133.90000000000009094947 3145.90000000000009094947
2880.69999999999981810106 2881.40000000000009094947 2883.09999999999990905053 2884.59999999999990905053 2885.90000000000009094947 2887.19999999999981810106 2888.50000000000000000000 2889.80000000000018189894 2890.40000000000009094947 2889.40000000000009094947 2888.30000000000018189894 2887.30000000000018189894 2888.90000000000009094947 2891.00000000000000000000 2894.19999999999981810106 2897.50000000000000000000 2902.69999999999981810106 2915.40000000000009094947 2931.80000000000018189894 2950.90000000000009094947 2968.69999999999981810106 2982.69999999999981810106 3001.69999999999981810106 3016.00000000000000000000 3026.19999999999981810106 3034.30000000000018189894 3042.59999999999990905053 3050.80000000000018189894 3058.90000000000009094947 3067.09999999999990905053 3075.80000000000018189894 3085.59999999999990905053 3096.00000000000000000000 3107.80000000000018189894 3121.09999999999990905053 3132.19999999999981810106 3144.09999999999990905053
2880.40000000000009094947 2882.40000000000009094947 2884.00000000000000000000 2885.40000000000009094947 2886.59999999999990905053 2887.90000000000009094947 2889.19999999999981810106 2890.50000000000000000000 2891.80000000000018189894 2892.50000000000000000000 2891.50000000000000000000 2890.40000000000009094947 2891.00000000000000000000 2893.50000000000000000000 2896.19999999999981810106 2899.50000000000000000000 2906.59999999999990905053 2917.90000000000009094947 2934.40000000000009094947 2955.80000000000018189894 2974.09999999999990905053 2992.59999999999990905053 3007.40000000000009094947 3019.40000000000009094947 3027.40000000000009094947 3035.09999999999990905053 3042.80000000000018189894 3050.50000000000000000000 3058.50000000000000000000 3067.19999999999981810106 3076.09999999999990905053 3085.40000000000009094947 3094.80000000000018189894 3105.69999999999981810106 3118.00000000000000000000 3130.09999999999990905053 3141.50000000000000000000
2880.50000000000000000000 2882.50000000000000000000 2884.50000000000000000000 2885.90000000000009094947 2887.30000000000018189894 2888.50000000000000000000 2889.80000000000018189894 2891.09999999999990905053 2892.40000000000009094947 2893.69999999999981810106 2894.59999999999990905053 2893.50000000000000000000 2892.90000000000009094947 2896.00000000000000000000 2898.69999999999981810106 2903.19999999999981810106 2911.19999999999981810106 2920.59999999999990905053 2939.09999999999990905053 2962.00000000000000000000 2978.30000000000018189894 2998.19999999999981810106 3008.50000000000000000000 3019.80000000000018189894 3027.69999999999981810106 3035.40000000000009094947 3043.09999999999990905053 3050.80000000000018189894 3058.59999999999990905053 3066.80000000000018189894 3075.00000000000000000000 3084.30000000000018189894 3095.90000000000009094947 3106.19999999999981810106 3115.90000000000009094947 3127.19999999999981810106 3138.30000000000018189894
2881.40000000000009094947 2882.59999999999990905053 2884.59999999999990905053 2886.50000000000000000000 2887.80000000000018189894 2889.09999999999990905053 2890.40000000000009094947 2891.69999999999981810106 2893.00000000000000000000 2894.30000000000018189894 2895.59999999999990905053 2896.69999999999981810106 2895.59999999999990905053 2897.90000000000009094947 2902.09999999999990905053 2907.90000000000009094947 2914.30000000000018189894 2926.09999999999990905053 2946.00000000000000000000 2967.30000000000018189894 2984.50000000000000000000 3002.09999999999990905053 3011.19999999999981810106 3020.59999999999990905053 3028.69999999999981810106 3036.30000000000018189894 3044.19999999999981810106 3052.09999999999990905053 3060.19999999999981810106 3067.40000000000009094947 3074.90000000000009094947 3084.50000000000000000000 3096.09999999999990905053 3106.40000000000009094947 3115.90000000000009094947 3126.09999999999990905053 3134.40000000000009094947
2884.50000000000000000000 2884.00000000000000000000 2884.80000000000018189894 2886.80000000000018189894 2888.40000000000009094947 2889.69999999999981810106 2891.00000000000000000000 2892.30000000000018189894 2893.59999999999990905053 2894.90000000000009094947 2896.19999999999981810106 2897.50000000000000000000 2898.69999999999981810106 2899.69999999999981810106 2905.59999999999990905053 2911.69999999999981810106 2917.90000000000009094947 2932.40000000000009094947 2952.40000000000009094947 2973.00000000000000000000 2987.90000000000009094947 3002.69999999999981810106 3011.69999999999981810106 3019.80000000000018189894 3028.69999999999981810106 3037.50000000000000000000 3045.09999999999990905053 3052.19999999999981810106 3059.30000000000018189894 3066.90000000000009094947 3074.69999999999981810106 3083.59999999999990905053 3093.90000000000009094947 3103.50000000000000000000 3113.69999999999981810106 3126.00000000000000000000 3134.30000000000018189894
2887.59999999999990905053 2887.09999999999990905053 2886.59999999999990905053 2886.90000000000009094947 2888.90000000000009094947 2890.19999999999981810106 2891.50000000000000000000 2892.80000000000018189894 2894.09999999999990905053 2895.40000000000009094947 2896.80000000000018189894 2898.09999999999990905053 2899.40000000000009094947 2903.00000000000000000000 2908.69999999999981810106 2914.80000000000018189894 2922.40000000000009094947 2939.30000000000018189894 2957.40000000000009094947 2975.59999999999990905053 2990.80000000000018189894 3002.09999999999990905053 3010.19999999999981810106 3018.19999999999981810106 3027.09999999999990905053 3036.30000000000018189894 3044.09999999999990905053 3051.09999999999990905053 3057.80000000000018189894 3065.59999999999990905053 3073.59999999999990905053 3081.50000000000000000000 3090.80000000000018189894 3100.00000000000000000000 3114.00000000000000000000 3126.40000000000009094947 3136.50000000000000000000
2890.59999999999990905053 2890.19999999999981810106 2889.69999999999981810106 2889.19999999999981810106 2889.09999999999990905053 2890.80000000000018189894 2892.09999999999990905053 2893.40000000000009094947 2894.69999999999981810106 2896.00000000000000000000 2897.30000000000018189894 2898.59999999999990905053 2899.90000000000009094947 2905.90000000000009094947 2912.00000000000000000000 2917.90000000000009094947 2930.00000000000000000000 2944.40000000000009094947 2958.80000000000018189894 2975.50000000000000000000 2989.19999999999981810106 3000.90000000000009094947 3008.90000000000009094947 3016.90000000000009094947 3025.69999999999981810106 3034.59999999999990905053 3042.40000000000009094947 3048.80000000000018189894 3056.40000000000009094947 3064.19999999999981810106 3071.90000000000009094947 3079.00000000000000000000 3088.50000000000000000000 3100.00000000000000000000 3114.19999999999981810106 3126.59999999999990905053 3137.69999999999981810106
2893.69999999999981810106 2893.19999999999981810106 2892.69999999999981810106 2892.19999999999981810106 2891.69999999999981810106 2891.19999999999981810106 2892.59999999999990905053 2893.90000000000009094947 2895.19999999999981810106 2896.50000000000000000000 2897.80000000000018189894 2899.09999999999990905053 2902.00000000000000000000 2908.19999999999981810106 2914.40000000000009094947 2921.00000000000000000000 2932.50000000000000000000 2944.90000000000009094947 2956.59999999999990905053 2970.80000000000018189894 2985.50000000000000000000 2997.80000000000018189894 3006.59999999999990905053 3015.80000000000018189894 3024.19999999999981810106 3031.90000000000009094947 3040.09999999999990905053 3047.40000000000009094947 3055.00000000000000000000 3062.59999999999990905053 3070.19999999999981810106 3078.00000000000000000000 3090.19999999999981810106 3102.50000000000000000000 3114.69999999999981810106 3125.19999999999981810106 3136.69999999999981810106
2896.80000000000018189894 2896.30000000000018189894 2895.80000000000018189894 2895.30000000000018189894 2894.50000000000000000000 2893.40000000000009094947 2893.50000000000000000000 2894.69999999999981810106 2895.90000000000009094947 2897.19999999999981810106 2898.50000000000000000000 2899.80000000000018189894 2904.80000000000018189894 2910.30000000000018189894 2916.40000000000009094947 2924.30000000000018189894 2934.30000000000018189894 2942.90000000000009094947 2954.30000000000018189894 2966.19999999999981810106 2981.19999999999981810106 2993.80000000000018189894 3005.59999999999990905053 3015.50000000000000000000 3024.00000000000000000000 3031.40000000000009094947 3038.50000000000000000000 3046.30000000000018189894 3054.19999999999981810106 3062.80000000000018189894 3073.09999999999990905053 3081.19999999999981810106 3093.69999999999981810106 3104.90000000000009094947 3114.59999999999990905053 3123.09999999999990905053 3134.80000000000018189894
2899.80000000000018189894 2899.30000000000018189894 2898.30000000000018189894 2897.30000000000018189894 2896.30000000000018189894 2895.19999999999981810106 2895.00000000000000000000 2895.69999999999981810106 2896.90000000000009094947 2898.09999999999990905053 2899.30000000000018189894 2902.50000000000000000000 2908.00000000000000000000 2913.59999999999990905053 2919.09999999999990905053 2926.19999999999981810106 2934.19999999999981810106 2943.30000000000018189894 2954.30000000000018189894 2966.19999999999981810106 2978.50000000000000000000 2990.80000000000018189894 3002.90000000000009094947 3013.40000000000009094947 3022.69999999999981810106 3029.90000000000009094947 3037.19999999999981810106 3046.40000000000009094947 3056.30000000000018189894 3066.30000000000018189894 3076.09999999999990905053 3086.09999999999990905053 3097.80000000000018189894 3108.50000000000000000000 3117.90000000000009094947 3126.69999999999981810106 3134.80000000000018189894
2904.90000000000009094947 2903.09999999999990905053 2900.50000000000000000000 2899.19999999999981810106 2898.09999999999990905053 2897.00000000000000000000 2896.80000000000018189894 2897.09999999999990905053 2897.90000000000009094947 2899.19999999999981810106 2902.30000000000018189894 2907.00000000000000000000 2911.59999999999990905053 2917.69999999999981810106 2923.90000000000009094947 2930.69999999999981810106 2938.40000000000009094947 2947.69999999999981810106 2958.09999999999990905053 2966.59999999999990905053 2978.50000000000000000000 2990.80000000000018189894 3002.30000000000018189894 3012.59999999999990905053 3021.69999999999981810106 3029.80000000000018189894 3037.19999999999981810106 3047.09999999999990905053 3058.50000000000000000000 3068.80000000000018189894 3078.90000000000009094947 3090.50000000000000000000 3101.50000000000000000000 3109.69999999999981810106 3117.90000000000009094947 3126.80000000000018189894 3136.00000000000000000000
2910.09999999999990905053 2908.00000000000000000000 2905.50000000000000000000 2903.19999999999981810106 2901.09999999999990905053 2898.90000000000009094947 2898.59999999999990905053 2898.59999999999990905053 2899.40000000000009094947 2900.19999999999981810106 2904.69999999999981810106 2909.59999999999990905053 2914.69999999999981810106 2920.30000000000018189894 2928.09999999999990905053 2935.69999999999981810106 2943.69999999999981810106 2953.09999999999990905053 2962.09999999999990905053 2970.09999999999990905053 2978.50000000000000000000 2990.50000000000000000000 3002.00000000000000000000 3011.40000000000009094947 3020.59999999999990905053 3029.00000000000000000000 3037.19999999999981810106 3047.09999999999990905053 3056.19999999999981810106 3067.00000000000000000000 3079.00000000000000000000 3091.00000000000000000000 3101.80000000000018189894 3109.90000000000009094947 3119.00000000000000000000 3130.59999999999990905053 3139.80000000000018189894
2915.30000000000018189894 2913.30000000000018189894 2910.30000000000018189894 2908.19999999999981810106 2904.80000000000018189894 2901.30000000000018189894 2899.90000000000009094947 2900.69999999999981810106 2902.09999999999990905053 2905.30000000000018189894 2907.80000000000018189894 2912.90000000000009094947 2917.09999999999990905053 2923.19999999999981810106 2931.90000000000009094947 2940.00000000000000000000 2947.30000000000018189894 2957.00000000000000000000 2965.40000000000009094947 2973.09999999999990905053 2981.09999999999990905053 2990.00000000000000000000 3001.09999999999990905053 3010.19999999999981810106 3019.50000000000000000000 3027.90000000000009094947 3037.80000000000018189894 3046.00000000000000000000 3053.69999999999981810106 3062.50000000000000000000 3075.80000000000018189894 3089.09999999999990905053 3103.00000000000000000000 3113.19999999999981810106 3125.00000000000000000000 3142.00000000000000000000 3157.30000000000018189894
