data/rhone/bed.grid
NCOLS	167
NROWS	405
XLLCORNER	671250
YLLCORNER	157400
CELLSIZE	25
NODATA_value	-9999
[rows 304 to 319 of 405, columns 37 to 73 of 167]
2328.50000000000000000000 2328.80000000000018189894 2325.59999999999990905053 2332.50000000000000000000 2338.50000000000000000000 2343.19999999999981810106 2349.80000000000018189894 2355.90000000000009094947 2308.57389999999986684998 2298.26620000000002619345 2286.20240000000012514647 2272.22980000000006839400 2256.26249999999981810106 2238.39330000000018117134 2218.96900000000005093170 2198.59360000000015133992 2178.06269999999994979589 2158.26719999999977517291 2140.10280000000011568773 2124.39949999999998908606 2111.86160000000018044375 2103.00149999999985084287 2098.06660000000010768417 2096.98819999999977881089 2099.38259999999991123332 2104.62609999999995125108 2111.98880000000008294592 2120.78949999999986175681 2130.52970000000004802132 2140.97740000000021609594 2152.19500000000016370905 2164.51130000000011932570 2178.43800000000010186341 2194.52899999999999636202 2213.19419999999990977813 2234.50880000000006475602 2258.08980000000019572326
2316.50000000000000000000 2319.40000000000009094947 2325.19999999999981810106 2329.80000000000018189894 2334.00000000000000000000 2339.09999999999990905053 2346.00000000000000000000 2349.50000000000000000000 2304.93019999999978608685 2294.17120000000022628228 2281.44869999999991705408 2266.68359999999984211172 2249.86340000000018335413 2231.15639999999984866008 2210.99119999999993524398 2190.05799999999999272404 2169.23190000000022337190 2149.45850000000018553692 2131.64840000000003783498 2116.60089999999991050572 2104.94979999999986830517 2097.11220000000002983143 2093.23459999999977299012 2093.15650000000005093170 2096.42349999999987630872 2102.36700000000018917490 2110.23950000000013460522 2119.36810000000014042598 2129.28440000000000509317 2139.80380000000013751560 2151.04460000000017316779 2163.39080000000012660166 2177.39719999999988431227 2193.63959999999997307896 2212.52219999999988431227 2234.09029999999984283932 2257.91769999999996798579
2313.90000000000009094947 2320.30000000000018189894 2319.40000000000009094947 2323.90000000000009094947 2329.80000000000018189894 2333.90000000000009094947 2337.50000000000000000000 2344.30000000000018189894 2301.14679999999998472049 2289.95190000000002328306 2276.63670000000001891749 2261.19590000000016516424 2243.68910000000005311449 2224.35309999999981300789 2203.68460000000004583853 2182.43969999999990250217 2161.55069999999977881089 2141.99850000000014915713 2124.69439999999985957402 2110.39829999999983556336 2099.67020000000002255547 2092.83300000000008367351 2089.93750000000000000000 2090.74229999999988649506 2094.73759999999992942321 2101.22830000000021755113 2109.46700000000009822543 2118.80270000000018626451 2128.80400000000008731149 2139.33089999999992869562 2150.54820000000017898856 2162.88009999999985666364 2176.90869999999995343387 2193.21880000000010113581 2212.20490000000017971615 2233.88720000000012078090 2257.81089999999994688551
2307.19999999999981810106 2313.00000000000000000000 2319.59999999999990905053 2322.80000000000018189894 2328.00000000000000000000 2333.09999999999990905053 2337.09999999999990905053 2306.85129999999981009751 2297.60420000000021900632 2286.04300000000012005330 2272.24110000000018771971 2256.27100000000018553692 2238.26729999999997744453 2218.53249999999979991117 2197.61619999999993524398 2176.31629999999995561666 2155.59349999999994906830 2136.43919999999980063876 2119.74940000000015061232 2106.23999999999978172127 2096.40099999999983992893 2090.47110000000020590960 2088.41840000000001964509 2089.93569999999999708962 2094.47409999999990759534 2101.32790000000022700988 2109.76459999999997307896 2119.16460000000006402843 2129.13659999999981664587 2139.58179999999993015081 2150.70119999999997162377 2162.94560000000001309672 2176.91159999999990759534 2193.18510000000014770194 2212.15020000000004074536 2233.81159999999999854481 2257.69920000000001891749
2303.50000000000000000000 2312.00000000000000000000 2321.80000000000018189894 2325.90000000000009094947 2329.59999999999990905053 2332.80000000000018189894 2335.59999999999990905053 2303.91199999999980718712 2294.57889999999997598934 2282.76609999999982392183 2268.61430000000018480932 2252.28110000000015133992 2233.98459999999977299012 2214.09189999999989595381 2193.19129999999995561666 2172.09479999999985011527 2151.75849999999991268851 2133.15549999999984720489 2117.15059999999994033715 2104.41350000000011277734 2095.37500000000000000000 2090.20699999999987994670 2088.81419999999980063876 2090.84189999999989595381 2095.71770000000014988473 2102.73909999999978026608 2111.19799999999986539478 2120.51220000000012078090 2130.33100000000013096724 2140.59229999999979554559 2151.52390000000013969839 2163.59220000000004802132 2177.39859999999998763087 2193.52509999999983847374 2212.34830000000010841177 2233.86589999999978317646 2257.60570000000006984919
2300.00000000000000000000 2314.90000000000009094947 2320.90000000000009094947 2322.69999999999981810106 2325.50000000000000000000 2328.00000000000000000000 2332.50000000000000000000 2301.41280000000006111804 2292.12179999999989377102 2280.19869999999991705408 2265.85280000000011568773 2249.33579999999983556336 2230.95859999999993306119 2211.15360000000009677024 2190.53299999999990177457 2169.89379999999982828740 2150.15329999999994470272 2132.23660000000018044375 2116.96099999999978535925 2104.95190000000002328306 2096.59540000000015425030 2092.01949999999987994670 2091.08919999999989158823 2093.42230000000017753337 2098.43769999999994979589 2105.44570000000021536835 2113.76800000000002910383 2122.86160000000018044375 2132.41469999999981155270 2142.39609999999993306119 2153.05279999999993378879 2164.85840000000007421477 2178.41199999999980718712 2194.28990000000021609594 2212.86400000000003274181 2234.13279999999986102921 2257.63209999999980936991
2296.19999999999981810106 2299.80000000000018189894 2304.69999999999981810106 2314.90000000000009094947 2319.69999999999981810106 2324.90000000000009094947 2332.50000000000000000000 2335.80000000000018189894 2290.02619999999978972482 2278.13819999999986976036 2263.75930000000016661943 2247.24290000000019063009 2228.99929999999994834070 2209.52390000000013969839 2189.43739999999979772838 2169.49479999999994106474 2150.54199999999991632649 2133.42909999999983483576 2118.91289999999980864231 2107.57729999999992287485 2099.78229999999985011527 2095.63670000000001891749 2094.99130000000013751560 2097.45620000000008076313 2102.45420000000012805685 2109.31390000000010331860 2117.38749999999981810106 2126.16850000000022191671 2135.37930000000005748007 2145.01350000000002182787 2155.33089999999992869562 2166.80650000000014188117 2180.03380000000015570549 2195.58269999999993160600 2213.82319999999981519068 2234.76040000000011787051 2257.94430000000011204975
2284.00000000000000000000 2291.69999999999981810106 2302.09999999999990905053 2320.40000000000009094947 2324.19999999999981810106 2325.59999999999990905053 2329.59999999999990905053 2332.50000000000000000000 2330.40000000000009094947 2320.09999999999990905053 2261.91949999999997089617 2245.58300000000008367351 2227.67779999999993378879 2208.75550000000021100277 2189.42929999999978463165 2170.38900000000012369128 2152.38369999999986248440 2136.16840000000001964509 2122.43100000000004001777 2111.72040000000015425030 2104.38830000000007203198 2100.54950000000008003553 2100.06410000000005311449 2102.55200000000013460522 2107.44880000000011932570 2114.10179999999991196091 2121.88950000000022555469 2130.33410000000003492460 2139.18420000000014624675 2148.45159999999987121555 2158.40399999999999636202 2169.51530000000002473826 2182.37339999999994688551 2197.54289999999991778168 2215.39460000000008221832 2235.94279999999980645953 2258.75480000000015934347
2281.80000000000018189894 2292.90000000000009094947 2305.30000000000018189894 2311.00000000000000000000 2317.00000000000000000000 2322.90000000000009094947 2326.09999999999990905053 2326.30000000000018189894 2324.19999999999981810106 2319.19999999999981810106 2259.85759999999982028385 2243.86239999999997962732 2226.47429999999985739123 2208.28859999999986030161 2189.89649999999983265297 2171.90650000000005093170 2154.95609999999987849151 2139.69590000000016516424 2126.74380000000019208528 2116.62269999999989522621 2109.69380000000001018634 2106.09900000000016007107 2105.72690000000011423253 2108.21930000000020299922 2113.02779999999984283932 2119.51380000000017389539 2127.07079999999996289262 2135.23810000000003128662 2143.77930000000014842954 2152.71729999999979554559 2162.32459999999991850927 2173.07560000000012223609 2185.55580000000009022187 2200.32850000000007639755 2217.76740000000017971615 2237.89570000000003346941 2260.29730000000017753337
2274.80000000000018189894 2280.80000000000018189894 2292.80000000000018189894 2304.19999999999981810106 2311.59999999999990905053 2318.59999999999990905053 2321.80000000000018189894 2320.19999999999981810106 2320.19999999999981810106 2317.19999999999981810106 2257.19970000000012078090 2241.67599999999993087840 2224.93879999999990104698 2207.61130000000002837623 2190.25120000000015352271 2173.37950000000000727596 2157.52129999999988285708 2143.22560000000021318556 2131.04809999999997671694 2121.49760000000014770194 2114.95989999999983410817 2111.61889999999993960955 2111.40349999999989449861 2113.98239999999987048795 2118.81919999999990977813 2125.27820000000019717845 2132.75280000000020663720 2140.78260000000000218279 2149.13349999999991268851 2157.83199999999987994670 2167.15569999999979700078 2177.58410000000003492460 2189.70820000000003346941 2204.09549999999990177457 2221.12409999999999854481 2240.82400000000006912160 2262.79129999999986466719
2271.19999999999981810106 2279.59999999999990905053 2287.50000000000000000000 2293.69999999999981810106 2298.09999999999990905053 2307.69999999999981810106 2313.90000000000009094947 2313.59999999999990905053 2312.00000000000000000000 2315.30000000000018189894 2253.77910000000019863364 2238.81629999999995561666 2222.80519999999978608685 2206.38040000000000873115 2190.06100000000014915713 2174.28630000000021027518 2159.48149999999986903276 2146.11009999999987485353 2134.68040000000019063009 2125.70069999999986976036 2119.59160000000019863364 2116.58669999999983701855 2116.65729999999985011527 2119.49490000000014333636 2124.56500000000005456968 2131.21880000000010113581 2138.83069999999997889972 2146.92259999999987485353 2155.24929999999994834070 2163.83530000000018844730 2172.96509999999989304342 2183.13200000000006184564 2194.94189999999980500434 2208.97400000000016007107 2225.61169999999992796802 2244.88720000000012078090 2266.40349999999989449861
2261.59999999999990905053 2266.50000000000000000000 2274.40000000000009094947 2283.00000000000000000000 2289.59999999999990905053 2301.50000000000000000000 2306.40000000000009094947 2306.40000000000009094947 2308.90000000000009094947 2262.34729999999990468496 2249.65149999999994179234 2235.29669999999987339834 2220.02539999999999054126 2204.47080000000005384209 2189.11630000000013751560 2174.33699999999998908606 2160.48360000000002401066 2147.95890000000008512870 2137.24420000000009167707 2128.85879999999997380655 2123.26270000000022264430 2120.73619999999982610461 2121.28569999999990614015 2124.61409999999978026608 2130.17380000000002837623 2137.28549999999995634425 2145.28620000000000800355 2153.66379999999981009751 2162.15090000000009240466 2170.76600000000007639755 2179.80459999999993669917 2189.78220000000010259100 2201.32990000000017971615 2215.04480000000012296368 2231.31559999999990395736 2250.17200000000002546585 2271.21790000000009968062
2256.59999999999990905053 2259.09999999999990905053 2262.69999999999981810106 2274.50000000000000000000 2280.80000000000018189894 2292.69999999999981810106 2299.69999999999981810106 2304.69999999999981810106 2311.30000000000018189894 2257.19500000000016370905 2245.03620000000000800355 2231.30119999999988067430 2216.73280000000022482709 2201.95589999999992869562 2187.43049999999993815436 2173.49400000000014188117 2160.45600000000013096724 2148.68910000000005311449 2138.66760000000022046152 2130.92909999999983483576 2125.96790000000009968062 2124.09889999999995779945 2125.34749999999985448085 2129.41179999999985739123 2135.71559999999999490683 2143.53530000000000654836 2152.15779999999995197868 2161.02689999999984138412 2169.84600000000000363798 2178.62609999999995125108 2187.67650000000003274181 2197.54190000000016880222 2208.88439999999991414370 2222.32160000000021682354 2238.24600000000009458745 2256.68019999999978608685 2277.22560000000021318556
2252.50000000000000000000 2254.09999999999990905053 2257.69999999999981810106 2264.30000000000018189894 2275.80000000000018189894 2283.19999999999981810106 2291.09999999999990905053 2302.19999999999981810106 2310.19999999999981810106 2251.81779999999980645953 2240.22269999999980427674 2227.09749999999985448085 2213.16739999999981591827 2199.04790000000002692104 2185.19399999999995998223 2171.93829999999979918357 2159.58550000000013824319 2148.50750000000016370905 2139.18699999999989813659 2132.17880000000013751560 2127.99749999999994543032 2126.97069999999985157046 2129.12109999999984211172 2134.12500000000000000000 2141.36779999999998835847 2150.07639999999992141966 2159.48630000000002837623 2168.99650000000019645086 2178.28090000000020154403 2187.34250000000020008883 2196.50469999999995707185 2206.34079999999994470272 2217.54250000000001818989 2230.74440000000004147296 2246.33820000000014260877 2264.33590000000003783498 2284.33820000000014260877
2246.50000000000000000000 2248.09999999999990905053 2253.09999999999990905053 2259.69999999999981810106 2270.80000000000018189894 2274.69999999999981810106 2279.80000000000018189894 2290.80000000000018189894 2255.32760000000007494236 2246.49020000000018626451 2235.48270000000002255547 2222.95409999999992578523 2209.59839999999985593604 2196.02610000000004220055 2182.70859999999993306119 2170.00619999999980791472 2158.25169999999980063876 2147.84040000000004511094 2139.27019999999993160600 2133.10260000000016589183 2129.84830000000010841177 2129.82000000000016370905 2133.01400000000012369128 2139.07229999999981373549 2147.34119999999984429451 2157.00720000000001164153 2167.26690000000007785275 2177.48590000000012878445 2187.31539999999995416147 2196.75090000000000145519 2206.12420000000020081643 2216.02700000000004365575 2227.16820000000006984919 2240.18710000000010040822 2255.46680000000014842954 2273.00820000000021536835 2292.41699999999991632649
2241.09999999999990905053 2243.90000000000009094947 2247.09999999999990905053 2257.59999999999990905053 2263.40000000000009094947 2267.09999999999990905053 2271.90000000000009094947 2282.30000000000018189894 2249.67500000000018189894 2241.40329999999994470272 2231.01189999999996871338 2219.08109999999987849151 2206.26540000000022700988 2193.17599999999993087840 2180.32009999999991123332 2168.11239999999997962732 2156.93940000000020518200 2147.23309999999992214725 2139.50410000000010768417 2134.30090000000018335413 2132.10010000000011132215 2133.16879999999991923687 2137.45640000000003055902 2144.56579999999985375325 2153.81570000000010622898 2164.37590000000000145519 2175.43150000000014188117 2186.33789999999999054126 2196.73660000000018044375 2206.61569999999983338057 2216.30319999999983338057 2226.38790000000017244020 2237.57130000000006475602 2250.47719999999981155270 2265.46909999999979845597 2282.53749999999990905053 2301.30529999999998835847
