data/rhone/bed.grid
NCOLS	167
NROWS	405
XLLCORNER	671250
YLLCORNER	157400
CELLSIZE	25
NODATA_value	-9999
[rows 320 to 335 of 405, columns 74 to 110 of 167]
2347.80000000000018189894 2355.09999999999990905053 2365.50000000000000000000 2382.09999999999990905053 2396.40000000000009094947 2424.19999999999981810106 2444.59999999999990905053 2468.59999999999990905053 2489.69999999999981810106 2511.09999999999990905053 2530.00000000000000000000 2548.90000000000009094947 2564.00000000000000000000 2578.80000000000018189894 2607.09999999999990905053 2621.19999999999981810106 2634.80000000000018189894 2648.50000000000000000000 2662.00000000000000000000 2680.59999999999990905053 2695.80000000000018189894 2717.50000000000000000000 2730.69999999999981810106 2745.30000000000018189894 2761.69999999999981810106 2782.09999999999990905053 2798.59999999999990905053 2824.80000000000018189894 2806.00000000000000000000 2772.50000000000000000000 2772.19999999999981810106 2776.09999999999990905053 2781.59999999999990905053 2786.50000000000000000000 2790.19999999999981810106 2795.19999999999981810106 2801.30000000000018189894
2350.00000000000000000000 2358.80000000000018189894 2372.59999999999990905053 2388.69999999999981810106 2405.09999999999990905053 2423.90000000000009094947 2446.30000000000018189894 2470.90000000000009094947 2492.19999999999981810106 2512.80000000000018189894 2533.69999999999981810106 2548.50000000000000000000 2567.09999999999990905053 2585.19999999999981810106 2608.19999999999981810106 2623.90000000000009094947 2639.50000000000000000000 2655.30000000000018189894 2669.90000000000009094947 2684.19999999999981810106 2700.00000000000000000000 2720.40000000000009094947 2736.90000000000009094947 2752.30000000000018189894 2767.90000000000009094947 2784.50000000000000000000 2800.69999999999981810106 2801.30000000000018189894 2758.50000000000000000000 2756.09999999999990905053 2759.19999999999981810106 2763.50000000000000000000 2770.09999999999990905053 2773.90000000000009094947 2777.00000000000000000000 2783.00000000000000000000 2790.59999999999990905053
2353.50000000000000000000 2365.59999999999990905053 2379.09999999999990905053 2393.90000000000009094947 2416.50000000000000000000 2432.59999999999990905053 2450.19999999999981810106 2474.50000000000000000000 2495.40000000000009094947 2516.80000000000018189894 2538.69999999999981810106 2554.59999999999990905053 2568.90000000000009094947 2584.19999999999981810106 2608.90000000000009094947 2624.80000000000018189894 2640.59999999999990905053 2656.40000000000009094947 2672.19999999999981810106 2687.90000000000009094947 2704.00000000000000000000 2720.80000000000018189894 2735.69999999999981810106 2752.69999999999981810106 2772.00000000000000000000 2783.30000000000018189894 2755.09999999999990905053 2742.30000000000018189894 2739.80000000000018189894 2740.40000000000009094947 2745.00000000000000000000 2752.50000000000000000000 2760.69999999999981810106 2762.59999999999990905053 2765.59999999999990905053 2772.00000000000000000000 2781.30000000000018189894
2360.19999999999981810106 2373.69999999999981810106 2386.80000000000018189894 2400.59999999999990905053 2426.19999999999981810106 2441.80000000000018189894 2458.30000000000018189894 2479.69999999999981810106 2499.30000000000018189894 2520.09999999999990905053 2536.69999999999981810106 2556.50000000000000000000 2569.69999999999981810106 2582.90000000000009094947 2609.59999999999990905053 2625.59999999999990905053 2641.59999999999990905053 2657.69999999999981810106 2673.69999999999981810106 2689.90000000000009094947 2707.19999999999981810106 2721.90000000000009094947 2736.09999999999990905053 2758.19999999999981810106 2767.00000000000000000000 2750.00000000000000000000 2734.30000000000018189894 2726.09999999999990905053 2726.50000000000000000000 2730.19999999999981810106 2735.30000000000018189894 2745.19999999999981810106 2752.80000000000018189894 2752.50000000000000000000 2755.69999999999981810106 2760.59999999999990905053 2770.09999999999990905053
2366.80000000000018189894 2382.09999999999990905053 2394.19999999999981810106 2414.30000000000018189894 2434.19999999999981810106 2449.59999999999990905053 2467.59999999999990905053 2486.30000000000018189894 2504.00000000000000000000 2522.09999999999990905053 2537.09999999999990905053 2557.00000000000000000000 2570.40000000000009094947 2586.40000000000009094947 2611.40000000000009094947 2627.80000000000018189894 2643.80000000000018189894 2659.80000000000018189894 2675.80000000000018189894 2692.90000000000009094947 2708.50000000000000000000 2723.30000000000018189894 2738.59999999999990905053 2753.30000000000018189894 2748.69999999999981810106 2726.90000000000009094947 2717.69999999999981810106 2712.09999999999990905053 2717.40000000000009094947 2722.80000000000018189894 2731.50000000000000000000 2739.90000000000009094947 2743.30000000000018189894 2742.50000000000000000000 2746.19999999999981810106 2750.00000000000000000000 2760.30000000000018189894
2376.00000000000000000000 2388.80000000000018189894 2401.30000000000018189894 2425.09999999999990905053 2441.30000000000018189894 2456.40000000000009094947 2474.59999999999990905053 2493.19999999999981810106 2509.80000000000018189894 2525.69999999999981810106 2541.50000000000000000000 2559.19999999999981810106 2575.40000000000009094947 2597.40000000000009094947 2614.30000000000018189894 2630.09999999999990905053 2645.90000000000009094947 2662.00000000000000000000 2678.69999999999981810106 2695.00000000000000000000 2710.59999999999990905053 2724.90000000000009094947 2738.09999999999990905053 2736.90000000000009094947 2727.69999999999981810106 2708.80000000000018189894 2702.40000000000009094947 2701.30000000000018189894 2708.40000000000009094947 2715.90000000000009094947 2722.50000000000000000000 2728.80000000000018189894 2729.90000000000009094947 2730.69999999999981810106 2734.59999999999990905053 2739.40000000000009094947 2747.30000000000018189894
2384.50000000000000000000 2396.80000000000018189894 2417.90000000000009094947 2434.59999999999990905053 2450.50000000000000000000 2466.59999999999990905053 2481.80000000000018189894 2500.50000000000000000000 2516.59999999999990905053 2532.19999999999981810106 2547.90000000000009094947 2564.59999999999990905053 2580.69999999999981810106 2603.30000000000018189894 2620.00000000000000000000 2633.40000000000009094947 2648.80000000000018189894 2664.00000000000000000000 2680.00000000000000000000 2696.50000000000000000000 2711.69999999999981810106 2724.40000000000009094947 2728.50000000000000000000 2721.40000000000009094947 2706.59999999999990905053 2693.50000000000000000000 2687.69999999999981810106 2692.40000000000009094947 2698.69999999999981810106 2702.69999999999981810106 2709.50000000000000000000 2713.80000000000018189894 2714.00000000000000000000 2718.50000000000000000000 2722.40000000000009094947 2727.50000000000000000000 2732.00000000000000000000
2393.59999999999990905053 2409.69999999999981810106 2428.69999999999981810106 2443.80000000000018189894 2458.59999999999990905053 2474.19999999999981810106 2491.59999999999990905053 2507.69999999999981810106 2523.19999999999981810106 2538.40000000000009094947 2554.69999999999981810106 2574.19999999999981810106 2588.59999999999990905053 2607.19999999999981810106 2623.30000000000018189894 2635.40000000000009094947 2650.40000000000009094947 2666.00000000000000000000 2682.69999999999981810106 2696.80000000000018189894 2708.90000000000009094947 2707.30000000000018189894 2720.30000000000018189894 2704.80000000000018189894 2687.40000000000009094947 2677.00000000000000000000 2674.30000000000018189894 2681.40000000000009094947 2685.40000000000009094947 2690.00000000000000000000 2694.90000000000009094947 2696.69999999999981810106 2697.80000000000018189894 2703.50000000000000000000 2708.80000000000018189894 2711.50000000000000000000 2717.19999999999981810106
2406.69999999999981810106 2424.09999999999990905053 2440.50000000000000000000 2456.69999999999981810106 2472.00000000000000000000 2486.69999999999981810106 2499.69999999999981810106 2514.59999999999990905053 2532.80000000000018189894 2548.19999999999981810106 2564.59999999999990905053 2582.09999999999990905053 2595.90000000000009094947 2610.19999999999981810106 2625.00000000000000000000 2640.00000000000000000000 2656.40000000000009094947 2669.90000000000009094947 2680.80000000000018189894 2687.69999999999981810106 2695.50000000000000000000 2688.59999999999990905053 2685.50000000000000000000 2681.19999999999981810106 2671.90000000000009094947 2663.80000000000018189894 2665.00000000000000000000 2669.30000000000018189894 2673.00000000000000000000 2676.09999999999990905053 2682.30000000000018189894 2683.00000000000000000000 2682.09999999999990905053 2687.09999999999990905053 2691.80000000000018189894 2695.30000000000018189894 2701.30000000000018189894
2426.09999999999990905053 2436.59999999999990905053 2452.80000000000018189894 2465.59999999999990905053 2482.90000000000009094947 2495.09999999999990905053 2508.80000000000018189894 2526.00000000000000000000 2540.90000000000009094947 2557.40000000000009094947 2571.59999999999990905053 2585.09999999999990905053 2600.90000000000009094947 2616.90000000000009094947 2631.90000000000009094947 2645.90000000000009094947 2656.40000000000009094947 2662.19999999999981810106 2667.30000000000018189894 2667.09999999999990905053 2667.59999999999990905053 2665.09999999999990905053 2658.59999999999990905053 2650.69999999999981810106 2648.09999999999990905053 2648.59999999999990905053 2653.30000000000018189894 2657.30000000000018189894 2660.30000000000018189894 2661.19999999999981810106 2666.59999999999990905053 2668.69999999999981810106 2664.59999999999990905053 2664.19999999999981810106 2668.19999999999981810106 2676.80000000000018189894 2685.40000000000009094947
2440.00000000000000000000 2451.69999999999981810106 2465.40000000000009094947 2479.59999999999990905053 2491.59999999999990905053 2505.09999999999990905053 2519.50000000000000000000 2534.50000000000000000000 2548.30000000000018189894 2561.40000000000009094947 2576.19999999999981810106 2590.69999999999981810106 2604.80000000000018189894 2618.09999999999990905053 2629.19999999999981810106 2632.19999999999981810106 2637.19999999999981810106 2643.19999999999981810106 2644.09999999999990905053 2642.80000000000018189894 2641.50000000000000000000 2644.19999999999981810106 2633.90000000000009094947 2623.59999999999990905053 2627.00000000000000000000 2635.59999999999990905053 2642.00000000000000000000 2644.80000000000018189894 2645.30000000000018189894 2647.30000000000018189894 2648.09999999999990905053 2648.30000000000018189894 2646.80000000000018189894 2646.80000000000018189894 2653.59999999999990905053 2664.30000000000018189894 2671.40000000000009094947
2455.19999999999981810106 2467.40000000000009094947 2477.69999999999981810106 2490.00000000000000000000 2502.40000000000009094947 2516.50000000000000000000 2529.00000000000000000000 2542.09999999999990905053 2555.40000000000009094947 2566.19999999999981810106 2579.30000000000018189894 2591.80000000000018189894 2601.09999999999990905053 2610.50000000000000000000 2613.69999999999981810106 2621.30000000000018189894 2617.19999999999981810106 2625.09999999999990905053 2624.30000000000018189894 2618.59999999999990905053 2615.00000000000000000000 2612.80000000000018189894 2605.80000000000018189894 2607.40000000000009094947 2610.40000000000009094947 2617.19999999999981810106 2623.40000000000009094947 2627.30000000000018189894 2626.69999999999981810106 2624.80000000000018189894 2620.69999999999981810106 2627.30000000000018189894 2630.50000000000000000000 2635.59999999999990905053 2641.50000000000000000000 2648.50000000000000000000 2654.50000000000000000000
2464.30000000000018189894 2477.40000000000009094947 2490.40000000000009094947 2502.19999999999981810106 2515.19999999999981810106 2524.90000000000009094947 2537.00000000000000000000 2549.50000000000000000000 2561.50000000000000000000 2569.80000000000018189894 2577.40000000000009094947 2580.59999999999990905053 2588.90000000000009094947 2591.80000000000018189894 2593.69999999999981810106 2596.40000000000009094947 2600.19999999999981810106 2601.00000000000000000000 2601.80000000000018189894 2595.40000000000009094947 2591.19999999999981810106 2588.40000000000009094947 2587.59999999999990905053 2592.59999999999990905053 2595.30000000000018189894 2602.69999999999981810106 2604.80000000000018189894 2599.09999999999990905053 2597.50000000000000000000 2605.90000000000009094947 2607.09999999999990905053 2615.40000000000009094947 2619.09999999999990905053 2622.09999999999990905053 2625.00000000000000000000 2628.40000000000009094947 2634.00000000000000000000
2474.80000000000018189894 2487.80000000000018189894 2502.09999999999990905053 2513.30000000000018189894 2523.50000000000000000000 2532.40000000000009094947 2542.59999999999990905053 2554.80000000000018189894 2561.80000000000018189894 2563.80000000000018189894 2563.69999999999981810106 2568.19999999999981810106 2573.80000000000018189894 2576.00000000000000000000 2577.09999999999990905053 2579.30000000000018189894 2580.50000000000000000000 2581.09999999999990905053 2578.30000000000018189894 2574.30000000000018189894 2571.30000000000018189894 2569.80000000000018189894 2571.19999999999981810106 2577.09999999999990905053 2578.09999999999990905053 2579.40000000000009094947 2583.69999999999981810106 2584.59999999999990905053 2586.30000000000018189894 2591.00000000000000000000 2595.09999999999990905053 2603.19999999999981810106 2607.09999999999990905053 2606.50000000000000000000 2607.09999999999990905053 2610.80000000000018189894 2617.50000000000000000000
2487.30000000000018189894 2499.19999999999981810106 2511.30000000000018189894 2521.69999999999981810106 2530.69999999999981810106 2540.40000000000009094947 2546.30000000000018189894 2546.69999999999981810106 2551.19999999999981810106 2552.19999999999981810106 2550.30000000000018189894 2552.90000000000009094947 2555.80000000000018189894 2559.59999999999990905053 2561.80000000000018189894 2559.19999999999981810106 2561.19999999999981810106 2560.69999999999981810106 2559.90000000000009094947 2558.50000000000000000000 2557.19999999999981810106 2557.19999999999981810106 2557.90000000000009094947 2561.00000000000000000000 2563.19999999999981810106 2565.59999999999990905053 2569.69999999999981810106 2574.50000000000000000000 2576.40000000000009094947 2581.09999999999990905053 2588.09999999999990905053 2592.19999999999981810106 2594.90000000000009094947 2594.30000000000018189894 2594.80000000000018189894 2601.09999999999990905053 2610.50000000000000000000
2498.59999999999990905053 2511.40000000000009094947 2521.30000000000018189894 2527.19999999999981810106 2528.69999999999981810106 2530.90000000000009094947 2536.59999999999990905053 2538.09999999999990905053 2535.30000000000018189894 2535.69999999999981810106 2531.80000000000018189894 2533.50000000000000000000 2538.59999999999990905053 2543.69999999999981810106 2542.19999999999981810106 2540.59999999999990905053 2542.40000000000009094947 2545.19999999999981810106 2548.00000000000000000000 2546.40000000000009094947 2544.69999999999981810106 2543.80000000000018189894 2548.69999999999981810106 2547.09999999999990905053 2548.59999999999990905053 2551.30000000000018189894 2558.00000000000000000000 2564.50000000000000000000 2568.09999999999990905053 2573.00000000000000000000 2576.30000000000018189894 2579.40000000000009094947 2583.59999999999990905053 2584.50000000000000000000 2587.69999999999981810106 2594.69999999999981810106 2604.90000000000009094947
