data/rhone/surface-1991.grid
NCOLS	167
NROWS	405
XLLCORNER	671250
YLLCORNER	157400
CELLSIZE	25
NODATA_value	-9999
[rows 64 to 79 of 405, columns 74 to 110 of 167]
3053.46000000000003637979 3063.40999999999985448085 3075.98999999999978172127 3086.53000000000020008883 3093.55000000000018189894 3097.21999999999979991117 3100.03999999999996362021 3102.53000000000020008883 3103.05000000000018189894 3103.53999999999996362021 3104.82999999999992724042 3106.57000000000016370905 3107.34000000000014551915 3109.88999999999987267074 3111.48999999999978172127 3114.63000000000010913936 3117.98999999999978172127 3121.59000000000014551915 3124.92999999999983629095 3127.90999999999985448085 3130.65999999999985448085 3133.21999999999979991117 3136.42000000000007275958 3141.26999999999998181011 3146.28000000000020008883 3152.82999999999992724042 3159.92000000000007275958 3164.48999999999978172127 3168.71000000000003637979 3173.11000000000012732926 3175.53999999999996362021 3178.01999999999998181011 3178.86999999999989086064 3180.90999999999985448085 3183.42999999999983629095 3185.07999999999992724042 3186.23000000000001818989
3052.57999999999992724042 3059.42000000000007275958 3070.21999999999979991117 3081.84999999999990905053 3088.71999999999979991117 3092.92000000000007275958 3095.48000000000001818989 3098.53000000000020008883 3099.88999999999987267074 3099.34999999999990905053 3100.03999999999996362021 3100.75000000000000000000 3101.92000000000007275958 3104.03999999999996362021 3107.05000000000018189894 3110.30000000000018189894 3113.98000000000001818989 3117.61999999999989086064 3121.15999999999985448085 3123.48999999999978172127 3126.13000000000010913936 3129.03000000000020008883 3133.09999999999990905053 3139.03000000000020008883 3144.98000000000001818989 3151.07999999999992724042 3158.19999999999981810106 3163.07999999999992724042 3167.65000000000009094947 3171.36999999999989086064 3173.96999999999979991117 3175.48999999999978172127 3175.65000000000009094947 3177.67000000000007275958 3179.96999999999979991117 3182.03000000000020008883 3184.13999999999987267074
3047.59999999999990905053 3054.42999999999983629095 3065.59000000000014551915 3076.26000000000021827873 3083.82999999999992724042 3089.75000000000000000000 3090.50000000000000000000 3093.13999999999987267074 3094.92999999999983629095 3094.80999999999994543032 3095.63000000000010913936 3096.69000000000005456968 3098.34000000000014551915 3100.23999999999978172127 3103.11999999999989086064 3107.80000000000018189894 3110.86000000000012732926 3114.26999999999998181011 3117.21000000000003637979 3119.76000000000021827873 3121.67999999999983629095 3124.84000000000014551915 3130.07999999999992724042 3138.11999999999989086064 3143.90000000000009094947 3150.48999999999978172127 3156.90000000000009094947 3162.19999999999981810106 3166.34999999999990905053 3168.88000000000010913936 3171.00000000000000000000 3172.86000000000012732926 3172.59999999999990905053 3174.36999999999989086064 3175.69999999999981810106 3179.03000000000020008883 3181.98000000000001818989
3041.57999999999992724042 3050.71999999999979991117 3061.59999999999990905053 3072.00000000000000000000 3079.63000000000010913936 3084.17000000000007275958 3086.05999999999994543032 3089.59999999999990905053 3090.03999999999996362021 3090.98999999999978172127 3091.57000000000016370905 3091.84999999999990905053 3094.55999999999994543032 3097.15000000000009094947 3100.61000000000012732926 3104.42000000000007275958 3106.96000000000003637979 3108.94999999999981810106 3112.17999999999983629095 3115.46000000000003637979 3118.98000000000001818989 3123.40999999999985448085 3129.92999999999983629095 3136.38999999999987267074 3142.63999999999987267074 3150.51999999999998181011 3156.19000000000005456968 3160.53999999999996362021 3162.88000000000010913936 3166.98999999999978172127 3169.26000000000021827873 3168.21999999999979991117 3169.71000000000003637979 3171.15000000000009094947 3173.59999999999990905053 3176.21999999999979991117 3180.03000000000020008883
3038.82000000000016370905 3047.42999999999983629095 3057.17999999999983629095 3067.75000000000000000000 3074.69000000000005456968 3079.67000000000007275958 3082.84999999999990905053 3085.69999999999981810106 3086.19000000000005456968 3087.17000000000007275958 3086.73000000000001818989 3087.84000000000014551915 3090.01000000000021827873 3094.17000000000007275958 3097.82000000000016370905 3100.38999999999987267074 3102.96000000000003637979 3105.28000000000020008883 3107.86999999999989086064 3110.80000000000018189894 3115.55999999999994543032 3120.61000000000012732926 3126.23999999999978172127 3135.46000000000003637979 3142.32000000000016370905 3149.94000000000005456968 3154.44000000000005456968 3159.07000000000016370905 3159.15999999999985448085 3164.26999999999998181011 3167.92000000000007275958 3166.32999999999992724042 3166.71000000000003637979 3168.80999999999994543032 3171.63999999999987267074 3174.82999999999992724042 3178.40000000000009094947
3036.90999999999985448085 3043.32000000000016370905 3054.80000000000018189894 3063.88999999999987267074 3071.13999999999987267074 3073.84999999999990905053 3075.15999999999985448085 3079.90999999999985448085 3080.96999999999979991117 3081.86000000000012732926 3082.55999999999994543032 3084.57000000000016370905 3086.71999999999979991117 3091.51000000000021827873 3094.17000000000007275958 3097.01999999999998181011 3099.25000000000000000000 3102.78000000000020008883 3105.09999999999990905053 3107.78999999999996362021 3110.94000000000005456968 3117.63999999999987267074 3123.57000000000016370905 3134.90000000000009094947 3142.17000000000007275958 3149.67999999999983629095 3153.90999999999985448085 3156.13999999999987267074 3159.96999999999979991117 3161.44000000000005456968 3163.30999999999994543032 3163.03999999999996362021 3164.61999999999989086064 3167.15999999999985448085 3170.57000000000016370905 3173.51999999999998181011 3176.44999999999981810106
3032.51999999999998181011 3037.88000000000010913936 3049.42000000000007275958 3060.55999999999994543032 3066.11000000000012732926 3069.88000000000010913936 3071.38000000000010913936 3076.09999999999990905053 3076.17000000000007275958 3078.42000000000007275958 3078.94999999999981810106 3080.73999999999978172127 3084.92999999999983629095 3087.82999999999992724042 3090.63000000000010913936 3093.21000000000003637979 3095.88999999999987267074 3099.51000000000021827873 3101.90999999999985448085 3104.46999999999979991117 3111.13000000000010913936 3117.65000000000009094947 3124.21000000000003637979 3132.17999999999983629095 3139.15999999999985448085 3148.32999999999992724042 3153.98999999999978172127 3153.50000000000000000000 3158.48999999999978172127 3159.28999999999996362021 3159.59000000000014551915 3160.76000000000021827873 3163.00000000000000000000 3165.32999999999992724042 3168.61000000000012732926 3171.32999999999992724042 3174.53999999999996362021
3027.88000000000010913936 3032.98999999999978172127 3043.57999999999992724042 3056.23999999999978172127 3061.55999999999994543032 3066.50000000000000000000 3069.57000000000016370905 3072.03999999999996362021 3073.15999999999985448085 3074.36999999999989086064 3075.11000000000012732926 3077.61999999999989086064 3080.48999999999978172127 3083.80000000000018189894 3085.96999999999979991117 3088.90999999999985448085 3091.90000000000009094947 3094.19999999999981810106 3097.11999999999989086064 3102.17000000000007275958 3106.48000000000001818989 3113.84999999999990905053 3122.44999999999981810106 3130.40000000000009094947 3138.46000000000003637979 3146.19000000000005456968 3150.51000000000021827873 3151.98000000000001818989 3153.98000000000001818989 3155.92999999999983629095 3156.44999999999981810106 3158.09000000000014551915 3161.07000000000016370905 3163.53999999999996362021 3165.96999999999979991117 3168.19000000000005456968 3171.61000000000012732926
3024.71999999999979991117 3030.01999999999998181011 3037.34999999999990905053 3051.09999999999990905053 3056.63000000000010913936 3061.48999999999978172127 3064.82000000000016370905 3066.05000000000018189894 3068.36999999999989086064 3070.17000000000007275958 3071.63000000000010913936 3074.25000000000000000000 3076.61000000000012732926 3079.23000000000001818989 3081.59999999999990905053 3084.84000000000014551915 3088.28000000000020008883 3089.57999999999992724042 3094.21000000000003637979 3100.51000000000021827873 3105.78000000000020008883 3113.44999999999981810106 3122.73000000000001818989 3125.92999999999983629095 3133.71999999999979991117 3142.15999999999985448085 3148.90000000000009094947 3151.21999999999979991117 3152.92999999999983629095 3153.46000000000003637979 3154.36999999999989086064 3157.76999999999998181011 3159.80999999999994543032 3161.84999999999990905053 3163.65999999999985448085 3165.44999999999981810106 3167.69000000000005456968
3020.50000000000000000000 3026.73000000000001818989 3033.32000000000016370905 3040.34000000000014551915 3050.71999999999979991117 3054.73000000000001818989 3058.71999999999979991117 3060.55000000000018189894 3064.03000000000020008883 3065.90999999999985448085 3066.88000000000010913936 3069.71999999999979991117 3072.42999999999983629095 3074.51000000000021827873 3076.92999999999983629095 3080.42000000000007275958 3083.67000000000007275958 3086.78000000000020008883 3091.34999999999990905053 3099.01999999999998181011 3105.76999999999998181011 3112.07000000000016370905 3122.32000000000016370905 3127.36999999999989086064 3132.19000000000005456968 3139.21000000000003637979 3145.25000000000000000000 3148.01999999999998181011 3150.42000000000007275958 3151.25000000000000000000 3153.11000000000012732926 3155.92999999999983629095 3157.96000000000003637979 3159.73000000000001818989 3161.32000000000016370905 3163.07000000000016370905 3165.09000000000014551915
3015.50000000000000000000 3020.32999999999992724042 3027.13999999999987267074 3033.34999999999990905053 3042.53000000000020008883 3049.25000000000000000000 3053.09999999999990905053 3056.09000000000014551915 3058.98999999999978172127 3060.98000000000001818989 3062.48000000000001818989 3064.59000000000014551915 3066.82999999999992724042 3068.92999999999983629095 3071.82999999999992724042 3075.30999999999994543032 3077.76000000000021827873 3081.05000000000018189894 3088.17999999999983629095 3097.71999999999979991117 3104.32999999999992724042 3112.50000000000000000000 3121.71999999999979991117 3127.69999999999981810106 3128.46999999999979991117 3135.07999999999992724042 3138.84999999999990905053 3144.23999999999978172127 3147.17999999999983629095 3149.94999999999981810106 3151.86000000000012732926 3154.05999999999994543032 3156.19999999999981810106 3157.92999999999983629095 3159.21999999999979991117 3161.03999999999996362021 3163.21999999999979991117
3012.94999999999981810106 3015.78999999999996362021 3020.76999999999998181011 3025.51000000000021827873 3033.96000000000003637979 3041.55000000000018189894 3045.53000000000020008883 3049.46999999999979991117 3052.69000000000005456968 3055.53999999999996362021 3057.19000000000005456968 3058.75000000000000000000 3060.05000000000018189894 3062.65000000000009094947 3065.15000000000009094947 3069.50000000000000000000 3073.96000000000003637979 3078.32999999999992724042 3086.42000000000007275958 3097.05000000000018189894 3095.36999999999989086064 3102.73999999999978172127 3121.36999999999989086064 3127.15000000000009094947 3125.51000000000021827873 3127.40000000000009094947 3136.11000000000012732926 3141.88000000000010913936 3144.63999999999987267074 3147.71000000000003637979 3150.05999999999994543032 3151.84000000000014551915 3153.98000000000001818989 3156.01000000000021827873 3157.05000000000018189894 3158.44000000000005456968 3161.63999999999987267074
3008.94000000000005456968 3011.32999999999992724042 3015.07000000000016370905 3019.26999999999998181011 3025.96000000000003637979 3033.32999999999992724042 3037.86999999999989086064 3042.36000000000012732926 3045.42999999999983629095 3048.69999999999981810106 3050.98999999999978172127 3052.50000000000000000000 3053.76000000000021827873 3055.94000000000005456968 3061.82000000000016370905 3066.15000000000009094947 3071.80000000000018189894 3077.11000000000012732926 3086.46000000000003637979 3097.48999999999978172127 3103.05000000000018189894 3097.92999999999983629095 3114.78999999999996362021 3124.90000000000009094947 3126.46999999999979991117 3125.44000000000005456968 3131.57999999999992724042 3138.84000000000014551915 3143.05000000000018189894 3147.57999999999992724042 3148.88999999999987267074 3149.46999999999979991117 3151.21999999999979991117 3152.28000000000020008883 3154.86999999999989086064 3157.51000000000021827873 3161.63000000000010913936
3005.38999999999987267074 3006.90999999999985448085 3009.86000000000012732926 3013.65000000000009094947 3017.55999999999994543032 3022.59999999999990905053 3030.92999999999983629095 3035.51000000000021827873 3039.46999999999979991117 3043.09000000000014551915 3042.94000000000005456968 3044.96999999999979991117 3048.03000000000020008883 3051.26000000000021827873 3057.17000000000007275958 3064.07999999999992724042 3070.88999999999987267074 3076.15000000000009094947 3085.69000000000005456968 3096.88999999999987267074 3103.38999999999987267074 3100.05000000000018189894 3114.48999999999978172127 3122.75000000000000000000 3127.09999999999990905053 3129.53999999999996362021 3130.32000000000016370905 3133.07999999999992724042 3141.09999999999990905053 3145.98000000000001818989 3147.40000000000009094947 3147.82000000000016370905 3149.92000000000007275958 3150.73999999999978172127 3152.96000000000003637979 3156.82999999999992724042 3161.63999999999987267074
3003.00000000000000000000 3003.05999999999994543032 3005.44999999999981810106 3007.11999999999989086064 3011.86999999999989086064 3017.17999999999983629095 3023.03999999999996362021 3028.71999999999979991117 3032.19999999999981810106 3033.82000000000016370905 3036.36999999999989086064 3038.90999999999985448085 3041.88000000000010913936 3045.65999999999985448085 3054.09999999999990905053 3062.67000000000007275958 3069.36000000000012732926 3076.01000000000021827873 3084.67000000000007275958 3096.01999999999998181011 3103.92999999999983629095 3102.51000000000021827873 3105.88000000000010913936 3118.07000000000016370905 3124.32000000000016370905 3127.80999999999994543032 3129.63000000000010913936 3131.36000000000012732926 3137.05000000000018189894 3142.15000000000009094947 3145.28999999999996362021 3146.63000000000010913936 3148.03999999999996362021 3149.28999999999996362021 3152.63000000000010913936 3155.82999999999992724042 3161.67000000000007275958
2999.59000000000014551915 2999.69000000000005456968 3001.67000000000007275958 3003.01999999999998181011 3005.94000000000005456968 3013.07999999999992724042 3015.67000000000007275958 3020.26999999999998181011 3023.82999999999992724042 3026.76000000000021827873 3029.84000000000014551915 3031.55999999999994543032 3035.38000000000010913936 3041.38999999999987267074 3050.28000000000020008883 3060.21999999999979991117 3068.61000000000012732926 3076.17000000000007275958 3084.57000000000016370905 3094.42999999999983629095 3102.01999999999998181011 3103.11999999999989086064 3104.55000000000018189894 3113.71999999999979991117 3120.86000000000012732926 3125.17999999999983629095 3127.57000000000016370905 3130.13000000000010913936 3135.07000000000016370905 3140.30000000000018189894 3142.59999999999990905053 3145.09000000000014551915 3146.67999999999983629095 3149.07000000000016370905 3152.44000000000005456968 3156.11999999999989086064 3161.78000000000020008883
