data/rhone/surface-1929.grid
NCOLS	167
NROWS	405
XLLCORNER	671250
YLLCORNER	157400
CELLSIZE	25
NODATA_value	-9999
[rows 192 to 207 of 405, columns 111 to 147 of 167]
2878.34000000000014551915 2886.76999999999998181011 2897.05000000000018189894 2912.96000000000003637979 2930.46999999999979991117 2947.94999999999981810106 2964.75000000000000000000 2981.38000000000010913936 2994.65000000000009094947 3004.46999999999979991117 3014.78000000000020008883 3025.84000000000014551915 3036.92000000000007275958 3045.69999999999981810106 3078.90000000000009094947 3113.90000000000009094947 3143.69999999999981810106 3193.00000000000000000000 3219.90000000000009094947 3235.00000000000000000000 3255.19999999999981810106 3274.80000000000018189894 3291.19999999999981810106 3297.59999999999990905053 3299.50000000000000000000 3313.90000000000009094947 3348.50000000000000000000 3383.59999999999990905053 3411.09999999999990905053 3426.59999999999990905053 3440.50000000000000000000 3455.19999999999981810106 3472.50000000000000000000 3494.80000000000018189894 3515.30000000000018189894 3536.40000000000009094947 3556.19999999999981810106
2886.23999999999978172127 2895.13999999999987267074 2907.09999999999990905053 2925.09000000000014551915 2944.21999999999979991117 2961.03000000000020008883 2975.26999999999998181011 2989.34999999999990905053 3003.21000000000003637979 3013.92000000000007275958 3023.34000000000014551915 3033.50000000000000000000 3043.01999999999998181011 3047.30999999999994543032 3071.69999999999981810106 3108.90000000000009094947 3145.00000000000000000000 3179.30000000000018189894 3202.30000000000018189894 3218.30000000000018189894 3243.09999999999990905053 3256.09999999999990905053 3265.09999999999990905053 3272.80000000000018189894 3284.30000000000018189894 3312.40000000000009094947 3346.59999999999990905053 3377.80000000000018189894 3395.00000000000000000000 3407.40000000000009094947 3421.09999999999990905053 3438.09999999999990905053 3455.80000000000018189894 3478.50000000000000000000 3500.59999999999990905053 3522.50000000000000000000 3546.09999999999990905053
2899.42999999999983629095 2908.00000000000000000000 2921.98000000000001818989 2937.32000000000016370905 2955.57000000000016370905 2972.61000000000012732926 2986.05000000000018189894 2996.96000000000003637979 3010.69000000000005456968 3020.94999999999981810106 3030.53999999999996362021 3042.82999999999992724042 3051.76000000000021827873 3062.21000000000003637979 3066.36999999999989086064 3092.90000000000009094947 3125.40000000000009094947 3159.09999999999990905053 3182.09999999999990905053 3211.59999999999990905053 3217.40000000000009094947 3227.09999999999990905053 3237.90000000000009094947 3260.19999999999981810106 3283.90000000000009094947 3308.19999999999981810106 3347.69999999999981810106 3370.69999999999981810106 3381.90000000000009094947 3394.59999999999990905053 3408.30000000000018189894 3423.69999999999981810106 3443.00000000000000000000 3463.80000000000018189894 3484.30000000000018189894 3506.09999999999990905053 3528.80000000000018189894
2913.42999999999983629095 2922.03000000000020008883 2934.53000000000020008883 2949.21000000000003637979 2964.38000000000010913936 2978.92999999999983629095 2992.57000000000016370905 3005.15999999999985448085 3016.48000000000001818989 3024.44000000000005456968 3036.15999999999985448085 3050.13999999999987267074 3060.63000000000010913936 3070.46999999999979991117 3081.88999999999987267074 3086.80000000000018189894 3116.69999999999981810106 3140.09999999999990905053 3177.19999999999981810106 3184.90000000000009094947 3194.40000000000009094947 3210.30000000000018189894 3233.19999999999981810106 3259.90000000000009094947 3286.09999999999990905053 3306.50000000000000000000 3337.90000000000009094947 3360.50000000000000000000 3373.80000000000018189894 3386.50000000000000000000 3398.19999999999981810106 3412.19999999999981810106 3429.59999999999990905053 3449.59999999999990905053 3471.50000000000000000000 3492.90000000000009094947 3514.09999999999990905053
2922.51000000000021827873 2933.11000000000012732926 2945.13999999999987267074 2959.73999999999978172127 2973.76000000000021827873 2986.98000000000001818989 2999.30000000000018189894 3011.92000000000007275958 3022.23999999999978172127 3031.51999999999998181011 3044.00000000000000000000 3057.75000000000000000000 3069.51999999999998181011 3079.75000000000000000000 3092.25000000000000000000 3104.86000000000012732926 3109.17999999999983629095 3135.30000000000018189894 3154.15000000000009094947 3171.59000000000014551915 3187.59999999999990905053 3203.50000000000000000000 3228.00000000000000000000 3252.59999999999990905053 3277.80000000000018189894 3305.69999999999981810106 3342.50000000000000000000 3356.30000000000018189894 3367.00000000000000000000 3376.50000000000000000000 3389.69999999999981810106 3403.90000000000009094947 3419.59999999999990905053 3437.90000000000009094947 3463.50000000000000000000 3487.30000000000018189894 3501.40000000000009094947
2933.73999999999978172127 2942.09000000000014551915 2954.84000000000014551915 2970.01000000000021827873 2982.15999999999985448085 2994.84999999999990905053 3007.05999999999994543032 3019.34999999999990905053 3028.40000000000009094947 3038.46999999999979991117 3052.32999999999992724042 3065.98000000000001818989 3078.59000000000014551915 3087.76000000000021827873 3100.46000000000003637979 3111.84000000000014551915 3128.16229999999995925464 3136.36000000000012732926 3153.90000000000009094947 3170.50000000000000000000 3186.00000000000000000000 3202.80000000000018189894 3227.09999999999990905053 3252.30000000000018189894 3281.19999999999981810106 3312.19999999999981810106 3340.59999999999990905053 3350.09999999999990905053 3359.30000000000018189894 3370.30000000000018189894 3383.59999999999990905053 3400.19999999999981810106 3417.90000000000009094947 3437.40000000000009094947 3463.30000000000018189894 3480.80000000000018189894 3490.69999999999981810106
2942.23999999999978172127 2949.76999999999998181011 2962.36999999999989086064 2979.42999999999983629095 2990.88999999999987267074 3001.86000000000012732926 3014.55000000000018189894 3025.32000000000016370905 3036.86000000000012732926 3047.82999999999992724042 3061.57999999999992724042 3075.23000000000001818989 3087.21999999999979991117 3095.61999999999989086064 3105.51000000000021827873 3115.96999999999979991117 3134.02700000000004365575 3141.09999999999990905053 3160.40000000000009094947 3177.50000000000000000000 3194.30000000000018189894 3212.00000000000000000000 3232.59999999999990905053 3254.59999999999990905053 3277.30000000000018189894 3303.09999999999990905053 3327.00000000000000000000 3341.50000000000000000000 3351.19999999999981810106 3365.59999999999990905053 3383.69999999999981810106 3402.69999999999981810106 3420.50000000000000000000 3442.30000000000018189894 3464.19999999999981810106 3471.09999999999990905053 3477.00000000000000000000
2950.98999999999978172127 2960.82999999999992724042 2976.00000000000000000000 2987.88999999999987267074 2998.32999999999992724042 3007.80000000000018189894 3021.23999999999978172127 3031.63000000000010913936 3044.26999999999998181011 3055.11000000000012732926 3068.65999999999985448085 3083.28999999999996362021 3092.53000000000020008883 3100.53999999999996362021 3109.51000000000021827873 3121.98100000000022191671 3137.09999999999990905053 3154.40000000000009094947 3171.40000000000009094947 3189.19999999999981810106 3207.50000000000000000000 3223.09999999999990905053 3241.80000000000018189894 3263.69999999999981810106 3290.69999999999981810106 3303.80000000000018189894 3315.19999999999981810106 3332.30000000000018189894 3348.50000000000000000000 3366.40000000000009094947 3385.09999999999990905053 3406.50000000000000000000 3435.69999999999981810106 3447.59999999999990905053 3457.00000000000000000000 3459.90000000000009094947 3464.69999999999981810106
2959.09000000000014551915 2970.69000000000005456968 2984.44000000000005456968 2995.19000000000005456968 3004.28000000000020008883 3013.40999999999985448085 3029.65000000000009094947 3039.98999999999978172127 3051.98999999999978172127 3063.15000000000009094947 3075.21999999999979991117 3086.84999999999990905053 3096.78999999999996362021 3104.69000000000005456968 3113.29550000000017462298 3128.50000000000000000000 3148.90000000000009094947 3168.00000000000000000000 3184.00000000000000000000 3204.09999999999990905053 3224.90000000000009094947 3244.19999999999981810106 3257.00000000000000000000 3273.40000000000009094947 3294.19999999999981810106 3309.90000000000009094947 3321.19999999999981810106 3335.19999999999981810106 3354.40000000000009094947 3377.09999999999990905053 3400.69999999999981810106 3423.69999999999981810106 3436.30000000000018189894 3443.00000000000000000000 3446.59999999999990905053 3452.00000000000000000000 3455.30000000000018189894
2968.94000000000005456968 2981.25000000000000000000 2994.84000000000014551915 3003.88000000000010913936 3009.76999999999998181011 3021.76999999999998181011 3035.67999999999983629095 3046.48999999999978172127 3055.50000000000000000000 3066.90999999999985448085 3075.48000000000001818989 3086.69000000000005456968 3095.92000000000007275958 3107.22859999999991487130 3123.59999999999990905053 3142.59999999999990905053 3161.09999999999990905053 3181.30000000000018189894 3200.69999999999981810106 3221.80000000000018189894 3242.50000000000000000000 3263.30000000000018189894 3278.40000000000009094947 3302.30000000000018189894 3309.40000000000009094947 3317.40000000000009094947 3331.80000000000018189894 3347.30000000000018189894 3369.19999999999981810106 3400.50000000000000000000 3412.59999999999990905053 3419.09999999999990905053 3427.69999999999981810106 3432.80000000000018189894 3438.09999999999990905053 3444.19999999999981810106 3447.90000000000009094947
2976.82000000000016370905 2989.82000000000016370905 3002.98000000000001818989 3010.50000000000000000000 3020.23999999999978172127 3029.65000000000009094947 3041.51000000000021827873 3047.21999999999979991117 3054.26000000000021827873 3065.78000000000020008883 3079.28000000000020008883 3090.48999999999978172127 3102.92799999999988358468 3125.09999999999990905053 3141.50000000000000000000 3158.90000000000009094947 3178.09999999999990905053 3197.09999999999990905053 3221.09999999999990905053 3240.30000000000018189894 3259.80000000000018189894 3281.09999999999990905053 3301.80000000000018189894 3317.59999999999990905053 3337.09999999999990905053 3340.69999999999981810106 3353.69999999999981810106 3365.69999999999981810106 3384.19999999999981810106 3400.80000000000018189894 3407.30000000000018189894 3412.69999999999981810106 3418.59999999999990905053 3424.40000000000009094947 3431.40000000000009094947 3436.80000000000018189894 3437.00000000000000000000
2987.25000000000000000000 2998.71000000000003637979 3009.76000000000021827873 3019.40999999999985448085 3027.67000000000007275958 3035.51000000000021827873 3042.59000000000014551915 3048.48999999999978172127 3061.40000000000009094947 3077.90999999999985448085 3093.09999999999990905053 3110.80000000000018189894 3126.40000000000009094947 3143.90000000000009094947 3161.30000000000018189894 3179.69999999999981810106 3195.90000000000009094947 3214.80000000000018189894 3244.59999999999990905053 3266.19999999999981810106 3280.59999999999990905053 3297.00000000000000000000 3322.00000000000000000000 3334.50000000000000000000 3345.00000000000000000000 3352.90000000000009094947 3360.09999999999990905053 3372.50000000000000000000 3385.69999999999981810106 3393.69999999999981810106 3401.09999999999990905053 3406.90000000000009094947 3412.80000000000018189894 3417.69999999999981810106 3422.90000000000009094947 3426.09999999999990905053 3414.30000000000018189894
2994.13999999999987267074 3006.23000000000001818989 3017.38999999999987267074 3025.05999999999994543032 3031.61000000000012732926 3037.28999999999996362021 3044.90000000000009094947 3063.50000000000000000000 3085.09999999999990905053 3097.00000000000000000000 3110.50000000000000000000 3127.40000000000009094947 3146.59999999999990905053 3162.59999999999990905053 3179.80000000000018189894 3195.69999999999981810106 3212.80000000000018189894 3232.69999999999981810106 3259.30000000000018189894 3292.19999999999981810106 3302.00000000000000000000 3317.90000000000009094947 3324.00000000000000000000 3333.80000000000018189894 3341.30000000000018189894 3350.30000000000018189894 3359.40000000000009094947 3371.09999999999990905053 3380.90000000000009094947 3389.30000000000018189894 3394.69999999999981810106 3402.00000000000000000000 3407.80000000000018189894 3413.00000000000000000000 3417.80000000000018189894 3421.40000000000009094947 3390.19999999999981810106
3002.32999999999992724042 3015.51999999999998181011 3025.38000000000010913936 3028.42999999999983629095 3038.69000000000005456968 3055.69999999999981810106 3068.80000000000018189894 3084.09999999999990905053 3103.00000000000000000000 3113.80000000000018189894 3126.30000000000018189894 3140.90000000000009094947 3161.69999999999981810106 3181.40000000000009094947 3198.30000000000018189894 3219.00000000000000000000 3230.69999999999981810106 3250.40000000000009094947 3271.09999999999990905053 3292.69999999999981810106 3303.40000000000009094947 3306.09999999999990905053 3320.00000000000000000000 3324.40000000000009094947 3337.80000000000018189894 3349.59999999999990905053 3360.19999999999981810106 3368.59999999999990905053 3377.19999999999981810106 3381.59999999999990905053 3389.09999999999990905053 3397.09999999999990905053 3403.40000000000009094947 3408.30000000000018189894 3411.59999999999990905053 3404.00000000000000000000 3375.09999999999990905053
3009.67999999999983629095 3021.25000000000000000000 3027.38000000000010913936 3037.92999999999983629095 3056.90000000000009094947 3076.59999999999990905053 3089.09999999999990905053 3103.59999999999990905053 3112.09999999999990905053 3125.69999999999981810106 3138.80000000000018189894 3155.40000000000009094947 3171.30000000000018189894 3196.80000000000018189894 3207.50000000000000000000 3210.80000000000018189894 3215.59999999999990905053 3222.69999999999981810106 3246.59999999999990905053 3258.09999999999990905053 3268.50000000000000000000 3280.59999999999990905053 3290.00000000000000000000 3302.50000000000000000000 3323.69999999999981810106 3346.30000000000018189894 3353.80000000000018189894 3362.00000000000000000000 3368.40000000000009094947 3376.09999999999990905053 3384.19999999999981810106 3392.09999999999990905053 3398.80000000000018189894 3401.69999999999981810106 3403.19999999999981810106 3386.19999999999981810106 3355.59999999999990905053
3017.96000000000003637979 3029.44999999999981810106 3042.80000000000018189894 3064.59999999999990905053 3081.09999999999990905053 3094.59999999999990905053 3103.69999999999981810106 3106.80000000000018189894 3118.19999999999981810106 3129.59999999999990905053 3151.19999999999981810106 3165.50000000000000000000 3172.59999999999990905053 3179.40000000000009094947 3186.19999999999981810106 3190.30000000000018189894 3195.40000000000009094947 3200.19999999999981810106 3208.69999999999981810106 3221.80000000000018189894 3236.50000000000000000000 3250.69999999999981810106 3261.90000000000009094947 3272.90000000000009094947 3312.40000000000009094947 3340.40000000000009094947 3344.59999999999990905053 3352.50000000000000000000 3364.30000000000018189894 3371.69999999999981810106 3381.19999999999981810106 3388.80000000000018189894 3393.69999999999981810106 3396.19999999999981810106 3394.09999999999990905053 3367.90000000000009094947 3341.59999999999990905053
