data/rhone/surface-1874.grid
NCOLS	167
NROWS	405
XLLCORNER	671250
YLLCORNER	157400
CELLSIZE	25
NODATA_value	-9999
[rows 112 to 127 of 405, columns 37 to 73 of 167]
3198.21000000000003637979 3187.19000000000005456968 3169.71999999999979991117 3151.03000000000020008883 3130.34000000000014551915 3112.84999999999990905053 3104.11000000000012732926 3094.30000000000018189894 3085.00000000000000000000 3080.90000000000009094947 3069.57000000000016370905 3059.19000000000005456968 3047.65999999999985448085 3037.15000000000009094947 3028.94000000000005456968 3019.57000000000016370905 3011.13999999999987267074 2999.26999999999998181011 2990.57000000000016370905 2982.40999999999985448085 2974.57000000000016370905 2968.55000000000018189894 2964.80999999999994543032 2962.53999999999996362021 2960.46000000000003637979 2958.44999999999981810106 2957.42999999999983629095 2956.86000000000012732926 2956.59000000000014551915 2956.50000000000000000000 2956.40999999999985448085 2956.28999999999996362021 2956.15000000000009094947 2956.05999999999994543032 2956.07999999999992724042 2956.23000000000001818989 2956.48000000000001818989
3190.86999999999989086064 3182.00000000000000000000 3164.01000000000021827873 3146.19999999999981810106 3127.59000000000014551915 3110.78000000000020008883 3099.80000000000018189894 3092.75000000000000000000 3085.61000000000012732926 3077.75000000000000000000 3069.40000000000009094947 3060.03000000000020008883 3049.30000000000018189894 3039.44000000000005456968 3032.17000000000007275958 3023.03000000000020008883 3013.21999999999979991117 3001.73000000000001818989 2992.51000000000021827873 2983.51000000000021827873 2974.82999999999992724042 2967.00000000000000000000 2963.38000000000010913936 2961.19999999999981810106 2958.15000000000009094947 2956.65999999999985448085 2956.00000000000000000000 2955.71000000000003637979 2955.59000000000014551915 2955.51999999999998181011 2955.40999999999985448085 2955.21999999999979991117 2954.98000000000001818989 2954.76999999999998181011 2954.67999999999983629095 2954.73000000000001818989 2954.90000000000009094947
3184.69999999999981810106 3178.26999999999998181011 3164.88999999999987267074 3144.51999999999998181011 3124.80000000000018189894 3110.88000000000010913936 3100.34000000000014551915 3092.67000000000007275958 3084.94999999999981810106 3077.19000000000005456968 3069.46000000000003637979 3060.38000000000010913936 3050.28000000000020008883 3040.86999999999989086064 3034.13999999999987267074 3026.17000000000007275958 3015.94999999999981810106 3005.42999999999983629095 2995.03000000000020008883 2985.17999999999983629095 2974.63000000000010913936 2965.86000000000012732926 2961.80000000000018189894 2959.34999999999990905053 2956.28999999999996362021 2954.98999999999978172127 2954.65999999999985448085 2954.63999999999987267074 2954.65000000000009094947 2954.59000000000014551915 2954.44000000000005456968 2954.17000000000007275958 2953.73999999999978172127 2953.38000000000010913936 2953.15000000000009094947 2953.09999999999990905053 2953.21000000000003637979
3181.59000000000014551915 3177.34999999999990905053 3161.05000000000018189894 3142.07999999999992724042 3121.86999999999989086064 3110.69000000000005456968 3099.78000000000020008883 3092.11000000000012732926 3083.42999999999983629095 3075.48000000000001818989 3069.19999999999981810106 3058.67999999999983629095 3050.80000000000018189894 3042.46000000000003637979 3035.30000000000018189894 3028.17999999999983629095 3018.01999999999998181011 3007.55999999999994543032 2998.84000000000014551915 2988.09000000000014551915 2976.05999999999994543032 2965.76000000000021827873 2960.26999999999998181011 2954.55999999999994543032 2953.15000000000009094947 2953.05000000000018189894 2953.38999999999987267074 2953.69999999999981810106 2953.76999999999998181011 2953.67000000000007275958 2953.44000000000005456968 2953.05999999999994543032 2952.36999999999989086064 2951.82999999999992724042 2951.42999999999983629095 2951.28000000000020008883 2951.30999999999994543032
3176.25000000000000000000 3169.92000000000007275958 3154.82000000000016370905 3139.73000000000001818989 3123.69000000000005456968 3109.32999999999992724042 3096.51999999999998181011 3090.57999999999992724042 3083.11999999999989086064 3075.73000000000001818989 3069.26999999999998181011 3058.80000000000018189894 3051.13999999999987267074 3042.69000000000005456968 3035.73999999999978172127 3027.21000000000003637979 3017.90999999999985448085 3008.55999999999994543032 2999.84999999999990905053 2988.46999999999979991117 2977.50000000000000000000 2965.36999999999989086064 2955.78000000000020008883 2951.80000000000018189894 2951.15999999999985448085 2951.73999999999978172127 2952.51999999999998181011 2953.00000000000000000000 2952.92999999999983629095 2952.61000000000012732926 2952.19999999999981810106 2951.76000000000021827873 2950.69999999999981810106 2950.07000000000016370905 2949.50000000000000000000 2949.28000000000020008883 2949.07000000000016370905
3171.00000000000000000000 3162.59999999999990905053 3149.88000000000010913936 3136.42999999999983629095 3120.63000000000010913936 3108.78999999999996362021 3098.82000000000016370905 3092.84000000000014551915 3085.42000000000007275958 3077.46999999999979991117 3069.88000000000010913936 3060.19000000000005456968 3049.86000000000012732926 3040.57999999999992724042 3033.48999999999978172127 3025.57999999999992724042 3017.69000000000005456968 3009.44999999999981810106 2998.84000000000014551915 2987.17000000000007275958 2975.84000000000014551915 2964.80999999999994543032 2954.65999999999985448085 2950.90000000000009094947 2950.46999999999979991117 2951.25000000000000000000 2952.11999999999989086064 2952.55000000000018189894 2951.92999999999983629095 2951.15999999999985448085 2950.32999999999992724042 2949.57000000000016370905 2948.69999999999981810106 2948.05000000000018189894 2947.42000000000007275958 2947.05999999999994543032 2946.86999999999989086064
3169.44999999999981810106 3158.48999999999978172127 3143.96000000000003637979 3125.63999999999987267074 3114.88000000000010913936 3108.57999999999992724042 3097.67000000000007275958 3093.01000000000021827873 3085.88000000000010913936 3077.86999999999989086064 3069.11999999999989086064 3060.23999999999978172127 3049.73999999999978172127 3040.57000000000016370905 3032.44999999999981810106 3024.94999999999981810106 3016.69000000000005456968 3007.76000000000021827873 2999.36000000000012732926 2987.15000000000009094947 2976.44999999999981810106 2963.61000000000012732926 2954.63999999999987267074 2951.01999999999998181011 2950.69000000000005456968 2951.34000000000014551915 2951.82999999999992724042 2952.00000000000000000000 2950.40999999999985448085 2949.01000000000021827873 2947.98000000000001818989 2947.07999999999992724042 2946.28999999999996362021 2945.65000000000009094947 2945.07999999999992724042 2944.67000000000007275958 2944.42000000000007275958
3171.48999999999978172127 3160.55000000000018189894 3144.17999999999983629095 3124.09000000000014551915 3110.42999999999983629095 3102.94999999999981810106 3097.28999999999996362021 3092.73000000000001818989 3086.17999999999983629095 3078.36999999999989086064 3069.53999999999996362021 3059.84999999999990905053 3049.55000000000018189894 3041.98000000000001818989 3033.11000000000012732926 3025.23999999999978172127 3017.53000000000020008883 3008.17000000000007275958 2997.69000000000005456968 2986.11999999999989086064 2977.96000000000003637979 2964.92999999999983629095 2955.17000000000007275958 2951.51999999999998181011 2951.42000000000007275958 2951.59000000000014551915 2950.78000000000020008883 2949.67999999999983629095 2948.09999999999990905053 2946.42999999999983629095 2945.21000000000003637979 2944.34000000000014551915 2943.67000000000007275958 2943.11999999999989086064 2942.61999999999989086064 2942.23000000000001818989 2941.92999999999983629095
3176.01999999999998181011 3163.01000000000021827873 3146.96999999999979991117 3128.86000000000012732926 3110.25000000000000000000 3105.42000000000007275958 3098.42000000000007275958 3093.63000000000010913936 3086.67000000000007275958 3078.26999999999998181011 3069.01000000000021827873 3059.80000000000018189894 3050.11000000000012732926 3042.34000000000014551915 3035.44999999999981810106 3027.84000000000014551915 3019.28999999999996362021 3010.63999999999987267074 2998.57000000000016370905 2987.32000000000016370905 2979.78999999999996362021 2967.13999999999987267074 2957.38000000000010913936 2952.30999999999994543032 2952.57000000000016370905 2951.82000000000016370905 2949.25000000000000000000 2947.15000000000009094947 2945.17000000000007275958 2943.42999999999983629095 2942.30000000000018189894 2941.57000000000016370905 2941.05000000000018189894 2940.65000000000009094947 2940.23999999999978172127 2939.94999999999981810106 2939.75000000000000000000
3173.30000000000018189894 3159.59000000000014551915 3144.55999999999994543032 3131.19000000000005456968 3116.88999999999987267074 3107.36999999999989086064 3099.55000000000018189894 3094.51999999999998181011 3087.61999999999989086064 3079.71000000000003637979 3072.44000000000005456968 3062.15000000000009094947 3052.36000000000012732926 3044.34000000000014551915 3037.13999999999987267074 3031.01999999999998181011 3022.67000000000007275958 3013.48000000000001818989 3002.40000000000009094947 2990.38999999999987267074 2980.78999999999996362021 2971.46999999999979991117 2960.01000000000021827873 2952.13999999999987267074 2953.19000000000005456968 2949.67000000000007275958 2946.88999999999987267074 2944.21999999999979991117 2942.11999999999989086064 2940.42999999999983629095 2939.86000000000012732926 2939.21000000000003637979 2938.57000000000016370905 2938.42999999999983629095 2938.07999999999992724042 2937.78000000000020008883 2937.69000000000005456968
3173.15000000000009094947 3157.61999999999989086064 3145.09999999999990905053 3133.05999999999994543032 3119.26999999999998181011 3106.19000000000005456968 3100.59000000000014551915 3095.67999999999983629095 3090.21000000000003637979 3083.23000000000001818989 3074.57999999999992724042 3063.36999999999989086064 3053.57000000000016370905 3047.57999999999992724042 3040.40999999999985448085 3033.15000000000009094947 3023.65999999999985448085 3013.92999999999983629095 3002.17000000000007275958 2992.28000000000020008883 2983.38999999999987267074 2974.03000000000020008883 2963.55999999999994543032 2954.19999999999981810106 2951.11000000000012732926 2946.88000000000010913936 2942.36000000000012732926 2940.59000000000014551915 2939.48999999999978172127 2937.90000000000009094947 2937.44999999999981810106 2937.03000000000020008883 2936.59999999999990905053 2936.40000000000009094947 2936.15999999999985448085 2935.96999999999979991117 2935.86000000000012732926
3173.19999999999981810106 3157.42000000000007275958 3142.38999999999987267074 3128.19000000000005456968 3118.09999999999990905053 3108.21999999999979991117 3103.28999999999996362021 3097.07000000000016370905 3091.67000000000007275958 3084.69000000000005456968 3076.28000000000020008883 3066.51000000000021827873 3056.30000000000018189894 3049.71999999999979991117 3041.88000000000010913936 3034.59000000000014551915 3026.98000000000001818989 3017.09000000000014551915 3006.76000000000021827873 2996.17999999999983629095 2985.38999999999987267074 2976.21000000000003637979 2966.90999999999985448085 2958.19000000000005456968 2951.55999999999994543032 2945.51000000000021827873 2940.30999999999994543032 2937.11999999999989086064 2937.15999999999985448085 2936.11999999999989086064 2935.57000000000016370905 2935.15999999999985448085 2934.82000000000016370905 2934.55999999999994543032 2934.40000000000009094947 2934.28999999999996362021 2934.15999999999985448085
3174.51999999999998181011 3158.05000000000018189894 3143.21000000000003637979 3129.30000000000018189894 3116.98000000000001818989 3108.17000000000007275958 3104.32000000000016370905 3098.09999999999990905053 3092.78999999999996362021 3085.90000000000009094947 3077.78999999999996362021 3069.67999999999983629095 3059.88999999999987267074 3052.00000000000000000000 3043.80000000000018189894 3036.46000000000003637979 3029.78000000000020008883 3020.67999999999983629095 3007.51000000000021827873 3000.15999999999985448085 2988.40000000000009094947 2978.86000000000012732926 2970.28999999999996362021 2962.17999999999983629095 2953.90999999999985448085 2945.90999999999985448085 2939.07000000000016370905 2935.25000000000000000000 2934.51000000000021827873 2934.15000000000009094947 2933.86000000000012732926 2933.48000000000001818989 2933.17999999999983629095 2932.82999999999992724042 2932.73999999999978172127 2932.71000000000003637979 2932.53999999999996362021
3177.42999999999983629095 3159.98000000000001818989 3143.11999999999989086064 3132.32999999999992724042 3119.42999999999983629095 3109.07999999999992724042 3100.86999999999989086064 3098.40000000000009094947 3094.07000000000016370905 3086.92999999999983629095 3079.32999999999992724042 3069.98999999999978172127 3061.46000000000003637979 3053.61999999999989086064 3045.80000000000018189894 3038.23000000000001818989 3030.44999999999981810106 3021.17999999999983629095 3009.48999999999978172127 3002.30999999999994543032 2992.53999999999996362021 2980.26999999999998181011 2972.40000000000009094947 2963.98000000000001818989 2954.88000000000010913936 2947.15999999999985448085 2938.69000000000005456968 2933.67000000000007275958 2932.59000000000014551915 2932.63999999999987267074 2932.48000000000001818989 2931.90999999999985448085 2931.69999999999981810106 2931.13999999999987267074 2931.13999999999987267074 2931.19999999999981810106 2930.94000000000005456968
3179.01000000000021827873 3161.78999999999996362021 3143.78000000000020008883 3131.48999999999978172127 3120.44999999999981810106 3109.96999999999979991117 3103.11000000000012732926 3101.11999999999989086064 3095.13999999999987267074 3089.23999999999978172127 3081.09999999999990905053 3071.38000000000010913936 3062.96000000000003637979 3054.44999999999981810106 3046.76000000000021827873 3039.92000000000007275958 3032.38999999999987267074 3022.94000000000005456968 3013.59000000000014551915 3004.61999999999989086064 2994.44000000000005456968 2983.19000000000005456968 2973.69000000000005456968 2966.82000000000016370905 2958.15999999999985448085 2950.46999999999979991117 2939.90999999999985448085 2932.71999999999979991117 2931.65000000000009094947 2931.88999999999987267074 2931.48000000000001818989 2930.28000000000020008883 2930.26000000000021827873 2929.69999999999981810106 2929.61000000000012732926 2929.59000000000014551915 2929.32000000000016370905
3161.40000000000009094947 3162.09000000000014551915 3144.17000000000007275958 3133.82999999999992724042 3121.55999999999994543032 3112.26999999999998181011 3104.36999999999989086064 3101.65000000000009094947 3096.11999999999989086064 3090.71000000000003637979 3081.63999999999987267074 3073.01000000000021827873 3064.44000000000005456968 3056.30000000000018189894 3048.03999999999996362021 3042.96999999999979991117 3035.11999999999989086064 3025.42000000000007275958 3016.03000000000020008883 3006.38000000000010913936 2996.78999999999996362021 2987.86999999999989086064 2978.67999999999983629095 2969.32000000000016370905 2959.96000000000003637979 2951.59000000000014551915 2941.92999999999983629095 2934.61000000000012732926 2932.15999999999985448085 2931.61999999999989086064 2930.03999999999996362021 2928.84999999999990905053 2928.48999999999978172127 2928.17999999999983629095 2928.07999999999992724042 2928.01000000000021827873 2927.80999999999994543032
