data/rhone/surface-1980.grid
NCOLS	167
NROWS	405
XLLCORNER	671250
YLLCORNER	157400
CELLSIZE	25
NODATA_value	-9999
[rows 384 to 399 of 405, columns 111 to 147 of 167]
2094.09999999999990905053 2097.09999999999990905053 2099.59999999999990905053 2108.90000000000009094947 2118.59999999999990905053 2125.69999999999981810106 2134.50000000000000000000 2146.80000000000018189894 2158.80000000000018189894 2171.40000000000009094947 2183.40000000000009094947 2189.69999999999981810106 2191.30000000000018189894 2207.69999999999981810106 2220.69999999999981810106 2237.30000000000018189894 2252.80000000000018189894 2270.80000000000018189894 2285.69999999999981810106 2298.40000000000009094947 2313.80000000000018189894 2328.90000000000009094947 2344.40000000000009094947 2359.00000000000000000000 2372.69999999999981810106 2388.50000000000000000000 2407.40000000000009094947 2429.69999999999981810106 2447.09999999999990905053 2462.40000000000009094947 2485.09999999999990905053 2503.80000000000018189894 2521.19999999999981810106 2534.00000000000000000000 2545.19999999999981810106 2552.50000000000000000000 2562.50000000000000000000
2098.30000000000018189894 2098.09999999999990905053 2099.30000000000018189894 2104.40000000000009094947 2113.00000000000000000000 2120.00000000000000000000 2129.50000000000000000000 2138.80000000000018189894 2149.30000000000018189894 2160.00000000000000000000 2169.00000000000000000000 2173.90000000000009094947 2190.59999999999990905053 2210.00000000000000000000 2224.30000000000018189894 2240.30000000000018189894 2252.00000000000000000000 2269.69999999999981810106 2287.00000000000000000000 2302.80000000000018189894 2320.69999999999981810106 2336.19999999999981810106 2350.69999999999981810106 2366.30000000000018189894 2379.09999999999990905053 2395.69999999999981810106 2418.00000000000000000000 2436.69999999999981810106 2455.00000000000000000000 2475.80000000000018189894 2494.09999999999990905053 2513.00000000000000000000 2527.90000000000009094947 2541.69999999999981810106 2552.50000000000000000000 2563.40000000000009094947 2575.69999999999981810106
2103.19999999999981810106 2103.09999999999990905053 2102.69999999999981810106 2104.09999999999990905053 2109.00000000000000000000 2115.90000000000009094947 2124.40000000000009094947 2133.80000000000018189894 2142.50000000000000000000 2152.19999999999981810106 2157.40000000000009094947 2167.09999999999990905053 2187.00000000000000000000 2198.30000000000018189894 2211.40000000000009094947 2228.19999999999981810106 2247.09999999999990905053 2265.30000000000018189894 2283.59999999999990905053 2301.50000000000000000000 2318.90000000000009094947 2327.40000000000009094947 2341.00000000000000000000 2365.30000000000018189894 2386.09999999999990905053 2404.90000000000009094947 2427.59999999999990905053 2446.50000000000000000000 2466.00000000000000000000 2483.59999999999990905053 2500.09999999999990905053 2517.59999999999990905053 2529.80000000000018189894 2542.30000000000018189894 2555.69999999999981810106 2568.40000000000009094947 2581.30000000000018189894
2108.69999999999981810106 2109.50000000000000000000 2109.19999999999981810106 2111.09999999999990905053 2114.50000000000000000000 2117.90000000000009094947 2120.30000000000018189894 2128.50000000000000000000 2137.30000000000018189894 2145.69999999999981810106 2152.30000000000018189894 2158.69999999999981810106 2174.40000000000009094947 2188.40000000000009094947 2202.00000000000000000000 2214.69999999999981810106 2230.59999999999990905053 2250.90000000000009094947 2277.19999999999981810106 2292.40000000000009094947 2298.80000000000018189894 2311.09999999999990905053 2340.00000000000000000000 2371.19999999999981810106 2391.59999999999990905053 2414.59999999999990905053 2437.09999999999990905053 2455.90000000000009094947 2473.30000000000018189894 2488.80000000000018189894 2502.19999999999981810106 2514.00000000000000000000 2527.09999999999990905053 2541.69999999999981810106 2556.40000000000009094947 2571.19999999999981810106 2587.00000000000000000000
2113.40000000000009094947 2114.69999999999981810106 2115.59999999999990905053 2118.09999999999990905053 2118.90000000000009094947 2119.40000000000009094947 2119.80000000000018189894 2122.90000000000009094947 2132.80000000000018189894 2139.40000000000009094947 2145.30000000000018189894 2154.69999999999981810106 2167.40000000000009094947 2183.50000000000000000000 2199.09999999999990905053 2211.09999999999990905053 2226.00000000000000000000 2246.40000000000009094947 2267.80000000000018189894 2277.90000000000009094947 2288.59999999999990905053 2308.00000000000000000000 2334.09999999999990905053 2368.90000000000009094947 2387.19999999999981810106 2419.19999999999981810106 2441.30000000000018189894 2459.50000000000000000000 2481.80000000000018189894 2492.09999999999990905053 2503.50000000000000000000 2514.50000000000000000000 2527.69999999999981810106 2543.80000000000018189894 2559.00000000000000000000 2574.00000000000000000000 2589.19999999999981810106
2118.00000000000000000000 2118.90000000000009094947 2118.59999999999990905053 2118.30000000000018189894 2118.80000000000018189894 2119.19999999999981810106 2119.59999999999990905053 2120.00000000000000000000 2128.50000000000000000000 2135.80000000000018189894 2145.90000000000009094947 2155.09999999999990905053 2168.59999999999990905053 2184.19999999999981810106 2196.69999999999981810106 2210.40000000000009094947 2225.09999999999990905053 2238.69999999999981810106 2252.69999999999981810106 2269.80000000000018189894 2290.19999999999981810106 2314.00000000000000000000 2336.80000000000018189894 2365.19999999999981810106 2391.00000000000000000000 2415.50000000000000000000 2442.59999999999990905053 2463.09999999999990905053 2482.59999999999990905053 2493.09999999999990905053 2503.50000000000000000000 2516.30000000000018189894 2530.50000000000000000000 2545.80000000000018189894 2561.80000000000018189894 2574.80000000000018189894 2589.30000000000018189894
2120.59999999999990905053 2119.80000000000018189894 2119.40000000000009094947 2119.09999999999990905053 2118.90000000000009094947 2119.00000000000000000000 2119.40000000000009094947 2119.80000000000018189894 2124.40000000000009094947 2136.19999999999981810106 2146.69999999999981810106 2156.19999999999981810106 2167.50000000000000000000 2179.90000000000009094947 2196.19999999999981810106 2210.00000000000000000000 2222.09999999999990905053 2235.09999999999990905053 2250.00000000000000000000 2268.40000000000009094947 2298.19999999999981810106 2319.59999999999990905053 2343.69999999999981810106 2369.59999999999990905053 2391.69999999999981810106 2414.19999999999981810106 2442.30000000000018189894 2466.09999999999990905053 2481.59999999999990905053 2490.40000000000009094947 2499.30000000000018189894 2515.30000000000018189894 2530.90000000000009094947 2547.30000000000018189894 2563.30000000000018189894 2574.80000000000018189894 2587.69999999999981810106
2127.40000000000009094947 2124.00000000000000000000 2121.09999999999990905053 2119.80000000000018189894 2119.40000000000009094947 2119.40000000000009094947 2119.50000000000000000000 2119.80000000000018189894 2125.19999999999981810106 2135.30000000000018189894 2144.00000000000000000000 2153.00000000000000000000 2164.40000000000009094947 2178.30000000000018189894 2194.69999999999981810106 2207.00000000000000000000 2218.00000000000000000000 2232.00000000000000000000 2247.00000000000000000000 2272.09999999999990905053 2294.00000000000000000000 2315.09999999999990905053 2337.30000000000018189894 2364.80000000000018189894 2390.19999999999981810106 2415.69999999999981810106 2442.69999999999981810106 2458.90000000000009094947 2475.59999999999990905053 2486.40000000000009094947 2495.90000000000009094947 2514.80000000000018189894 2531.30000000000018189894 2547.40000000000009094947 2558.80000000000018189894 2571.90000000000009094947 2587.80000000000018189894
2132.40000000000009094947 2129.09999999999990905053 2126.69999999999981810106 2122.80000000000018189894 2119.90000000000009094947 2119.90000000000009094947 2119.90000000000009094947 2119.90000000000009094947 2124.50000000000000000000 2133.19999999999981810106 2142.09999999999990905053 2152.09999999999990905053 2162.09999999999990905053 2175.50000000000000000000 2189.69999999999981810106 2203.40000000000009094947 2214.30000000000018189894 2225.69999999999981810106 2242.30000000000018189894 2270.09999999999990905053 2294.09999999999990905053 2315.80000000000018189894 2336.59999999999990905053 2363.90000000000009094947 2390.69999999999981810106 2416.59999999999990905053 2437.90000000000009094947 2450.90000000000009094947 2467.00000000000000000000 2481.00000000000000000000 2495.19999999999981810106 2514.30000000000018189894 2527.69999999999981810106 2540.80000000000018189894 2555.40000000000009094947 2571.69999999999981810106 2586.30000000000018189894
2136.69999999999981810106 2134.30000000000018189894 2131.90000000000009094947 2126.30000000000018189894 2124.00000000000000000000 2123.80000000000018189894 2124.00000000000000000000 2123.69999999999981810106 2129.69999999999981810106 2135.59999999999990905053 2142.69999999999981810106 2151.40000000000009094947 2160.00000000000000000000 2171.59999999999990905053 2185.30000000000018189894 2200.50000000000000000000 2211.69999999999981810106 2224.69999999999981810106 2244.30000000000018189894 2269.09999999999990905053 2292.30000000000018189894 2310.59999999999990905053 2331.50000000000000000000 2363.09999999999990905053 2389.50000000000000000000 2411.40000000000009094947 2427.69999999999981810106 2443.90000000000009094947 2460.09999999999990905053 2479.59999999999990905053 2494.50000000000000000000 2509.50000000000000000000 2523.30000000000018189894 2537.09999999999990905053 2552.40000000000009094947 2568.59999999999990905053 2583.90000000000009094947
2142.40000000000009094947 2139.69999999999981810106 2136.30000000000018189894 2131.80000000000018189894 2130.30000000000018189894 2128.80000000000018189894 2128.59999999999990905053 2129.50000000000000000000 2135.09999999999990905053 2141.09999999999990905053 2146.30000000000018189894 2151.40000000000009094947 2160.00000000000000000000 2171.40000000000009094947 2183.80000000000018189894 2199.40000000000009094947 2211.80000000000018189894 2229.09999999999990905053 2251.50000000000000000000 2272.30000000000018189894 2287.69999999999981810106 2308.59999999999990905053 2331.30000000000018189894 2362.09999999999990905053 2382.30000000000018189894 2397.40000000000009094947 2422.50000000000000000000 2443.19999999999981810106 2460.90000000000009094947 2479.00000000000000000000 2492.40000000000009094947 2504.59999999999990905053 2518.00000000000000000000 2533.80000000000018189894 2548.19999999999981810106 2562.69999999999981810106 2578.09999999999990905053
2150.09999999999990905053 2147.80000000000018189894 2141.40000000000009094947 2138.09999999999990905053 2136.59999999999990905053 2135.09999999999990905053 2133.50000000000000000000 2135.40000000000009094947 2139.09999999999990905053 2146.00000000000000000000 2151.30000000000018189894 2156.40000000000009094947 2162.19999999999981810106 2173.00000000000000000000 2184.69999999999981810106 2198.19999999999981810106 2211.69999999999981810106 2228.59999999999990905053 2247.30000000000018189894 2270.30000000000018189894 2287.00000000000000000000 2307.50000000000000000000 2330.40000000000009094947 2357.40000000000009094947 2380.50000000000000000000 2398.59999999999990905053 2416.19999999999981810106 2432.59999999999990905053 2450.80000000000018189894 2468.90000000000009094947 2483.90000000000009094947 2497.80000000000018189894 2511.50000000000000000000 2524.09999999999990905053 2538.40000000000009094947 2554.59999999999990905053 2571.19999999999981810106
2159.59999999999990905053 2155.09999999999990905053 2149.40000000000009094947 2143.59999999999990905053 2139.30000000000018189894 2137.59999999999990905053 2137.80000000000018189894 2139.50000000000000000000 2144.40000000000009094947 2149.69999999999981810106 2156.19999999999981810106 2161.90000000000009094947 2169.30000000000018189894 2180.09999999999990905053 2189.00000000000000000000 2204.59999999999990905053 2215.30000000000018189894 2227.40000000000009094947 2247.40000000000009094947 2264.59999999999990905053 2284.90000000000009094947 2305.59999999999990905053 2330.30000000000018189894 2350.00000000000000000000 2364.59999999999990905053 2379.19999999999981810106 2394.09999999999990905053 2421.19999999999981810106 2433.69999999999981810106 2450.90000000000009094947 2478.90000000000009094947 2492.30000000000018189894 2508.40000000000009094947 2524.90000000000009094947 2543.59999999999990905053 2560.80000000000018189894 2577.40000000000009094947
2169.40000000000009094947 2163.50000000000000000000 2157.30000000000018189894 2151.59999999999990905053 2145.69999999999981810106 2142.09999999999990905053 2142.90000000000009094947 2143.69999999999981810106 2149.00000000000000000000 2154.00000000000000000000 2160.50000000000000000000 2168.90000000000009094947 2176.40000000000009094947 2186.00000000000000000000 2194.80000000000018189894 2206.19999999999981810106 2219.19999999999981810106 2232.30000000000018189894 2247.09999999999990905053 2263.00000000000000000000 2282.19999999999981810106 2299.40000000000009094947 2319.00000000000000000000 2337.00000000000000000000 2360.00000000000000000000 2383.30000000000018189894 2402.40000000000009094947 2413.19999999999981810106 2437.09999999999990905053 2461.19999999999981810106 2478.90000000000009094947 2491.69999999999981810106 2508.00000000000000000000 2525.00000000000000000000 2544.09999999999990905053 2557.80000000000018189894 2578.30000000000018189894
2178.80000000000018189894 2172.50000000000000000000 2166.00000000000000000000 2159.00000000000000000000 2152.09999999999990905053 2148.00000000000000000000 2148.69999999999981810106 2149.50000000000000000000 2151.90000000000009094947 2158.19999999999981810106 2165.90000000000009094947 2174.09999999999990905053 2181.80000000000018189894 2190.69999999999981810106 2200.09999999999990905053 2211.09999999999990905053 2221.69999999999981810106 2233.50000000000000000000 2247.69999999999981810106 2263.40000000000009094947 2277.90000000000009094947 2300.40000000000009094947 2325.50000000000000000000 2349.30000000000018189894 2369.30000000000018189894 2388.80000000000018189894 2407.00000000000000000000 2422.09999999999990905053 2444.09999999999990905053 2462.59999999999990905053 2478.19999999999981810106 2492.00000000000000000000 2507.80000000000018189894 2525.00000000000000000000 2544.69999999999981810106 2562.00000000000000000000 2581.40000000000009094947
2187.59999999999990905053 2180.00000000000000000000 2173.00000000000000000000 2165.90000000000009094947 2158.59999999999990905053 2154.00000000000000000000 2154.50000000000000000000 2155.19999999999981810106 2156.09999999999990905053 2159.80000000000018189894 2168.80000000000018189894 2177.80000000000018189894 2185.09999999999990905053 2191.59999999999990905053 2200.90000000000009094947 2212.50000000000000000000 2225.00000000000000000000 2238.30000000000018189894 2251.90000000000009094947 2266.30000000000018189894 2284.59999999999990905053 2304.09999999999990905053 2324.50000000000000000000 2347.80000000000018189894 2368.90000000000009094947 2389.80000000000018189894 2406.59999999999990905053 2422.19999999999981810106 2438.69999999999981810106 2456.69999999999981810106 2470.50000000000000000000 2487.59999999999990905053 2504.50000000000000000000 2525.40000000000009094947 2543.30000000000018189894 2560.30000000000018189894 2576.30000000000018189894
