data/rhone/surface-1874.grid
NCOLS	167
NROWS	405
XLLCORNER	671250
YLLCORNER	157400
CELLSIZE	25
NODATA_value	-9999
[rows 336 to 351 of 405, columns 0 to 36 of 167]
2450.40000000000009094947 2441.69999999999981810106 2430.40000000000009094947 2417.90000000000009094947 2403.09999999999990905053 2381.09999999999990905053 2370.00000000000000000000 2360.59999999999990905053 2351.90000000000009094947 2340.69999999999981810106 2331.09999999999990905053 2324.19999999999981810106 2320.69999999999981810106 2319.09999999999990905053 2304.09999999999990905053 2281.40000000000009094947 2270.00000000000000000000 2258.30000000000018189894 2245.59999999999990905053 2245.59999999999990905053 2246.00000000000000000000 2247.69999999999981810106 2248.59999999999990905053 2255.90000000000009094947 2267.80000000000018189894 2280.19999999999981810106 2293.40000000000009094947 2303.09999999999990905053 2306.50000000000000000000 2303.19999999999981810106 2290.00000000000000000000 2272.80000000000018189894 2254.50000000000000000000 2291.32000000000016370905 2290.61000000000012732926 2293.17000000000007275958 2298.71000000000003637979
2442.50000000000000000000 2434.09999999999990905053 2421.40000000000009094947 2407.80000000000018189894 2391.40000000000009094947 2376.69999999999981810106 2364.40000000000009094947 2352.80000000000018189894 2344.09999999999990905053 2333.00000000000000000000 2321.40000000000009094947 2312.30000000000018189894 2304.09999999999990905053 2301.30000000000018189894 2289.30000000000018189894 2269.30000000000018189894 2256.50000000000000000000 2245.50000000000000000000 2237.00000000000000000000 2238.09999999999990905053 2235.80000000000018189894 2236.09999999999990905053 2236.59999999999990905053 2245.69999999999981810106 2254.30000000000018189894 2266.00000000000000000000 2285.59999999999990905053 2297.69999999999981810106 2301.00000000000000000000 2304.50000000000000000000 2295.59999999999990905053 2277.09999999999990905053 2257.90000000000009094947 2287.23999999999978172127 2285.78000000000020008883 2288.53999999999996362021 2289.59000000000014551915
2440.50000000000000000000 2426.69999999999981810106 2414.30000000000018189894 2402.59999999999990905053 2390.59999999999990905053 2375.80000000000018189894 2363.90000000000009094947 2352.50000000000000000000 2338.69999999999981810106 2323.80000000000018189894 2311.59999999999990905053 2300.90000000000009094947 2288.50000000000000000000 2282.00000000000000000000 2272.90000000000009094947 2257.40000000000009094947 2248.30000000000018189894 2236.69999999999981810106 2229.80000000000018189894 2233.59999999999990905053 2229.40000000000009094947 2229.19999999999981810106 2232.19999999999981810106 2238.40000000000009094947 2245.69999999999981810106 2259.59999999999990905053 2283.09999999999990905053 2290.40000000000009094947 2296.59999999999990905053 2300.50000000000000000000 2300.00000000000000000000 2287.55000000000018189894 2281.86000000000012732926 2278.84000000000014551915 2276.65000000000009094947 2277.46999999999979991117 2278.71000000000003637979
2445.50000000000000000000 2433.90000000000009094947 2415.00000000000000000000 2397.19999999999981810106 2386.00000000000000000000 2374.69999999999981810106 2362.19999999999981810106 2348.50000000000000000000 2333.59999999999990905053 2319.19999999999981810106 2304.80000000000018189894 2290.50000000000000000000 2277.40000000000009094947 2268.19999999999981810106 2257.59999999999990905053 2248.50000000000000000000 2239.50000000000000000000 2231.50000000000000000000 2224.09999999999990905053 2229.19999999999981810106 2224.59999999999990905053 2222.59999999999990905053 2224.40000000000009094947 2231.00000000000000000000 2241.59999999999990905053 2254.59999999999990905053 2270.40000000000009094947 2283.90000000000009094947 2290.50000000000000000000 2293.09999999999990905053 2292.69999999999981810106 2282.09999999999990905053 2268.09999999999990905053 2263.19999999999981810106 2264.80000000000018189894 2264.19000000000005456968 2261.86000000000012732926
2455.30000000000018189894 2440.90000000000009094947 2421.90000000000009094947 2405.09999999999990905053 2398.00000000000000000000 2385.09999999999990905053 2360.09999999999990905053 2345.19999999999981810106 2329.09999999999990905053 2314.50000000000000000000 2299.59999999999990905053 2284.90000000000009094947 2270.30000000000018189894 2259.09999999999990905053 2251.50000000000000000000 2242.90000000000009094947 2233.50000000000000000000 2223.80000000000018189894 2219.50000000000000000000 2222.50000000000000000000 2219.90000000000009094947 2219.80000000000018189894 2219.90000000000009094947 2230.00000000000000000000 2240.69999999999981810106 2256.00000000000000000000 2268.40000000000009094947 2277.90000000000009094947 2282.00000000000000000000 2277.90000000000009094947 2280.00000000000000000000 2276.59999999999990905053 2265.09999999999990905053 2251.19999999999981810106 2241.78000000000020008883 2239.90999999999985448085 2240.71000000000003637979
2449.69999999999981810106 2436.19999999999981810106 2425.69999999999981810106 2421.69999999999981810106 2413.09999999999990905053 2398.50000000000000000000 2377.30000000000018189894 2345.80000000000018189894 2325.90000000000009094947 2310.69999999999981810106 2296.69999999999981810106 2282.09999999999990905053 2266.40000000000009094947 2254.59999999999990905053 2245.80000000000018189894 2238.09999999999990905053 2230.90000000000009094947 2221.40000000000009094947 2218.09999999999990905053 2219.80000000000018189894 2219.50000000000000000000 2219.30000000000018189894 2219.90000000000009094947 2229.50000000000000000000 2239.30000000000018189894 2251.30000000000018189894 2263.19999999999981810106 2267.50000000000000000000 2268.40000000000009094947 2265.69999999999981810106 2267.19999999999981810106 2265.80000000000018189894 2254.69999999999981810106 2239.00000000000000000000 2213.30000000000018189894 2218.48999999999978172127 2226.57000000000016370905
2433.19999999999981810106 2436.40000000000009094947 2439.59999999999990905053 2426.40000000000009094947 2413.90000000000009094947 2397.80000000000018189894 2379.90000000000009094947 2344.59999999999990905053 2323.90000000000009094947 2305.40000000000009094947 2290.40000000000009094947 2276.59999999999990905053 2264.09999999999990905053 2249.90000000000009094947 2241.69999999999981810106 2234.40000000000009094947 2226.30000000000018189894 2218.30000000000018189894 2213.40000000000009094947 2217.19999999999981810106 2219.09999999999990905053 2218.90000000000009094947 2220.40000000000009094947 2229.19999999999981810106 2238.40000000000009094947 2246.59999999999990905053 2249.80000000000018189894 2251.09999999999990905053 2251.90000000000009094947 2248.59999999999990905053 2251.50000000000000000000 2250.90000000000009094947 2242.59999999999990905053 2221.40000000000009094947 2197.09999999999990905053 2199.05999999999994543032 2205.26999999999998181011
2442.19999999999981810106 2443.90000000000009094947 2435.90000000000009094947 2422.30000000000018189894 2406.00000000000000000000 2389.30000000000018189894 2371.69999999999981810106 2353.30000000000018189894 2324.00000000000000000000 2300.00000000000000000000 2283.00000000000000000000 2271.19999999999981810106 2260.19999999999981810106 2247.90000000000009094947 2236.90000000000009094947 2229.50000000000000000000 2222.09999999999990905053 2213.50000000000000000000 2208.80000000000018189894 2210.30000000000018189894 2216.90000000000009094947 2219.00000000000000000000 2223.59999999999990905053 2230.30000000000018189894 2233.90000000000009094947 2234.19999999999981810106 2230.90000000000009094947 2230.50000000000000000000 2233.00000000000000000000 2234.00000000000000000000 2235.59999999999990905053 2235.80000000000018189894 2217.50000000000000000000 2201.09999999999990905053 2184.59999999999990905053 2183.44000000000005456968 2190.30999999999994543032
2445.59999999999990905053 2442.30000000000018189894 2433.00000000000000000000 2417.69999999999981810106 2402.50000000000000000000 2385.40000000000009094947 2367.50000000000000000000 2351.30000000000018189894 2325.19999999999981810106 2298.19999999999981810106 2278.50000000000000000000 2265.80000000000018189894 2255.19999999999981810106 2243.69999999999981810106 2232.90000000000009094947 2224.30000000000018189894 2214.00000000000000000000 2208.09999999999990905053 2205.00000000000000000000 2204.59999999999990905053 2210.00000000000000000000 2217.90000000000009094947 2222.69999999999981810106 2224.19999999999981810106 2221.30000000000018189894 2222.00000000000000000000 2216.30000000000018189894 2216.50000000000000000000 2220.09999999999990905053 2224.40000000000009094947 2225.40000000000009094947 2221.00000000000000000000 2206.80000000000018189894 2176.30000000000018189894 2167.09999999999990905053 2169.19999999999981810106 2176.98999999999978172127
2434.40000000000009094947 2426.69999999999981810106 2417.90000000000009094947 2404.30000000000018189894 2395.69999999999981810106 2381.30000000000018189894 2363.69999999999981810106 2344.69999999999981810106 2320.80000000000018189894 2295.90000000000009094947 2274.59999999999990905053 2260.19999999999981810106 2248.40000000000009094947 2236.69999999999981810106 2226.59999999999990905053 2216.30000000000018189894 2204.50000000000000000000 2201.00000000000000000000 2201.19999999999981810106 2200.80000000000018189894 2203.50000000000000000000 2209.00000000000000000000 2215.09999999999990905053 2212.90000000000009094947 2208.50000000000000000000 2207.00000000000000000000 2204.09999999999990905053 2205.09999999999990905053 2204.90000000000009094947 2206.59999999999990905053 2207.69999999999981810106 2192.09999999999990905053 2172.59999999999990905053 2144.19999999999981810106 2149.88999999999987267074 2157.94999999999981810106 2163.09999999999990905053
2422.30000000000018189894 2411.90000000000009094947 2400.19999999999981810106 2389.30000000000018189894 2377.90000000000009094947 2370.19999999999981810106 2354.80000000000018189894 2334.09999999999990905053 2314.40000000000009094947 2292.59999999999990905053 2271.90000000000009094947 2255.40000000000009094947 2242.40000000000009094947 2228.90000000000009094947 2217.59999999999990905053 2207.90000000000009094947 2193.80000000000018189894 2184.59999999999990905053 2185.30000000000018189894 2183.19999999999981810106 2186.50000000000000000000 2185.59999999999990905053 2185.30000000000018189894 2185.00000000000000000000 2188.19999999999981810106 2193.09999999999990905053 2191.50000000000000000000 2182.69999999999981810106 2177.40000000000009094947 2165.00000000000000000000 2152.59999999999990905053 2132.19999999999981810106 2117.80000000000018189894 2129.69999999999981810106 2136.53000000000020008883 2142.03000000000020008883 2149.71000000000003637979
2414.90000000000009094947 2399.00000000000000000000 2392.90000000000009094947 2379.90000000000009094947 2369.90000000000009094947 2361.40000000000009094947 2342.00000000000000000000 2325.00000000000000000000 2307.19999999999981810106 2280.69999999999981810106 2265.90000000000009094947 2247.19999999999981810106 2231.80000000000018189894 2220.00000000000000000000 2206.90000000000009094947 2196.59999999999990905053 2182.80000000000018189894 2169.59999999999990905053 2161.59999999999990905053 2158.00000000000000000000 2157.00000000000000000000 2158.50000000000000000000 2161.50000000000000000000 2165.00000000000000000000 2175.30000000000018189894 2180.80000000000018189894 2177.80000000000018189894 2165.50000000000000000000 2157.09999999999990905053 2145.40000000000009094947 2120.80000000000018189894 2097.90000000000009094947 2118.78999999999996362021 2120.17000000000007275958 2121.15999999999985448085 2124.07999999999992724042 2132.32000000000016370905
2408.40000000000009094947 2397.59999999999990905053 2383.80000000000018189894 2380.19999999999981810106 2361.09999999999990905053 2346.30000000000018189894 2330.90000000000009094947 2320.40000000000009094947 2302.50000000000000000000 2277.50000000000000000000 2262.40000000000009094947 2244.19999999999981810106 2223.40000000000009094947 2206.09999999999990905053 2193.90000000000009094947 2181.90000000000009094947 2167.00000000000000000000 2154.59999999999990905053 2147.19999999999981810106 2142.00000000000000000000 2142.69999999999981810106 2148.30000000000018189894 2152.19999999999981810106 2154.69999999999981810106 2162.19999999999981810106 2166.09999999999990905053 2162.80000000000018189894 2153.69999999999981810106 2139.19999999999981810106 2122.19999999999981810106 2097.00000000000000000000 2105.11999999999989086064 2111.21000000000003637979 2117.90000000000009094947 2122.92000000000007275958 2118.46000000000003637979 2119.50000000000000000000
2396.90000000000009094947 2386.09999999999990905053 2372.50000000000000000000 2365.59999999999990905053 2352.69999999999981810106 2332.69999999999981810106 2317.19999999999981810106 2301.50000000000000000000 2283.09999999999990905053 2270.09999999999990905053 2261.19999999999981810106 2239.59999999999990905053 2221.50000000000000000000 2196.19999999999981810106 2177.30000000000018189894 2162.00000000000000000000 2147.80000000000018189894 2138.59999999999990905053 2133.19999999999981810106 2129.00000000000000000000 2131.59999999999990905053 2140.90000000000009094947 2143.30000000000018189894 2146.40000000000009094947 2152.00000000000000000000 2153.59999999999990905053 2150.80000000000018189894 2145.59999999999990905053 2127.19999999999981810106 2103.90000000000009094947 2075.69999999999981810106 2091.76999999999998181011 2097.09999999999990905053 2103.86000000000012732926 2110.46000000000003637979 2116.63999999999987267074 2119.34000000000014551915
2382.59999999999990905053 2373.59999999999990905053 2360.69999999999981810106 2352.40000000000009094947 2339.30000000000018189894 2325.50000000000000000000 2306.50000000000000000000 2291.59999999999990905053 2267.69999999999981810106 2251.40000000000009094947 2237.19999999999981810106 2222.50000000000000000000 2201.50000000000000000000 2180.80000000000018189894 2156.19999999999981810106 2139.80000000000018189894 2130.09999999999990905053 2123.59999999999990905053 2118.40000000000009094947 2116.30000000000018189894 2125.19999999999981810106 2130.59999999999990905053 2130.80000000000018189894 2134.30000000000018189894 2141.90000000000009094947 2142.09999999999990905053 2137.40000000000009094947 2123.69999999999981810106 2096.90000000000009094947 2075.40000000000009094947 2063.30000000000018189894 2057.80000000000018189894 2079.80999999999994543032 2087.98999999999978172127 2095.65999999999985448085 2102.05000000000018189894 2106.84000000000014551915
2370.90000000000009094947 2361.90000000000009094947 2351.59999999999990905053 2344.59999999999990905053 2332.59999999999990905053 2309.80000000000018189894 2286.19999999999981810106 2271.80000000000018189894 2257.40000000000009094947 2245.80000000000018189894 2225.00000000000000000000 2196.50000000000000000000 2181.80000000000018189894 2162.09999999999990905053 2141.69999999999981810106 2121.50000000000000000000 2113.59999999999990905053 2107.69999999999981810106 2105.19999999999981810106 2103.80000000000018189894 2115.30000000000018189894 2113.19999999999981810106 2110.40000000000009094947 2113.00000000000000000000 2126.30000000000018189894 2123.69999999999981810106 2101.90000000000009094947 2086.69999999999981810106 2079.59999999999990905053 2064.40000000000009094947 2053.00000000000000000000 2048.50000000000000000000 2060.07999999999992724042 2071.84000000000014551915 2080.17999999999983629095 2085.94999999999981810106 2093.42000000000007275958
