data/rhone/surface-2000.grid
NCOLS	167
NROWS	405
XLLCORNER	671250
YLLCORNER	157400
CELLSIZE	25
NODATA_value	-9999
[rows 48 to 63 of 405, columns 74 to 110 of 167]
3117.79739999999992505764 3123.95179999999982101144 3189.26000000000021827873 3199.90000000000009094947 3204.05000000000018189894 3203.98999999999978172127 3201.75000000000000000000 3200.19000000000005456968 3198.42999999999983629095 3196.34000000000014551915 3196.34999999999990905053 3195.38999999999987267074 3195.15000000000009094947 3193.73999999999978172127 3193.57999999999992724042 3195.36000000000012732926 3196.51999999999998181011 3197.63999999999987267074 3197.94000000000005456968 3198.13000000000010913936 3198.61999999999989086064 3201.15999999999985448085 3202.46999999999979991117 3203.76999999999998181011 3203.21000000000003637979 3203.80000000000018189894 3204.48999999999978172127 3203.84000000000014551915 3205.07999999999992724042 3204.73999999999978172127 3204.05999999999994543032 3204.21000000000003637979 3204.13999999999987267074 3205.36000000000012732926 3218.71999999999979991117 3223.82999999999992724042 3230.01000000000021827873
3105.01189999999996871338 3111.57740000000012514647 3177.96999999999979991117 3188.71000000000003637979 3194.53000000000020008883 3195.55999999999994543032 3193.17000000000007275958 3192.05000000000018189894 3191.03999999999996362021 3189.80000000000018189894 3189.30000000000018189894 3190.69999999999981810106 3190.19999999999981810106 3188.03000000000020008883 3189.46999999999979991117 3190.07999999999992724042 3189.98999999999978172127 3192.50000000000000000000 3193.90000000000009094947 3194.05999999999994543032 3195.51000000000021827873 3198.53000000000020008883 3199.55999999999994543032 3200.61000000000012732926 3198.11000000000012732926 3199.07999999999992724042 3200.61999999999989086064 3200.53000000000020008883 3201.46999999999979991117 3200.34999999999990905053 3199.84999999999990905053 3200.57999999999992724042 3201.57000000000016370905 3210.42000000000007275958 3216.65000000000009094947 3222.94000000000005456968 3229.38999999999987267074
3139.53000000000020008883 3099.78299999999990177457 3168.78999999999996362021 3178.94999999999981810106 3185.53000000000020008883 3187.30000000000018189894 3186.05000000000018189894 3184.48000000000001818989 3184.13999999999987267074 3184.84999999999990905053 3183.94000000000005456968 3183.94000000000005456968 3183.38999999999987267074 3183.98999999999978172127 3185.26999999999998181011 3185.67000000000007275958 3184.82000000000016370905 3185.82999999999992724042 3188.05000000000018189894 3189.86000000000012732926 3191.21000000000003637979 3193.03000000000020008883 3194.30999999999994543032 3195.17999999999983629095 3194.98000000000001818989 3196.67999999999983629095 3197.65999999999985448085 3196.42999999999983629095 3196.53000000000020008883 3195.86000000000012732926 3196.30999999999994543032 3198.50000000000000000000 3201.21999999999979991117 3207.44000000000005456968 3213.73999999999978172127 3222.13000000000010913936 3230.09000000000014551915
3081.29689999999982319423 3088.58410000000003492460 3159.78999999999996362021 3170.01999999999998181011 3173.26000000000021827873 3176.80999999999994543032 3178.55999999999994543032 3177.01999999999998181011 3177.23999999999978172127 3178.03999999999996362021 3177.21000000000003637979 3177.25000000000000000000 3176.94999999999981810106 3178.92999999999983629095 3179.48000000000001818989 3180.01999999999998181011 3180.73000000000001818989 3180.88000000000010913936 3182.96000000000003637979 3186.21999999999979991117 3188.03999999999996362021 3187.78999999999996362021 3188.76999999999998181011 3189.76999999999998181011 3190.26000000000021827873 3190.73999999999978172127 3193.38000000000010913936 3192.65000000000009094947 3192.36999999999989086064 3192.36000000000012732926 3191.55000000000018189894 3194.94999999999981810106 3201.92000000000007275958 3206.30000000000018189894 3213.09000000000014551915 3222.86000000000012732926 3230.86000000000012732926
3070.34670000000005529728 3077.91730000000006839400 3151.73000000000001818989 3160.44999999999981810106 3162.57000000000016370905 3167.07999999999992724042 3169.51000000000021827873 3170.07999999999992724042 3170.42999999999983629095 3170.21000000000003637979 3170.21999999999979991117 3169.76000000000021827873 3169.90999999999985448085 3170.13000000000010913936 3172.46999999999979991117 3174.65000000000009094947 3175.59999999999990905053 3176.57999999999992724042 3178.92000000000007275958 3181.40000000000009094947 3183.21999999999979991117 3184.03999999999996362021 3185.36000000000012732926 3186.57999999999992724042 3186.84000000000014551915 3187.05000000000018189894 3187.40999999999985448085 3188.69000000000005456968 3187.90000000000009094947 3188.15000000000009094947 3189.53000000000020008883 3193.82999999999992724042 3200.86000000000012732926 3203.03000000000020008883 3210.78000000000020008883 3222.46999999999979991117 3229.78000000000020008883
3059.90099999999983992893 3134.40000000000009094947 3141.61999999999989086064 3152.51000000000021827873 3158.26999999999998181011 3163.13000000000010913936 3164.28000000000020008883 3163.82000000000016370905 3163.88000000000010913936 3163.21000000000003637979 3163.46000000000003637979 3162.61000000000012732926 3162.96999999999979991117 3163.90000000000009094947 3166.03000000000020008883 3168.19000000000005456968 3169.69000000000005456968 3171.40000000000009094947 3174.65000000000009094947 3178.15999999999985448085 3178.34999999999990905053 3178.84999999999990905053 3183.05999999999994543032 3184.01000000000021827873 3183.42000000000007275958 3183.36000000000012732926 3184.90000000000009094947 3184.36000000000012732926 3185.46000000000003637979 3185.36999999999989086064 3186.17999999999983629095 3191.53999999999996362021 3198.38000000000010913936 3202.57999999999992724042 3211.75000000000000000000 3222.09999999999990905053 3228.30000000000018189894
3049.90799999999990177457 3120.28000000000020008883 3134.78000000000020008883 3145.32000000000016370905 3149.96999999999979991117 3153.98999999999978172127 3158.17999999999983629095 3158.07000000000016370905 3158.03999999999996362021 3156.73999999999978172127 3156.21000000000003637979 3156.59999999999990905053 3157.26000000000021827873 3158.38000000000010913936 3160.19000000000005456968 3162.13999999999987267074 3163.65000000000009094947 3165.11999999999989086064 3168.38999999999987267074 3174.94000000000005456968 3176.40000000000009094947 3178.90000000000009094947 3180.38999999999987267074 3180.38000000000010913936 3183.40999999999985448085 3181.25000000000000000000 3181.55999999999994543032 3180.69000000000005456968 3183.15999999999985448085 3181.01000000000021827873 3188.09000000000014551915 3190.40999999999985448085 3194.61000000000012732926 3201.34999999999990905053 3213.57000000000016370905 3224.80999999999994543032 3227.26000000000021827873
3100.05000000000018189894 3114.25000000000000000000 3128.09999999999990905053 3139.25000000000000000000 3143.78000000000020008883 3148.44000000000005456968 3151.82000000000016370905 3151.17000000000007275958 3151.28000000000020008883 3150.86999999999989086064 3151.86000000000012732926 3151.96999999999979991117 3152.28000000000020008883 3153.21999999999979991117 3154.88000000000010913936 3156.98000000000001818989 3158.73000000000001818989 3159.96999999999979991117 3164.25000000000000000000 3169.09999999999990905053 3172.34999999999990905053 3174.48999999999978172127 3175.23000000000001818989 3177.11999999999989086064 3179.21000000000003637979 3177.15999999999985448085 3178.76000000000021827873 3177.94999999999981810106 3176.98000000000001818989 3180.07000000000016370905 3185.84999999999990905053 3190.26000000000021827873 3195.44999999999981810106 3202.98999999999978172127 3214.59000000000014551915 3223.23999999999978172127 3226.36000000000012732926
3095.03999999999996362021 3109.73999999999978172127 3122.19999999999981810106 3133.09000000000014551915 3137.90999999999985448085 3141.19000000000005456968 3144.21999999999979991117 3144.80000000000018189894 3145.36999999999989086064 3145.32999999999992724042 3146.09000000000014551915 3146.84999999999990905053 3147.13000000000010913936 3148.09999999999990905053 3149.76999999999998181011 3152.55999999999994543032 3155.38000000000010913936 3157.34000000000014551915 3161.15999999999985448085 3164.61000000000012732926 3167.88999999999987267074 3169.92999999999983629095 3171.88999999999987267074 3173.05999999999994543032 3172.88999999999987267074 3173.21999999999979991117 3174.17000000000007275958 3173.42000000000007275958 3174.03000000000020008883 3178.30000000000018189894 3184.19999999999981810106 3190.90000000000009094947 3195.82999999999992724042 3203.73999999999978172127 3213.84000000000014551915 3220.19999999999981810106 3222.40000000000009094947
3093.90000000000009094947 3104.55000000000018189894 3116.73000000000001818989 3124.92000000000007275958 3131.92999999999983629095 3135.59000000000014551915 3137.09999999999990905053 3137.75000000000000000000 3138.17000000000007275958 3138.82999999999992724042 3140.32000000000016370905 3141.11999999999989086064 3141.71000000000003637979 3143.21999999999979991117 3144.48999999999978172127 3147.69999999999981810106 3150.40999999999985448085 3153.17999999999983629095 3156.84000000000014551915 3159.69999999999981810106 3162.53999999999996362021 3165.63999999999987267074 3167.71999999999979991117 3168.50000000000000000000 3169.03999999999996362021 3169.03999999999996362021 3169.67999999999983629095 3171.32000000000016370905 3173.13999999999987267074 3178.17000000000007275958 3183.36000000000012732926 3188.21000000000003637979 3193.98000000000001818989 3203.28999999999996362021 3208.78000000000020008883 3217.17999999999983629095 3217.32000000000016370905
3089.38999999999987267074 3099.80000000000018189894 3109.11000000000012732926 3120.67000000000007275958 3124.09000000000014551915 3128.38999999999987267074 3130.11999999999989086064 3130.13999999999987267074 3130.42999999999983629095 3131.51999999999998181011 3134.11000000000012732926 3135.53000000000020008883 3136.76999999999998181011 3138.34999999999990905053 3140.09999999999990905053 3142.69999999999981810106 3144.88000000000010913936 3148.03999999999996362021 3152.50000000000000000000 3155.88000000000010913936 3158.44999999999981810106 3160.65999999999985448085 3162.80999999999994543032 3164.48999999999978172127 3165.73999999999978172127 3165.07999999999992724042 3165.96999999999979991117 3169.11000000000012732926 3172.03999999999996362021 3179.92000000000007275958 3182.71999999999979991117 3187.57999999999992724042 3192.19000000000005456968 3201.63000000000010913936 3206.69000000000005456968 3211.84000000000014551915 3215.09000000000014551915
3084.07000000000016370905 3093.82000000000016370905 3104.23999999999978172127 3114.46000000000003637979 3118.51999999999998181011 3122.07000000000016370905 3123.25000000000000000000 3123.01000000000021827873 3123.23000000000001818989 3124.51999999999998181011 3128.82999999999992724042 3130.57999999999992724042 3132.17000000000007275958 3134.23000000000001818989 3135.98000000000001818989 3137.55000000000018189894 3139.09000000000014551915 3143.09000000000014551915 3148.13000000000010913936 3151.84999999999990905053 3154.15999999999985448085 3156.11000000000012732926 3158.00000000000000000000 3159.55999999999994543032 3160.96999999999979991117 3160.98000000000001818989 3163.98000000000001818989 3169.94999999999981810106 3173.17000000000007275958 3175.71999999999979991117 3180.90000000000009094947 3186.69999999999981810106 3192.48000000000001818989 3198.23000000000001818989 3203.42999999999983629095 3207.73000000000001818989 3211.38000000000010913936
3079.09999999999990905053 3089.38999999999987267074 3097.98000000000001818989 3105.98000000000001818989 3114.96999999999979991117 3118.13999999999987267074 3117.90000000000009094947 3118.61999999999989086064 3119.30000000000018189894 3120.96000000000003637979 3123.94999999999981810106 3125.90999999999985448085 3127.21000000000003637979 3129.92999999999983629095 3131.28999999999996362021 3132.86000000000012732926 3134.17999999999983629095 3137.90000000000009094947 3144.78000000000020008883 3147.65999999999985448085 3147.67999999999983629095 3148.48999999999978172127 3153.38999999999987267074 3156.61999999999989086064 3157.90000000000009094947 3158.57000000000016370905 3161.90000000000009094947 3168.76999999999998181011 3171.59000000000014551915 3174.23999999999978172127 3179.96999999999979991117 3185.25000000000000000000 3189.76999999999998181011 3194.55000000000018189894 3199.73000000000001818989 3204.00000000000000000000 3207.84000000000014551915
3072.73000000000001818989 3082.57000000000016370905 3095.26000000000021827873 3102.88000000000010913936 3110.44000000000005456968 3114.15000000000009094947 3115.71000000000003637979 3115.76999999999998181011 3116.15000000000009094947 3117.84999999999990905053 3119.42999999999983629095 3121.19999999999981810106 3122.88000000000010913936 3125.25000000000000000000 3126.09000000000014551915 3128.11000000000012732926 3129.51999999999998181011 3132.82000000000016370905 3137.13000000000010913936 3142.73000000000001818989 3145.51000000000021827873 3148.53999999999996362021 3151.40999999999985448085 3153.19000000000005456968 3153.71999999999979991117 3156.76000000000021827873 3161.71000000000003637979 3166.50000000000000000000 3170.84999999999990905053 3175.07999999999992724042 3178.90999999999985448085 3183.88000000000010913936 3188.38999999999987267074 3192.30000000000018189894 3196.90999999999985448085 3200.28000000000020008883 3202.84999999999990905053
3067.05999999999994543032 3077.07000000000016370905 3089.11999999999989086064 3098.05000000000018189894 3102.59000000000014551915 3107.88000000000010913936 3108.82999999999992724042 3110.73000000000001818989 3112.15999999999985448085 3113.88999999999987267074 3114.86999999999989086064 3116.13000000000010913936 3117.86000000000012732926 3119.32999999999992724042 3121.13000000000010913936 3122.94000000000005456968 3125.09999999999990905053 3129.09999999999990905053 3132.82000000000016370905 3138.07000000000016370905 3141.05000000000018189894 3143.61000000000012732926 3145.53999999999996362021 3147.94999999999981810106 3150.34000000000014551915 3154.55999999999994543032 3159.78000000000020008883 3164.13999999999987267074 3170.15999999999985448085 3174.19999999999981810106 3178.59000000000014551915 3183.00000000000000000000 3187.63000000000010913936 3191.05000000000018189894 3194.46999999999979991117 3196.07000000000016370905 3197.67999999999983629095
3061.01999999999998181011 3070.30000000000018189894 3080.71999999999979991117 3090.82000000000016370905 3095.13000000000010913936 3102.78000000000020008883 3105.09999999999990905053 3105.59000000000014551915 3107.44999999999981810106 3108.30999999999994543032 3109.71000000000003637979 3111.34000000000014551915 3112.92000000000007275958 3114.00000000000000000000 3115.90999999999985448085 3118.71999999999979991117 3122.09999999999990905053 3125.61000000000012732926 3128.76999999999998181011 3134.09000000000014551915 3135.17999999999983629095 3135.65000000000009094947 3138.88999999999987267074 3141.42999999999983629095 3147.01999999999998181011 3152.80000000000018189894 3158.57999999999992724042 3164.05000000000018189894 3169.65999999999985448085 3173.55000000000018189894 3176.90000000000009094947 3180.75000000000000000000 3184.94999999999981810106 3188.44999999999981810106 3189.80000000000018189894 3190.78999999999996362021 3192.96999999999979991117
