data/rhone/surface-1980.grid
NCOLS	167
NROWS	405
XLLCORNER	671250
YLLCORNER	157400
CELLSIZE	25
NODATA_value	-9999
[rows 304 to 319 of 405, columns 37 to 73 of 167]
2328.50000000000000000000 2328.80000000000018189894 2325.59999999999990905053 2336.84999999999990905053 2345.26000000000021827873 2351.03000000000020008883 2355.38000000000010913936 2361.86000000000012732926 2375.53999999999996362021 2379.32999999999992724042 2382.40000000000009094947 2384.28000000000020008883 2384.94999999999981810106 2385.40000000000009094947 2386.98000000000001818989 2389.51999999999998181011 2389.67999999999983629095 2390.28999999999996362021 2390.19000000000005456968 2389.13999999999987267074 2388.69000000000005456968 2387.51000000000021827873 2386.69000000000005456968 2386.42999999999983629095 2386.25000000000000000000 2386.46999999999979991117 2386.48999999999978172127 2386.44999999999981810106 2385.34999999999990905053 2384.92999999999983629095 2383.88999999999987267074 2382.50000000000000000000 2380.88999999999987267074 2380.09000000000014551915 2379.28999999999996362021 2379.17000000000007275958 2377.76000000000021827873
2316.50000000000000000000 2319.40000000000009094947 2325.19999999999981810106 2329.80000000000018189894 2335.11999999999989086064 2340.94999999999981810106 2349.15999999999985448085 2358.11000000000012732926 2369.00000000000000000000 2374.53000000000020008883 2377.55000000000018189894 2380.55000000000018189894 2381.73999999999978172127 2382.53000000000020008883 2384.44000000000005456968 2386.28000000000020008883 2387.19000000000005456968 2387.53000000000020008883 2387.67000000000007275958 2387.34999999999990905053 2386.80999999999994543032 2385.55000000000018189894 2384.94000000000005456968 2384.28000000000020008883 2384.71000000000003637979 2385.15000000000009094947 2385.03000000000020008883 2384.88000000000010913936 2383.03999999999996362021 2383.32999999999992724042 2382.13999999999987267074 2380.75000000000000000000 2379.38999999999987267074 2378.48999999999978172127 2378.15000000000009094947 2376.92999999999983629095 2375.55999999999994543032
2313.90000000000009094947 2320.30000000000018189894 2319.40000000000009094947 2323.90000000000009094947 2329.80000000000018189894 2334.80999999999994543032 2343.96000000000003637979 2355.61999999999989086064 2364.26999999999998181011 2371.55000000000018189894 2374.86999999999989086064 2377.84000000000014551915 2378.94000000000005456968 2381.11000000000012732926 2383.44999999999981810106 2384.48999999999978172127 2385.71000000000003637979 2384.94999999999981810106 2386.01000000000021827873 2386.46000000000003637979 2385.26000000000021827873 2383.96999999999979991117 2383.11000000000012732926 2382.76999999999998181011 2383.34000000000014551915 2383.32000000000016370905 2383.11999999999989086064 2382.15999999999985448085 2381.30000000000018189894 2381.42999999999983629095 2380.32000000000016370905 2379.05999999999994543032 2377.90999999999985448085 2376.90999999999985448085 2376.07000000000016370905 2375.30000000000018189894 2374.05000000000018189894
2307.19999999999981810106 2313.00000000000000000000 2319.59999999999990905053 2322.80000000000018189894 2328.00000000000000000000 2333.09999999999990905053 2341.13000000000010913936 2354.03999999999996362021 2360.59999999999990905053 2366.96999999999979991117 2368.80000000000018189894 2374.90000000000009094947 2375.63000000000010913936 2380.21000000000003637979 2381.36999999999989086064 2382.71999999999979991117 2382.84999999999990905053 2383.17000000000007275958 2383.84999999999990905053 2384.67000000000007275958 2383.61999999999989086064 2382.15000000000009094947 2381.51000000000021827873 2381.11000000000012732926 2380.61000000000012732926 2381.15999999999985448085 2381.13000000000010913936 2380.71999999999979991117 2379.50000000000000000000 2379.55000000000018189894 2378.50000000000000000000 2377.36999999999989086064 2376.51000000000021827873 2375.21000000000003637979 2374.57000000000016370905 2373.34999999999990905053 2371.42999999999983629095
2303.50000000000000000000 2312.00000000000000000000 2321.80000000000018189894 2325.90000000000009094947 2329.59999999999990905053 2332.80000000000018189894 2337.63999999999987267074 2349.19999999999981810106 2354.84000000000014551915 2360.15000000000009094947 2369.42000000000007275958 2374.17000000000007275958 2375.55000000000018189894 2378.26999999999998181011 2377.90000000000009094947 2379.01000000000021827873 2380.90000000000009094947 2382.50000000000000000000 2382.71999999999979991117 2382.40999999999985448085 2381.32999999999992724042 2379.82999999999992724042 2379.82999999999992724042 2379.84000000000014551915 2379.78999999999996362021 2379.25000000000000000000 2378.94999999999981810106 2378.57999999999992724042 2378.09999999999990905053 2377.09999999999990905053 2375.30000000000018189894 2376.09999999999990905053 2375.05000000000018189894 2373.75000000000000000000 2373.53000000000020008883 2371.28999999999996362021 2368.61000000000012732926
2300.00000000000000000000 2314.90000000000009094947 2320.90000000000009094947 2322.69999999999981810106 2325.50000000000000000000 2328.00000000000000000000 2332.50000000000000000000 2339.23000000000001818989 2348.48999999999978172127 2354.92000000000007275958 2360.98000000000001818989 2367.11999999999989086064 2373.98999999999978172127 2376.78000000000020008883 2376.36000000000012732926 2377.28000000000020008883 2378.98000000000001818989 2380.13000000000010913936 2380.67000000000007275958 2380.07000000000016370905 2379.01999999999998181011 2377.94999999999981810106 2377.61000000000012732926 2377.40000000000009094947 2378.30000000000018189894 2377.21000000000003637979 2376.82999999999992724042 2376.55000000000018189894 2376.23999999999978172127 2375.44999999999981810106 2374.09000000000014551915 2372.96000000000003637979 2373.36999999999989086064 2371.46999999999979991117 2370.76999999999998181011 2369.76999999999998181011 2367.30999999999994543032
2296.19999999999981810106 2299.80000000000018189894 2304.69999999999981810106 2314.90000000000009094947 2319.69999999999981810106 2324.90000000000009094947 2332.50000000000000000000 2335.80000000000018189894 2349.38000000000010913936 2346.01000000000021827873 2355.19999999999981810106 2360.50000000000000000000 2371.26999999999998181011 2372.48999999999978172127 2374.19999999999981810106 2375.51000000000021827873 2376.40000000000009094947 2377.25000000000000000000 2377.40999999999985448085 2377.76999999999998181011 2376.17999999999983629095 2375.34999999999990905053 2374.76999999999998181011 2374.48999999999978172127 2374.92999999999983629095 2375.01000000000021827873 2375.51999999999998181011 2375.15000000000009094947 2374.13000000000010913936 2374.01999999999998181011 2373.17000000000007275958 2372.50000000000000000000 2370.88999999999987267074 2368.32000000000016370905 2368.01999999999998181011 2368.01999999999998181011 2366.28999999999996362021
2284.00000000000000000000 2291.69999999999981810106 2302.09999999999990905053 2320.40000000000009094947 2324.19999999999981810106 2325.59999999999990905053 2329.59999999999990905053 2334.59999999999990905053 2334.42999999999983629095 2333.09999999999990905053 2355.21999999999979991117 2358.55000000000018189894 2367.69000000000005456968 2368.09999999999990905053 2369.07999999999992724042 2372.78999999999996362021 2373.46999999999979991117 2373.25000000000000000000 2374.36999999999989086064 2374.23000000000001818989 2373.11000000000012732926 2372.30000000000018189894 2371.92000000000007275958 2372.46000000000003637979 2372.34000000000014551915 2372.65999999999985448085 2372.30999999999994543032 2372.07000000000016370905 2371.82999999999992724042 2371.34999999999990905053 2371.26999999999998181011 2370.46999999999979991117 2369.03999999999996362021 2367.40999999999985448085 2366.67999999999983629095 2365.78999999999996362021 2364.15999999999985448085
2281.80000000000018189894 2292.90000000000009094947 2305.30000000000018189894 2311.00000000000000000000 2317.00000000000000000000 2322.90000000000009094947 2326.09999999999990905053 2326.30000000000018189894 2324.19999999999981810106 2332.80999999999994543032 2344.76999999999998181011 2353.44000000000005456968 2363.13000000000010913936 2366.55999999999994543032 2367.34999999999990905053 2368.51999999999998181011 2369.86000000000012732926 2370.53999999999996362021 2370.76000000000021827873 2370.11000000000012732926 2368.13000000000010913936 2368.92999999999983629095 2368.36000000000012732926 2368.84000000000014551915 2368.94999999999981810106 2368.98999999999978172127 2370.15000000000009094947 2370.00000000000000000000 2369.46000000000003637979 2368.82999999999992724042 2368.36999999999989086064 2367.90999999999985448085 2367.07000000000016370905 2366.17999999999983629095 2365.17999999999983629095 2364.01000000000021827873 2362.01000000000021827873
2274.80000000000018189894 2280.80000000000018189894 2292.80000000000018189894 2304.19999999999981810106 2311.59999999999990905053 2318.59999999999990905053 2321.80000000000018189894 2320.19999999999981810106 2320.19999999999981810106 2330.15999999999985448085 2339.23999999999978172127 2351.57000000000016370905 2358.57999999999992724042 2361.61000000000012732926 2363.11999999999989086064 2364.53000000000020008883 2364.61999999999989086064 2365.80999999999994543032 2366.00000000000000000000 2365.67999999999983629095 2364.67000000000007275958 2364.65999999999985448085 2364.82000000000016370905 2365.21000000000003637979 2365.63999999999987267074 2366.50000000000000000000 2367.30999999999994543032 2367.82999999999992724042 2366.90999999999985448085 2366.19999999999981810106 2365.78999999999996362021 2365.38000000000010913936 2364.67999999999983629095 2363.76000000000021827873 2363.57999999999992724042 2362.65999999999985448085 2361.67999999999983629095
2271.19999999999981810106 2279.59999999999990905053 2287.50000000000000000000 2293.69999999999981810106 2298.09999999999990905053 2307.69999999999981810106 2313.90000000000009094947 2313.59999999999990905053 2318.46000000000003637979 2328.01000000000021827873 2338.07999999999992724042 2350.13000000000010913936 2355.00000000000000000000 2357.65000000000009094947 2358.40000000000009094947 2360.00000000000000000000 2360.01000000000021827873 2360.76999999999998181011 2360.82000000000016370905 2360.42999999999983629095 2359.98000000000001818989 2359.84000000000014551915 2361.07999999999992724042 2361.44999999999981810106 2362.30999999999994543032 2363.80999999999994543032 2364.17999999999983629095 2364.57000000000016370905 2363.71000000000003637979 2363.38999999999987267074 2363.13999999999987267074 2362.96999999999979991117 2362.44999999999981810106 2361.07999999999992724042 2361.90999999999985448085 2361.36000000000012732926 2360.76999999999998181011
2261.59999999999990905053 2266.50000000000000000000 2274.40000000000009094947 2283.00000000000000000000 2289.59999999999990905053 2301.50000000000000000000 2306.40000000000009094947 2306.40000000000009094947 2319.25000000000000000000 2324.36999999999989086064 2339.61999999999989086064 2345.98999999999978172127 2351.98999999999978172127 2352.88000000000010913936 2354.00000000000000000000 2355.26000000000021827873 2355.42999999999983629095 2356.09000000000014551915 2356.40000000000009094947 2355.90999999999985448085 2355.63000000000010913936 2356.01999999999998181011 2356.63999999999987267074 2358.03000000000020008883 2359.53000000000020008883 2360.59000000000014551915 2360.40000000000009094947 2360.90000000000009094947 2360.80000000000018189894 2361.13999999999987267074 2361.40999999999985448085 2361.07999999999992724042 2360.94000000000005456968 2360.38999999999987267074 2360.96000000000003637979 2361.13999999999987267074 2360.53000000000020008883
2256.59999999999990905053 2259.09999999999990905053 2262.69999999999981810106 2274.50000000000000000000 2280.80000000000018189894 2292.69999999999981810106 2299.69999999999981810106 2304.69999999999981810106 2314.98000000000001818989 2329.78000000000020008883 2340.71000000000003637979 2346.11000000000012732926 2347.73999999999978172127 2348.86000000000012732926 2349.75000000000000000000 2350.13000000000010913936 2350.44999999999981810106 2350.34999999999990905053 2351.11999999999989086064 2351.59000000000014551915 2352.15000000000009094947 2352.26000000000021827873 2353.59000000000014551915 2354.96999999999979991117 2356.13999999999987267074 2357.07000000000016370905 2356.50000000000000000000 2356.86000000000012732926 2357.48000000000001818989 2358.63999999999987267074 2359.71999999999979991117 2359.17000000000007275958 2359.40000000000009094947 2359.92000000000007275958 2360.17000000000007275958 2359.51999999999998181011 2358.88999999999987267074
2252.50000000000000000000 2254.09999999999990905053 2257.69999999999981810106 2264.30000000000018189894 2275.80000000000018189894 2283.19999999999981810106 2291.09999999999990905053 2302.19999999999981810106 2313.09999999999990905053 2332.63999999999987267074 2338.78000000000020008883 2342.30000000000018189894 2343.73000000000001818989 2344.71000000000003637979 2345.03000000000020008883 2345.48000000000001818989 2346.03999999999996362021 2345.34000000000014551915 2346.17000000000007275958 2347.42999999999983629095 2348.59999999999990905053 2349.09999999999990905053 2350.30999999999994543032 2352.11000000000012732926 2353.61000000000012732926 2354.17999999999983629095 2353.61000000000012732926 2354.50000000000000000000 2355.21999999999979991117 2355.57999999999992724042 2357.26999999999998181011 2357.71000000000003637979 2357.80999999999994543032 2358.48000000000001818989 2357.84000000000014551915 2357.57999999999992724042 2356.11999999999989086064
2246.50000000000000000000 2248.09999999999990905053 2253.09999999999990905053 2259.69999999999981810106 2270.80000000000018189894 2274.69999999999981810106 2279.80000000000018189894 2297.69999999999981810106 2318.42000000000007275958 2330.03000000000020008883 2334.09000000000014551915 2339.40999999999985448085 2339.96999999999979991117 2340.46999999999979991117 2340.32999999999992724042 2340.07000000000016370905 2340.44000000000005456968 2340.75000000000000000000 2341.59999999999990905053 2342.78999999999996362021 2344.48000000000001818989 2346.13999999999987267074 2347.78999999999996362021 2349.25000000000000000000 2350.55000000000018189894 2351.23000000000001818989 2350.65999999999985448085 2352.30999999999994543032 2353.44000000000005456968 2354.26000000000021827873 2355.11999999999989086064 2355.78999999999996362021 2356.96000000000003637979 2357.19999999999981810106 2356.23000000000001818989 2354.63999999999987267074 2353.80999999999994543032
2241.09999999999990905053 2243.90000000000009094947 2247.09999999999990905053 2257.59999999999990905053 2263.40000000000009094947 2267.09999999999990905053 2271.90000000000009094947 2292.82000000000016370905 2316.78000000000020008883 2326.69000000000005456968 2333.19000000000005456968 2336.28000000000020008883 2336.61999999999989086064 2336.51999999999998181011 2335.76000000000021827873 2335.30000000000018189894 2335.82999999999992724042 2337.25000000000000000000 2338.69999999999981810106 2340.38000000000010913936 2341.80999999999994543032 2343.86000000000012732926 2345.05000000000018189894 2346.19999999999981810106 2348.57999999999992724042 2349.03000000000020008883 2349.59000000000014551915 2350.92999999999983629095 2352.59999999999990905053 2353.76000000000021827873 2353.69999999999981810106 2353.94999999999981810106 2356.40000000000009094947 2355.67999999999983629095 2354.71000000000003637979 2353.63000000000010913936 2352.05999999999994543032
