data/rhone/surface-1929.grid
NCOLS	167
NROWS	405
XLLCORNER	671250
YLLCORNER	157400
CELLSIZE	25
NODATA_value	-9999
[rows 160 to 175 of 405, columns 74 to 110 of 167]
2859.32999999999992724042 2857.17000000000007275958 2857.48000000000001818989 2858.48000000000001818989 2860.32000000000016370905 2861.19999999999981810106 2861.44999999999981810106 2861.71000000000003637979 2861.03999999999996362021 2860.46999999999979991117 2860.38000000000010913936 2860.13999999999987267074 2859.98000000000001818989 2859.86000000000012732926 2859.80999999999994543032 2860.17000000000007275958 2859.96000000000003637979 2859.42000000000007275958 2858.96999999999979991117 2858.71999999999979991117 2858.46000000000003637979 2858.51999999999998181011 2859.11999999999989086064 2860.07000000000016370905 2861.44000000000005456968 2862.86999999999989086064 2863.78999999999996362021 2863.40000000000009094947 2862.07999999999992724042 2860.46999999999979991117 2859.55999999999994543032 2859.05000000000018189894 2858.86999999999989086064 2859.57000000000016370905 2860.28999999999996362021 2860.07000000000016370905 2859.07999999999992724042
2855.17999999999983629095 2854.23999999999978172127 2853.76999999999998181011 2854.88999999999987267074 2857.01999999999998181011 2857.80999999999994543032 2858.30000000000018189894 2859.36999999999989086064 2858.96000000000003637979 2858.17999999999983629095 2858.21000000000003637979 2858.11000000000012732926 2858.01000000000021827873 2857.94000000000005456968 2857.96000000000003637979 2858.21000000000003637979 2858.17000000000007275958 2857.63000000000010913936 2857.11999999999989086064 2856.84000000000014551915 2856.76999999999998181011 2857.07999999999992724042 2857.88000000000010913936 2859.05000000000018189894 2860.44999999999981810106 2861.36999999999989086064 2862.21000000000003637979 2861.63999999999987267074 2860.46999999999979991117 2859.34000000000014551915 2858.15999999999985448085 2857.46999999999979991117 2857.26999999999998181011 2857.63000000000010913936 2857.94999999999981810106 2857.63999999999987267074 2855.76999999999998181011
2851.90999999999985448085 2850.11000000000012732926 2849.65000000000009094947 2850.55000000000018189894 2852.65000000000009094947 2854.63000000000010913936 2855.65999999999985448085 2856.55999999999994543032 2856.55000000000018189894 2856.21999999999979991117 2856.25000000000000000000 2856.17000000000007275958 2856.07000000000016370905 2856.00000000000000000000 2856.01999999999998181011 2856.13000000000010913936 2856.07000000000016370905 2855.61999999999989086064 2855.03999999999996362021 2854.76000000000021827873 2854.82000000000016370905 2855.34999999999990905053 2856.36000000000012732926 2857.69999999999981810106 2859.21000000000003637979 2860.59999999999990905053 2861.26000000000021827873 2860.38000000000010913936 2859.17000000000007275958 2857.75000000000000000000 2856.48000000000001818989 2855.69999999999981810106 2855.42999999999983629095 2855.36000000000012732926 2855.03000000000020008883 2853.86999999999989086064 2851.61999999999989086064
2846.09999999999990905053 2846.21999999999979991117 2845.76000000000021827873 2846.88000000000010913936 2849.26000000000021827873 2852.03000000000020008883 2853.03000000000020008883 2853.94999999999981810106 2854.13999999999987267074 2854.09000000000014551915 2854.38000000000010913936 2854.21999999999979991117 2854.09000000000014551915 2853.98000000000001818989 2853.96000000000003637979 2854.03999999999996362021 2854.03999999999996362021 2853.59999999999990905053 2852.82999999999992724042 2852.53000000000020008883 2852.67999999999983629095 2853.34000000000014551915 2854.51999999999998181011 2855.86000000000012732926 2857.17000000000007275958 2858.26000000000021827873 2858.63999999999987267074 2858.46999999999979991117 2856.80000000000018189894 2855.51000000000021827873 2854.34000000000014551915 2853.59999999999990905053 2853.46999999999979991117 2853.21999999999979991117 2852.67999999999983629095 2851.40999999999985448085 2849.53999999999996362021
2841.48999999999978172127 2841.61000000000012732926 2840.75000000000000000000 2841.23000000000001818989 2842.78999999999996362021 2848.92000000000007275958 2849.98000000000001818989 2851.42999999999983629095 2851.71999999999979991117 2851.73000000000001818989 2852.53999999999996362021 2852.11999999999989086064 2852.01000000000021827873 2851.84000000000014551915 2851.80000000000018189894 2851.96000000000003637979 2852.17999999999983629095 2851.76000000000021827873 2850.63999999999987267074 2850.38000000000010913936 2850.53999999999996362021 2851.28999999999996362021 2852.59000000000014551915 2853.75000000000000000000 2854.50000000000000000000 2854.51000000000021827873 2853.38000000000010913936 2851.98999999999978172127 2852.63999999999987267074 2852.78000000000020008883 2851.98999999999978172127 2851.30999999999994543032 2851.61999999999989086064 2851.36999999999989086064 2850.98999999999978172127 2849.92999999999983629095 2848.76000000000021827873
2843.84000000000014551915 2841.76000000000021827873 2839.88000000000010913936 2839.32000000000016370905 2840.03999999999996362021 2844.82999999999992724042 2847.48999999999978172127 2848.80000000000018189894 2849.42999999999983629095 2849.46000000000003637979 2850.13000000000010913936 2849.80000000000018189894 2849.69000000000005456968 2849.57000000000016370905 2849.55999999999994543032 2849.90999999999985448085 2850.44999999999981810106 2849.82999999999992724042 2849.26000000000021827873 2848.78999999999996362021 2848.76999999999998181011 2849.82000000000016370905 2850.94999999999981810106 2851.88999999999987267074 2852.34000000000014551915 2851.98000000000001818989 2850.40000000000009094947 2850.38999999999987267074 2850.61999999999989086064 2851.19999999999981810106 2850.34000000000014551915 2849.42000000000007275958 2849.78000000000020008883 2849.92000000000007275958 2849.55999999999994543032 2848.76999999999998181011 2847.48000000000001818989
2840.73999999999978172127 2839.53999999999996362021 2840.09999999999990905053 2839.80000000000018189894 2840.30999999999994543032 2842.96000000000003637979 2845.11000000000012732926 2846.30999999999994543032 2846.96000000000003637979 2847.28999999999996362021 2847.71000000000003637979 2847.48000000000001818989 2847.26000000000021827873 2847.19000000000005456968 2847.44000000000005456968 2848.01999999999998181011 2848.65000000000009094947 2847.92999999999983629095 2847.34000000000014551915 2847.05000000000018189894 2847.28999999999996362021 2848.28999999999996362021 2849.11999999999989086064 2850.15000000000009094947 2850.94000000000005456968 2851.36000000000012732926 2850.65999999999985448085 2848.96999999999979991117 2849.51000000000021827873 2849.80000000000018189894 2849.44000000000005456968 2848.34999999999990905053 2847.98999999999978172127 2847.96000000000003637979 2847.65000000000009094947 2846.96999999999979991117 2845.88999999999987267074
2836.90999999999985448085 2839.46999999999979991117 2839.73000000000001818989 2840.03000000000020008883 2840.40999999999985448085 2842.01000000000021827873 2843.32999999999992724042 2844.05000000000018189894 2844.48000000000001818989 2844.84999999999990905053 2845.03999999999996362021 2844.92999999999983629095 2844.65999999999985448085 2844.55999999999994543032 2844.98000000000001818989 2845.46999999999979991117 2845.67000000000007275958 2845.23000000000001818989 2844.90999999999985448085 2844.86999999999989086064 2845.25000000000000000000 2846.23000000000001818989 2847.57999999999992724042 2849.19000000000005456968 2849.67999999999983629095 2849.88000000000010913936 2849.21000000000003637979 2848.01999999999998181011 2847.82000000000016370905 2847.71999999999979991117 2847.36000000000012732926 2846.65999999999985448085 2846.21999999999979991117 2845.98999999999978172127 2845.63999999999987267074 2845.07000000000016370905 2844.23999999999978172127
2833.38999999999987267074 2836.75000000000000000000 2838.65999999999985448085 2839.94000000000005456968 2840.73999999999978172127 2841.48999999999978172127 2841.88000000000010913936 2841.90999999999985448085 2841.96000000000003637979 2842.32000000000016370905 2842.34999999999990905053 2842.34999999999990905053 2842.00000000000000000000 2841.82000000000016370905 2842.46999999999979991117 2842.86999999999989086064 2842.67000000000007275958 2842.30999999999994543032 2842.26000000000021827873 2842.44000000000005456968 2842.80000000000018189894 2843.69000000000005456968 2845.30000000000018189894 2847.01000000000021827873 2848.03999999999996362021 2848.65999999999985448085 2847.51000000000021827873 2846.38999999999987267074 2845.73000000000001818989 2845.34000000000014551915 2844.98000000000001818989 2844.57999999999992724042 2844.25000000000000000000 2843.96999999999979991117 2843.61000000000012732926 2843.21999999999979991117 2842.63999999999987267074
2832.57000000000016370905 2835.30000000000018189894 2837.59999999999990905053 2839.38000000000010913936 2839.92999999999983629095 2840.48000000000001818989 2839.94000000000005456968 2839.67999999999983629095 2839.48000000000001818989 2839.65999999999985448085 2839.69000000000005456968 2839.71999999999979991117 2839.55999999999994543032 2839.65000000000009094947 2840.30000000000018189894 2840.55999999999994543032 2839.96999999999979991117 2839.86999999999989086064 2839.80999999999994543032 2840.17999999999983629095 2840.34000000000014551915 2841.05000000000018189894 2842.84000000000014551915 2844.48000000000001818989 2845.34999999999990905053 2845.36999999999989086064 2844.61000000000012732926 2844.00000000000000000000 2843.25000000000000000000 2842.78999999999996362021 2842.50000000000000000000 2842.38999999999987267074 2842.25000000000000000000 2842.00000000000000000000 2841.63999999999987267074 2841.55000000000018189894 2841.21000000000003637979
2832.44000000000005456968 2834.42000000000007275958 2836.13000000000010913936 2837.42999999999983629095 2838.07000000000016370905 2838.78000000000020008883 2838.88999999999987267074 2837.82999999999992724042 2837.01000000000021827873 2836.55000000000018189894 2836.19000000000005456968 2836.57999999999992724042 2837.00000000000000000000 2837.40000000000009094947 2837.75000000000000000000 2838.01000000000021827873 2837.53999999999996362021 2837.42999999999983629095 2837.55999999999994543032 2837.92000000000007275958 2838.44000000000005456968 2839.65000000000009094947 2840.98000000000001818989 2842.36000000000012732926 2842.82999999999992724042 2842.11000000000012732926 2841.48999999999978172127 2841.55000000000018189894 2840.69000000000005456968 2840.28000000000020008883 2840.09999999999990905053 2840.30999999999994543032 2840.38000000000010913936 2840.23999999999978172127 2839.88000000000010913936 2840.30999999999994543032 2840.09999999999990905053
2831.94000000000005456968 2833.34999999999990905053 2834.34000000000014551915 2835.07000000000016370905 2835.57999999999992724042 2835.92000000000007275958 2835.76999999999998181011 2835.01000000000021827873 2834.17000000000007275958 2833.42999999999983629095 2832.53000000000020008883 2833.46999999999979991117 2834.23999999999978172127 2834.34999999999990905053 2834.53999999999996362021 2834.69000000000005456968 2834.71999999999979991117 2835.13000000000010913936 2835.48000000000001818989 2836.01999999999998181011 2836.86000000000012732926 2838.07999999999992724042 2839.30000000000018189894 2840.73000000000001818989 2841.19000000000005456968 2840.19000000000005456968 2839.51000000000021827873 2839.26999999999998181011 2838.67000000000007275958 2838.21999999999979991117 2838.15000000000009094947 2838.36000000000012732926 2838.73999999999978172127 2838.55999999999994543032 2838.73999999999978172127 2839.57999999999992724042 2839.63000000000010913936
2830.26999999999998181011 2831.50000000000000000000 2832.07999999999992724042 2832.40000000000009094947 2832.76999999999998181011 2832.75000000000000000000 2832.36999999999989086064 2831.90999999999985448085 2831.32999999999992724042 2831.03000000000020008883 2830.15999999999985448085 2831.17000000000007275958 2831.88000000000010913936 2831.19999999999981810106 2831.26999999999998181011 2831.36000000000012732926 2831.73999999999978172127 2832.82000000000016370905 2833.30000000000018189894 2834.03000000000020008883 2835.17999999999983629095 2836.59000000000014551915 2838.15000000000009094947 2838.82999999999992724042 2839.34999999999990905053 2839.07999999999992724042 2837.78000000000020008883 2837.09000000000014551915 2836.69000000000005456968 2836.48000000000001818989 2836.48999999999978172127 2836.61999999999989086064 2836.78000000000020008883 2836.69999999999981810106 2836.78999999999996362021 2837.03999999999996362021 2837.09000000000014551915
2827.28999999999996362021 2828.80000000000018189894 2829.44000000000005456968 2829.71999999999979991117 2830.03999999999996362021 2829.82000000000016370905 2829.55999999999994543032 2829.01999999999998181011 2828.53000000000020008883 2828.23000000000001818989 2827.78000000000020008883 2828.88999999999987267074 2829.44000000000005456968 2828.40000000000009094947 2828.46000000000003637979 2828.63000000000010913936 2829.21000000000003637979 2830.11999999999989086064 2830.75000000000000000000 2831.67000000000007275958 2833.07000000000016370905 2834.21000000000003637979 2835.17000000000007275958 2835.76000000000021827873 2835.96000000000003637979 2835.44999999999981810106 2834.78000000000020008883 2834.50000000000000000000 2834.61000000000012732926 2834.76000000000021827873 2834.90000000000009094947 2834.94000000000005456968 2834.92000000000007275958 2834.78999999999996362021 2834.92000000000007275958 2835.38999999999987267074 2836.55000000000018189894
2824.98999999999978172127 2825.88999999999987267074 2826.67000000000007275958 2827.07999999999992724042 2827.21000000000003637979 2826.90000000000009094947 2826.48999999999978172127 2825.92000000000007275958 2825.38999999999987267074 2825.07999999999992724042 2825.30999999999994543032 2826.11999999999989086064 2826.42999999999983629095 2825.84000000000014551915 2825.59000000000014551915 2825.55999999999994543032 2826.03000000000020008883 2827.42000000000007275958 2828.26000000000021827873 2829.19000000000005456968 2830.88000000000010913936 2831.59000000000014551915 2831.92999999999983629095 2832.48999999999978172127 2832.55000000000018189894 2831.61999999999989086064 2831.53000000000020008883 2831.80000000000018189894 2832.59000000000014551915 2833.07000000000016370905 2833.36000000000012732926 2833.28999999999996362021 2833.15000000000009094947 2832.88000000000010913936 2833.11999999999989086064 2833.75000000000000000000 2835.25000000000000000000
2820.94999999999981810106 2822.48000000000001818989 2823.80999999999994543032 2824.40000000000009094947 2824.46000000000003637979 2823.90999999999985448085 2823.40999999999985448085 2822.80000000000018189894 2822.21000000000003637979 2821.82999999999992724042 2822.61000000000012732926 2823.42000000000007275958 2823.61999999999989086064 2823.13999999999987267074 2822.69999999999981810106 2822.40000000000009094947 2822.32000000000016370905 2823.88999999999987267074 2825.38999999999987267074 2826.88999999999987267074 2828.53999999999996362021 2829.23999999999978172127 2829.51999999999998181011 2829.96000000000003637979 2830.34000000000014551915 2829.51000000000021827873 2829.38999999999987267074 2829.69000000000005456968 2830.88000000000010913936 2831.38999999999987267074 2831.78999999999996362021 2831.51000000000021827873 2831.44999999999981810106 2830.98999999999978172127 2831.48000000000001818989 2831.98999999999978172127 2833.03000000000020008883
