data/rhone/surface-2007.grid
NCOLS	167
NROWS	405
XLLCORNER	671250
YLLCORNER	157400
CELLSIZE	25
NODATA_value	-9999
[rows 128 to 143 of 405, columns 74 to 110 of 167]
2894.71999999999979991117 2894.26000000000021827873 2894.03999999999996362021 2893.67999999999983629095 2892.92000000000007275958 2892.51000000000021827873 2891.96000000000003637979 2891.30999999999994543032 2890.78999999999996362021 2889.71999999999979991117 2888.80000000000018189894 2887.11000000000012732926 2885.65000000000009094947 2883.57999999999992724042 2881.51000000000021827873 2878.57999999999992724042 2875.94000000000005456968 2873.13000000000010913936 2870.75000000000000000000 2868.34000000000014551915 2866.90999999999985448085 2866.34999999999990905053 2865.17999999999983629095 2864.71000000000003637979 2865.84999999999990905053 2868.19000000000005456968 2868.36000000000012732926 2868.51999999999998181011 2867.11999999999989086064 2865.34000000000014551915 2862.71999999999979991117 2861.00000000000000000000 2859.36999999999989086064 2856.57999999999992724042 2855.59999999999990905053 2856.46999999999979991117 2857.98999999999978172127
2892.92000000000007275958 2892.69000000000005456968 2892.21000000000003637979 2891.59999999999990905053 2891.03000000000020008883 2890.44999999999981810106 2890.09999999999990905053 2889.34000000000014551915 2888.57000000000016370905 2887.71999999999979991117 2886.86999999999989086064 2884.96000000000003637979 2883.36000000000012732926 2881.86000000000012732926 2879.40999999999985448085 2876.86000000000012732926 2874.50000000000000000000 2872.09999999999990905053 2869.84999999999990905053 2867.73000000000001818989 2865.48999999999978172127 2864.50000000000000000000 2864.38999999999987267074 2864.34000000000014551915 2865.19999999999981810106 2866.13999999999987267074 2867.84999999999990905053 2867.65000000000009094947 2867.03999999999996362021 2865.32000000000016370905 2862.48000000000001818989 2860.86000000000012732926 2859.23000000000001818989 2855.23999999999978172127 2855.13999999999987267074 2855.34000000000014551915 2856.36000000000012732926
2891.76000000000021827873 2891.26999999999998181011 2890.61999999999989086064 2889.96999999999979991117 2889.13000000000010913936 2888.51000000000021827873 2887.98000000000001818989 2887.36000000000012732926 2886.23999999999978172127 2885.48000000000001818989 2884.67999999999983629095 2882.71000000000003637979 2881.05000000000018189894 2879.71999999999979991117 2877.67999999999983629095 2875.38999999999987267074 2873.05000000000018189894 2870.69999999999981810106 2868.40999999999985448085 2866.38999999999987267074 2864.51000000000021827873 2863.46999999999979991117 2863.42999999999983629095 2863.61999999999989086064 2864.13999999999987267074 2865.11000000000012732926 2866.46000000000003637979 2866.92999999999983629095 2866.73999999999978172127 2865.05000000000018189894 2863.21999999999979991117 2861.42000000000007275958 2859.15000000000009094947 2856.88000000000010913936 2855.34000000000014551915 2854.78999999999996362021 2855.09000000000014551915
2890.38000000000010913936 2889.53000000000020008883 2888.92999999999983629095 2887.53999999999996362021 2887.07000000000016370905 2886.48999999999978172127 2885.96999999999979991117 2885.51000000000021827873 2885.00000000000000000000 2884.76999999999998181011 2883.73000000000001818989 2881.32000000000016370905 2879.73999999999978172127 2877.92000000000007275958 2876.07999999999992724042 2874.01000000000021827873 2871.59000000000014551915 2869.21000000000003637979 2866.94000000000005456968 2865.26000000000021827873 2863.51999999999998181011 2862.67000000000007275958 2862.78000000000020008883 2862.78000000000020008883 2863.07000000000016370905 2864.09999999999990905053 2865.28999999999996362021 2865.71999999999979991117 2865.86999999999989086064 2865.48000000000001818989 2863.51000000000021827873 2860.46000000000003637979 2858.73000000000001818989 2857.03000000000020008883 2855.38999999999987267074 2854.46000000000003637979 2854.90999999999985448085
2889.00000000000000000000 2887.69000000000005456968 2886.34000000000014551915 2885.59999999999990905053 2885.00000000000000000000 2884.53999999999996362021 2883.92999999999983629095 2883.84000000000014551915 2883.05000000000018189894 2882.25000000000000000000 2882.42000000000007275958 2880.30999999999994543032 2878.48000000000001818989 2876.73000000000001818989 2874.25000000000000000000 2872.21999999999979991117 2870.19999999999981810106 2867.84000000000014551915 2865.80999999999994543032 2864.11999999999989086064 2862.48999999999978172127 2861.67999999999983629095 2861.73000000000001818989 2861.71999999999979991117 2862.26000000000021827873 2862.98999999999978172127 2863.69000000000005456968 2864.80000000000018189894 2865.15000000000009094947 2864.90000000000009094947 2861.57000000000016370905 2859.80999999999994543032 2857.92999999999983629095 2856.53999999999996362021 2855.26000000000021827873 2854.03999999999996362021 2854.28999999999996362021
2887.67999999999983629095 2886.05000000000018189894 2884.51999999999998181011 2883.65999999999985448085 2883.03000000000020008883 2882.57999999999992724042 2881.88000000000010913936 2881.73999999999978172127 2881.09000000000014551915 2880.09000000000014551915 2878.84000000000014551915 2877.88999999999987267074 2876.75000000000000000000 2874.65999999999985448085 2872.15000000000009094947 2870.42000000000007275958 2868.26000000000021827873 2866.26999999999998181011 2864.57999999999992724042 2862.90000000000009094947 2861.01999999999998181011 2860.30999999999994543032 2860.21000000000003637979 2860.28000000000020008883 2861.21000000000003637979 2861.90000000000009094947 2862.80999999999994543032 2863.19000000000005456968 2863.78000000000020008883 2862.40000000000009094947 2860.90999999999985448085 2859.01999999999998181011 2857.26999999999998181011 2856.09999999999990905053 2855.07000000000016370905 2854.19000000000005456968 2853.71000000000003637979
2886.21000000000003637979 2884.30000000000018189894 2882.28000000000020008883 2881.50000000000000000000 2880.63999999999987267074 2879.80000000000018189894 2879.26999999999998181011 2880.23999999999978172127 2879.28999999999996362021 2877.94000000000005456968 2876.78000000000020008883 2875.61999999999989086064 2874.44000000000005456968 2872.73000000000001818989 2870.94000000000005456968 2868.88000000000010913936 2866.71999999999979991117 2864.92999999999983629095 2863.28999999999996362021 2861.59000000000014551915 2859.71999999999979991117 2859.15999999999985448085 2859.26999999999998181011 2859.30000000000018189894 2860.07000000000016370905 2860.78999999999996362021 2861.69000000000005456968 2862.65000000000009094947 2862.69999999999981810106 2861.73999999999978172127 2860.44000000000005456968 2858.36000000000012732926 2856.80000000000018189894 2855.42999999999983629095 2854.78000000000020008883 2853.21999999999979991117 2852.94999999999981810106
2884.36000000000012732926 2882.67999999999983629095 2880.76999999999998181011 2879.28999999999996362021 2878.23000000000001818989 2876.75000000000000000000 2877.28999999999996362021 2878.21999999999979991117 2878.53999999999996362021 2875.57000000000016370905 2874.73000000000001818989 2873.94000000000005456968 2872.48999999999978172127 2870.76999999999998181011 2869.36000000000012732926 2867.30000000000018189894 2865.48999999999978172127 2863.48999999999978172127 2861.96999999999979991117 2860.46999999999979991117 2858.90000000000009094947 2858.00000000000000000000 2857.94000000000005456968 2858.03999999999996362021 2858.63999999999987267074 2859.86999999999989086064 2860.63000000000010913936 2861.69999999999981810106 2861.80000000000018189894 2861.40000000000009094947 2860.34000000000014551915 2857.75000000000000000000 2856.09000000000014551915 2854.92000000000007275958 2853.98000000000001818989 2851.76999999999998181011 2851.90999999999985448085
2882.46999999999979991117 2881.28000000000020008883 2879.42999999999983629095 2877.96000000000003637979 2876.86000000000012732926 2875.80000000000018189894 2875.28999999999996362021 2876.21999999999979991117 2874.65999999999985448085 2873.61999999999989086064 2872.57999999999992724042 2871.84999999999990905053 2870.32999999999992724042 2868.84000000000014551915 2867.40000000000009094947 2865.61000000000012732926 2863.80999999999994543032 2862.05000000000018189894 2860.03000000000020008883 2858.36999999999989086064 2857.19999999999981810106 2856.88000000000010913936 2856.71000000000003637979 2856.75000000000000000000 2857.40000000000009094947 2858.69999999999981810106 2859.57999999999992724042 2860.19000000000005456968 2860.53000000000020008883 2860.42999999999983629095 2859.07999999999992724042 2857.84000000000014551915 2855.32999999999992724042 2854.23000000000001818989 2853.55999999999994543032 2852.92000000000007275958 2851.75000000000000000000
2880.38999999999987267074 2879.13999999999987267074 2877.63000000000010913936 2876.46000000000003637979 2875.44999999999981810106 2874.57999999999992724042 2874.03999999999996362021 2874.05999999999994543032 2873.17999999999983629095 2871.67000000000007275958 2870.76000000000021827873 2869.42000000000007275958 2868.13000000000010913936 2866.82999999999992724042 2865.76000000000021827873 2864.59000000000014551915 2862.30000000000018189894 2860.51000000000021827873 2858.55999999999994543032 2857.11000000000012732926 2856.03000000000020008883 2855.67999999999983629095 2855.76000000000021827873 2855.96000000000003637979 2856.15000000000009094947 2857.36000000000012732926 2858.42000000000007275958 2859.61999999999989086064 2859.76999999999998181011 2859.28000000000020008883 2858.44000000000005456968 2856.51999999999998181011 2855.15999999999985448085 2853.80000000000018189894 2853.30000000000018189894 2852.38000000000010913936 2851.32999999999992724042
2879.09000000000014551915 2877.53999999999996362021 2875.98999999999978172127 2874.92999999999983629095 2873.65999999999985448085 2873.01999999999998181011 2872.53999999999996362021 2872.59999999999990905053 2871.80000000000018189894 2870.57000000000016370905 2869.17000000000007275958 2867.80999999999994543032 2866.51999999999998181011 2865.30000000000018189894 2864.42000000000007275958 2862.78000000000020008883 2860.36999999999989086064 2858.55000000000018189894 2857.44999999999981810106 2856.40000000000009094947 2855.30000000000018189894 2854.57000000000016370905 2854.80999999999994543032 2855.05000000000018189894 2855.36999999999989086064 2856.25000000000000000000 2857.09000000000014551915 2858.94999999999981810106 2858.78000000000020008883 2858.40999999999985448085 2857.26000000000021827873 2855.73999999999978172127 2854.40000000000009094947 2853.05999999999994543032 2851.86999999999989086064 2851.44000000000005456968 2851.07000000000016370905
2877.46999999999979991117 2875.90000000000009094947 2874.42999999999983629095 2872.98999999999978172127 2871.80000000000018189894 2870.84000000000014551915 2870.51999999999998181011 2870.09000000000014551915 2869.42000000000007275958 2868.23999999999978172127 2866.86000000000012732926 2865.86000000000012732926 2864.61999999999989086064 2863.50000000000000000000 2862.19999999999981810106 2860.86000000000012732926 2858.71000000000003637979 2857.23999999999978172127 2856.09999999999990905053 2854.88000000000010913936 2853.92000000000007275958 2853.07000000000016370905 2852.86000000000012732926 2853.21000000000003637979 2854.28999999999996362021 2855.07999999999992724042 2856.07000000000016370905 2857.59999999999990905053 2858.09999999999990905053 2857.69999999999981810106 2856.30999999999994543032 2854.88000000000010913936 2853.40000000000009094947 2851.92000000000007275958 2851.13000000000010913936 2850.86000000000012732926 2850.46000000000003637979
2875.51000000000021827873 2874.13999999999987267074 2872.86000000000012732926 2871.61999999999989086064 2870.63000000000010913936 2869.88000000000010913936 2868.53000000000020008883 2867.63000000000010913936 2866.69999999999981810106 2865.51999999999998181011 2864.36000000000012732926 2863.82999999999992724042 2862.71000000000003637979 2861.80999999999994543032 2860.42000000000007275958 2858.98999999999978172127 2857.50000000000000000000 2856.26999999999998181011 2854.69000000000005456968 2853.48000000000001818989 2852.51000000000021827873 2851.96000000000003637979 2851.84000000000014551915 2851.76999999999998181011 2853.19999999999981810106 2854.11999999999989086064 2855.03999999999996362021 2856.98000000000001818989 2856.88000000000010913936 2856.63999999999987267074 2856.13000000000010913936 2854.01999999999998181011 2852.28000000000020008883 2851.19000000000005456968 2850.92999999999983629095 2850.26999999999998181011 2849.73999999999978172127
2873.73000000000001818989 2872.26999999999998181011 2871.23000000000001818989 2870.17000000000007275958 2869.09000000000014551915 2868.05999999999994543032 2866.59999999999990905053 2865.46000000000003637979 2864.46000000000003637979 2863.48999999999978172127 2862.53999999999996362021 2861.80000000000018189894 2860.69000000000005456968 2859.63000000000010913936 2858.61000000000012732926 2857.40000000000009094947 2855.98000000000001818989 2854.90000000000009094947 2853.38000000000010913936 2852.13999999999987267074 2851.46999999999979991117 2850.82000000000016370905 2851.07999999999992724042 2851.32000000000016370905 2852.11999999999989086064 2853.00000000000000000000 2854.38999999999987267074 2856.42999999999983629095 2856.36000000000012732926 2856.00000000000000000000 2855.05999999999994543032 2853.90000000000009094947 2851.90999999999985448085 2850.82000000000016370905 2850.25000000000000000000 2849.57999999999992724042 2849.11999999999989086064
2871.36000000000012732926 2870.55999999999994543032 2869.65000000000009094947 2868.59000000000014551915 2867.30999999999994543032 2865.57999999999992724042 2864.28000000000020008883 2863.48999999999978172127 2862.59000000000014551915 2861.65000000000009094947 2860.69999999999981810106 2860.03000000000020008883 2858.92000000000007275958 2857.88999999999987267074 2856.82999999999992724042 2855.80000000000018189894 2854.67000000000007275958 2853.21999999999979991117 2852.11999999999989086064 2851.05000000000018189894 2849.90000000000009094947 2849.46999999999979991117 2849.55000000000018189894 2849.65000000000009094947 2851.09000000000014551915 2852.05999999999994543032 2853.03000000000020008883 2855.30999999999994543032 2855.63999999999987267074 2855.57999999999992724042 2853.98000000000001818989 2852.67999999999983629095 2850.96999999999979991117 2849.88999999999987267074 2849.36999999999989086064 2848.90000000000009094947 2848.67000000000007275958
2868.96000000000003637979 2868.88000000000010913936 2868.00000000000000000000 2866.76000000000021827873 2865.26000000000021827873 2864.03000000000020008883 2862.84000000000014551915 2861.73000000000001818989 2860.69000000000005456968 2859.76999999999998181011 2859.05999999999994543032 2858.21000000000003637979 2856.84000000000014551915 2856.19999999999981810106 2855.21000000000003637979 2854.25000000000000000000 2853.21000000000003637979 2852.07000000000016370905 2851.01999999999998181011 2849.90000000000009094947 2848.80000000000018189894 2848.42999999999983629095 2848.53999999999996362021 2849.07999999999992724042 2850.13999999999987267074 2851.03999999999996362021 2852.15999999999985448085 2854.51000000000021827873 2854.59000000000014551915 2854.53000000000020008883 2852.98999999999978172127 2851.65000000000009094947 2849.69999999999981810106 2848.71999999999979991117 2848.80999999999994543032 2848.59999999999990905053 2848.07999999999992724042
