data/rhone/surface-2000.grid
NCOLS	167
NROWS	405
XLLCORNER	671250
YLLCORNER	157400
CELLSIZE	25
NODATA_value	-9999
[rows 144 to 159 of 405, columns 37 to 73 of 167]
2935.81809999999995852704 2968.90000000000009094947 2982.90000000000009094947 2997.50000000000000000000 2995.42999999999983629095 3005.03999999999996362021 3010.55499999999983629095 3018.56980000000021391315 3026.80900000000019645086 3035.86990000000014333636 3046.03980000000001382432 3057.16379999999981009751 3063.00000000000000000000 3080.50000000000000000000 3132.30000000000018189894 3171.59999999999990905053 3152.90000000000009094947 3133.50000000000000000000 3117.00000000000000000000 3102.30000000000018189894 3076.00000000000000000000 3039.90000000000009094947 3021.92999999999983629095 3007.73999999999978172127 2996.26000000000021827873 2987.23000000000001818989 2975.80000000000018189894 2964.30999999999994543032 2953.90000000000009094947 2940.03000000000020008883 2925.03999999999996362021 2907.53999999999996362021 2897.75000000000000000000 2887.32999999999992724042 2883.80999999999994543032 2880.53000000000020008883 2878.11999999999989086064
2923.75039999999989959178 2958.90000000000009094947 2972.00000000000000000000 2982.59999999999990905053 2988.30000000000018189894 2992.13000000000010913936 2995.26999999999998181011 3001.81629999999995561666 3010.27280000000018844730 3020.06100000000014915713 3031.49699999999984356691 3044.39289999999982683221 3057.99020000000018626451 3084.50000000000000000000 3124.19999999999981810106 3155.30000000000018189894 3151.69999999999981810106 3132.59999999999990905053 3114.80000000000018189894 3096.09999999999990905053 3063.59999999999990905053 3040.98999999999978172127 3022.42999999999983629095 3012.13000000000010913936 3001.11999999999989086064 2990.01999999999998181011 2978.51000000000021827873 2967.21999999999979991117 2956.86000000000012732926 2944.88000000000010913936 2929.63999999999987267074 2912.73999999999978172127 2900.17000000000007275958 2887.51000000000021827873 2882.53000000000020008883 2878.51000000000021827873 2875.94000000000005456968
2911.39330000000018117134 2949.80000000000018189894 2960.40000000000009094947 2972.09999999999990905053 2977.59999999999990905053 2979.59000000000014551915 2984.59000000000014551915 2987.15999999999985448085 2993.91449999999986175681 3004.23840000000018335413 3016.64899999999988722266 3030.94390000000021245796 3046.29489999999987048795 3072.59999999999990905053 3109.09999999999990905053 3148.00000000000000000000 3149.69999999999981810106 3129.59999999999990905053 3113.00000000000000000000 3086.90000000000009094947 3050.78000000000020008883 3031.73999999999978172127 3024.05999999999994543032 3014.63000000000010913936 3003.11999999999989086064 2992.11999999999989086064 2979.65999999999985448085 2968.19999999999981810106 2958.51000000000021827873 2947.23000000000001818989 2933.21999999999979991117 2915.92999999999983629095 2902.05999999999994543032 2889.26999999999998181011 2881.23999999999978172127 2877.65000000000009094947 2874.86000000000012732926
2898.61059999999997671694 2939.69999999999981810106 2949.69999999999981810106 2959.09999999999990905053 2964.69999999999981810106 2970.40000000000009094947 2972.17000000000007275958 2973.42999999999983629095 2978.12910000000010768417 2988.90129999999999199645 3002.07920000000012805685 3017.45699999999987994670 3030.11000000000012732926 3055.50000000000000000000 3100.90000000000009094947 3137.19999999999981810106 3150.09999999999990905053 3127.50000000000000000000 3107.09999999999990905053 3063.30000000000018189894 3043.46999999999979991117 3033.94000000000005456968 3026.21000000000003637979 3014.84000000000014551915 3005.07999999999992724042 2993.86999999999989086064 2982.92999999999983629095 2972.78999999999996362021 2961.63000000000010913936 2949.76999999999998181011 2936.46999999999979991117 2917.82000000000016370905 2905.28999999999996362021 2890.28999999999996362021 2881.63000000000010913936 2877.84999999999990905053 2875.11999999999989086064
2915.61000000000012732926 2929.90000000000009094947 2940.09999999999990905053 2947.69999999999981810106 2953.30000000000018189894 2956.17999999999983629095 2959.15999999999985448085 2960.11000000000012732926 2966.21999999999979991117 2974.31269999999994979589 2988.14489999999977953848 3004.37409999999999854481 3022.11990000000014333636 3037.69999999999981810106 3090.50000000000000000000 3117.59999999999990905053 3141.30000000000018189894 3124.59999999999990905053 3101.80000000000018189894 3068.69999999999981810106 3042.23999999999978172127 3032.17999999999983629095 3025.32999999999992724042 3016.13000000000010913936 3006.59000000000014551915 2996.25000000000000000000 2987.86000000000012732926 2976.28999999999996362021 2964.94999999999981810106 2952.44999999999981810106 2938.11999999999989086064 2921.51000000000021827873 2907.42000000000007275958 2893.59000000000014551915 2883.46999999999979991117 2878.26999999999998181011 2873.71999999999979991117
2906.36999999999989086064 2915.01999999999998181011 2927.19999999999981810106 2935.59999999999990905053 2942.69999999999981810106 2944.15000000000009094947 2947.23999999999978172127 2948.65999999999985448085 2954.55999999999994543032 2960.55830000000014479156 2975.01009999999996580300 2991.94180000000005748007 3010.47319999999990614015 3022.90000000000009094947 3068.69999999999981810106 3098.69999999999981810106 3123.69999999999981810106 3118.80000000000018189894 3105.69999999999981810106 3072.59999999999990905053 3041.86999999999989086064 3034.05000000000018189894 3023.63999999999987267074 3015.42000000000007275958 3006.28000000000020008883 2997.80000000000018189894 2989.96999999999979991117 2979.69000000000005456968 2969.63999999999987267074 2955.53000000000020008883 2940.19000000000005456968 2924.42000000000007275958 2910.19000000000005456968 2897.53000000000020008883 2887.36000000000012732926 2879.00000000000000000000 2872.71000000000003637979
2897.32000000000016370905 2870.29579999999987194315 2916.19999999999981810106 2922.19999999999981810106 2929.82999999999992724042 2928.71000000000003637979 2932.38000000000010913936 2935.71000000000003637979 2941.32999999999992724042 2947.67000000000007275958 2962.70170000000007348717 2980.24449999999978899723 2999.37420000000020081643 3017.00000000000000000000 3051.19999999999981810106 3083.80000000000018189894 3120.00000000000000000000 3123.59999999999990905053 3088.50000000000000000000 3063.80000000000018189894 3041.92999999999983629095 3031.61000000000012732926 3023.05000000000018189894 3014.05000000000018189894 3005.82999999999992724042 2999.01999999999998181011 2990.03000000000020008883 2981.21999999999979991117 2971.28999999999996362021 2956.76000000000021827873 2941.38999999999987267074 2926.26000000000021827873 2912.55000000000018189894 2901.05999999999994543032 2889.42000000000007275958 2880.96000000000003637979 2872.46999999999979991117
2889.92999999999983629095 2895.88999999999987267074 2866.69810000000006766641 2876.76960000000008221832 2912.63999999999987267074 2915.90999999999985448085 2919.55000000000018189894 2924.65999999999985448085 2931.01999999999998181011 2937.69000000000005456968 2951.15110000000004220055 2969.23439999999982319423 2988.80909999999994397513 3015.09999999999990905053 3043.50000000000000000000 3077.30000000000018189894 3107.09999999999990905053 3120.30000000000018189894 3079.30000000000018189894 3059.09999999999990905053 3042.34999999999990905053 3030.65999999999985448085 3021.55999999999994543032 3012.55000000000018189894 3007.65999999999985448085 2998.92999999999983629095 2990.19000000000005456968 2981.42999999999983629095 2969.13999999999987267074 2955.59000000000014551915 2941.26000000000021827873 2927.01000000000021827873 2914.32000000000016370905 2902.63999999999987267074 2891.32999999999992724042 2882.63000000000010913936 2873.05000000000018189894
2882.11999999999989086064 2887.80000000000018189894 2890.44000000000005456968 2896.40000000000009094947 2901.00000000000000000000 2904.07999999999992724042 2907.23000000000001818989 2914.26000000000021827873 2919.92000000000007275958 2927.30999999999994543032 2940.21419999999989158823 2958.75329999999985375325 2978.62579999999979918357 3009.19999999999981810106 3033.59999999999990905053 3067.30000000000018189894 3093.00000000000000000000 3106.09999999999990905053 3075.50000000000000000000 3049.15000000000009094947 3035.07000000000016370905 3027.11000000000012732926 3018.19000000000005456968 3010.59000000000014551915 3005.23000000000001818989 2997.67000000000007275958 2987.94999999999981810106 2978.69000000000005456968 2965.69000000000005456968 2954.00000000000000000000 2940.69999999999981810106 2926.55000000000018189894 2914.44000000000005456968 2903.32000000000016370905 2890.59999999999990905053 2880.96000000000003637979 2873.36999999999989086064
2873.86999999999989086064 2877.96999999999979991117 2882.23999999999978172127 2886.55000000000018189894 2890.19000000000005456968 2893.78999999999996362021 2897.76000000000021827873 2902.59999999999990905053 2910.01999999999998181011 2917.53000000000020008883 2929.68249999999989086064 2948.55549999999993815436 2968.56770000000005893526 2994.40000000000009094947 3031.09999999999990905053 3064.69999999999981810106 3082.69999999999981810106 3093.00000000000000000000 3066.09999999999990905053 3040.78999999999996362021 3030.17999999999983629095 3019.63999999999987267074 3012.78000000000020008883 3006.76000000000021827873 3002.05000000000018189894 2996.09999999999990905053 2987.73999999999978172127 2978.21999999999979991117 2966.13000000000010913936 2954.96000000000003637979 2941.51000000000021827873 2926.26000000000021827873 2914.11000000000012732926 2902.59999999999990905053 2890.94000000000005456968 2879.88999999999987267074 2871.11000000000012732926
2866.34000000000014551915 2869.57999999999992724042 2873.21000000000003637979 2876.73999999999978172127 2881.32999999999992724042 2885.11999999999989086064 2888.78000000000020008883 2893.63000000000010913936 2900.55000000000018189894 2908.86000000000012732926 2919.30920000000014624675 2938.35010000000011132215 2956.59999999999990905053 3004.40000000000009094947 3029.90000000000009094947 3052.50000000000000000000 3068.00000000000000000000 3076.69999999999981810106 3042.50000000000000000000 3028.11000000000012732926 3022.48999999999978172127 3014.84000000000014551915 3009.46999999999979991117 3003.13000000000010913936 2997.92999999999983629095 2991.69999999999981810106 2985.28999999999996362021 2975.76999999999998181011 2966.94000000000005456968 2957.75000000000000000000 2943.48000000000001818989 2925.28000000000020008883 2913.30000000000018189894 2902.09000000000014551915 2890.19999999999981810106 2878.78000000000020008883 2869.23999999999978172127
2858.38000000000010913936 2861.90999999999985448085 2865.48000000000001818989 2869.23999999999978172127 2872.86999999999989086064 2876.32999999999992724042 2880.55000000000018189894 2885.03000000000020008883 2876.01989999999977953848 2891.44799999999986539478 2908.85879999999997380655 2927.86790000000019063009 2950.80000000000018189894 2983.59999999999990905053 3016.09999999999990905053 3036.19999999999981810106 3049.09999999999990905053 3059.00000000000000000000 3028.09999999999990905053 3018.69000000000005456968 3011.96000000000003637979 3006.71999999999979991117 3002.98999999999978172127 2998.21000000000003637979 2992.15000000000009094947 2986.78000000000020008883 2980.67999999999983629095 2966.15000000000009094947 2958.94999999999981810106 2952.57999999999992724042 2944.21999999999979991117 2926.61999999999989086064 2913.86000000000012732926 2900.44999999999981810106 2887.17999999999983629095 2876.90999999999985448085 2869.50000000000000000000
2852.34000000000014551915 2855.40999999999985448085 2858.11000000000012732926 2861.36000000000012732926 2864.53000000000020008883 2868.03000000000020008883 2872.05000000000018189894 2875.98000000000001818989 2865.32520000000022264430 2880.83539999999993597157 2898.17219999999997526174 2916.19999999999981810106 2941.30000000000018189894 3001.80000000000018189894 3015.19999999999981810106 3026.30000000000018189894 3036.30000000000018189894 3041.69999999999981810106 3010.42000000000007275958 3011.98000000000001818989 3004.38999999999987267074 3000.07000000000016370905 2996.42000000000007275958 2991.21999999999979991117 2986.80999999999994543032 2980.80000000000018189894 2975.00000000000000000000 2966.80000000000018189894 2957.78000000000020008883 2947.44000000000005456968 2937.59000000000014551915 2924.25000000000000000000 2911.48999999999978172127 2897.59999999999990905053 2884.21999999999979991117 2873.65999999999985448085 2865.11999999999989086064
2845.82000000000016370905 2848.21000000000003637979 2850.63999999999987267074 2853.55999999999994543032 2856.03999999999996362021 2858.71999999999979991117 2863.11999999999989086064 2867.51000000000021827873 2854.86760000000003856258 2870.19759999999996580300 2887.22449999999980718712 2906.40000000000009094947 2920.40000000000009094947 2968.50000000000000000000 2992.69999999999981810106 3010.50000000000000000000 3023.30000000000018189894 3017.80000000000018189894 2993.84999999999990905053 2990.51000000000021827873 2992.30999999999994543032 2989.86000000000012732926 2986.46999999999979991117 2983.01999999999998181011 2979.59000000000014551915 2974.13999999999987267074 2968.07000000000016370905 2959.86000000000012732926 2953.23999999999978172127 2942.80999999999994543032 2931.63999999999987267074 2919.34999999999990905053 2906.82000000000016370905 2893.51000000000021827873 2879.94999999999981810106 2869.57000000000016370905 2860.38999999999987267074
2839.84000000000014551915 2840.78999999999996362021 2843.40000000000009094947 2845.94999999999981810106 2848.17999999999983629095 2850.82000000000016370905 2855.11999999999989086064 2859.71000000000003637979 2864.19999999999981810106 2859.63290000000006330083 2876.14820000000008803909 2893.88490000000001600711 2908.69999999999981810106 2929.59999999999990905053 2962.59999999999990905053 2990.00000000000000000000 2997.19999999999981810106 3009.19999999999981810106 2979.40000000000009094947 2974.76000000000021827873 2977.57999999999992724042 2977.28999999999996362021 2977.19000000000005456968 2974.32999999999992724042 2970.96000000000003637979 2964.82000000000016370905 2959.92999999999983629095 2953.13000000000010913936 2945.44999999999981810106 2935.51000000000021827873 2924.57999999999992724042 2913.05999999999994543032 2901.34999999999990905053 2889.57999999999992724042 2877.19999999999981810106 2864.80000000000018189894 2854.48999999999978172127
2833.80999999999994543032 2834.82999999999992724042 2835.86999999999989086064 2837.55999999999994543032 2840.38999999999987267074 2843.15000000000009094947 2847.07999999999992724042 2851.23000000000001818989 2853.90999999999985448085 2860.50000000000000000000 2865.21180000000003929017 2882.25030000000015206751 2899.80780000000004292815 2915.50000000000000000000 2940.09999999999990905053 2967.00000000000000000000 2994.90000000000009094947 2982.09999999999990905053 2969.30000000000018189894 2967.07999999999992724042 2964.73999999999978172127 2963.59999999999990905053 2964.63999999999987267074 2965.01000000000021827873 2962.19000000000005456968 2957.36000000000012732926 2952.15000000000009094947 2945.71999999999979991117 2936.82999999999992724042 2926.98999999999978172127 2916.57999999999992724042 2905.71000000000003637979 2894.48999999999978172127 2883.38000000000010913936 2872.26999999999998181011 2855.23999999999978172127 2849.65999999999985448085
