data/rhone/surface-2007.grid
NCOLS	167
NROWS	405
XLLCORNER	671250
YLLCORNER	157400
CELLSIZE	25
NODATA_value	-9999
[rows 80 to 95 of 405, columns 111 to 147 of 167]
3164.55999999999994543032 3171.32000000000016370905 3179.57000000000016370905 3187.15999999999985448085 3194.13999999999987267074 3203.26000000000021827873 3213.82999999999992724042 3225.17000000000007275958 3235.67999999999983629095 3244.21000000000003637979 3253.82999999999992724042 3265.38999999999987267074 3273.86000000000012732926 3281.51000000000021827873 3284.17000000000007275958 3290.21000000000003637979 3297.73999999999978172127 3304.15000000000009094947 3309.42000000000007275958 3314.55999999999994543032 3320.90999999999985448085 3330.21000000000003637979 3335.46999999999979991117 3337.26999999999998181011 3343.01000000000021827873 3353.63000000000010913936 3364.30999999999994543032 3371.76999999999998181011 3377.71999999999979991117 3384.96000000000003637979 3392.21999999999979991117 3402.57000000000016370905 3413.44000000000005456968 3425.80999999999994543032 3437.26999999999998181011 3449.23000000000001818989 3461.48999999999978172127
3163.88999999999987267074 3171.34000000000014551915 3179.07000000000016370905 3186.59999999999990905053 3194.23999999999978172127 3204.15000000000009094947 3215.46000000000003637979 3225.76000000000021827873 3235.36999999999989086064 3242.65999999999985448085 3251.55000000000018189894 3264.28000000000020008883 3274.71000000000003637979 3281.21000000000003637979 3283.94000000000005456968 3289.07999999999992724042 3298.55999999999994543032 3304.90999999999985448085 3310.46000000000003637979 3315.51999999999998181011 3323.03000000000020008883 3329.53000000000020008883 3333.80999999999994543032 3336.90999999999985448085 3343.32999999999992724042 3353.94000000000005456968 3363.84999999999990905053 3370.32999999999992724042 3375.42000000000007275958 3384.13999999999987267074 3391.69000000000005456968 3401.90000000000009094947 3415.25000000000000000000 3427.86000000000012732926 3441.09000000000014551915 3453.61999999999989086064 3465.92000000000007275958
3163.03000000000020008883 3171.30000000000018189894 3178.32999999999992724042 3186.28000000000020008883 3194.80999999999994543032 3205.67000000000007275958 3215.25000000000000000000 3224.42999999999983629095 3231.96999999999979991117 3239.65000000000009094947 3249.50000000000000000000 3261.34999999999990905053 3272.07999999999992724042 3278.88999999999987267074 3282.71999999999979991117 3289.38000000000010913936 3298.23000000000001818989 3304.69000000000005456968 3311.65000000000009094947 3315.17000000000007275958 3322.51000000000021827873 3328.86999999999989086064 3333.46000000000003637979 3337.05999999999994543032 3342.88999999999987267074 3353.96000000000003637979 3363.59000000000014551915 3369.19000000000005456968 3374.44000000000005456968 3385.75000000000000000000 3395.21000000000003637979 3405.11999999999989086064 3417.84999999999990905053 3430.23000000000001818989 3444.28999999999996362021 3457.67999999999983629095 3470.09999999999990905053
3161.46999999999979991117 3169.82000000000016370905 3177.80999999999994543032 3185.57000000000016370905 3194.36000000000012732926 3204.76999999999998181011 3212.38000000000010913936 3221.63999999999987267074 3228.40000000000009094947 3237.11000000000012732926 3247.34000000000014551915 3259.09999999999990905053 3269.42000000000007275958 3277.42999999999983629095 3282.44999999999981810106 3290.34000000000014551915 3297.80000000000018189894 3304.88000000000010913936 3310.71000000000003637979 3315.28999999999996362021 3324.32999999999992724042 3329.59999999999990905053 3332.94000000000005456968 3336.92999999999983629095 3343.51999999999998181011 3353.82999999999992724042 3361.59000000000014551915 3368.65000000000009094947 3376.75000000000000000000 3389.19999999999981810106 3398.98000000000001818989 3409.80999999999994543032 3420.76999999999998181011 3433.42999999999983629095 3447.26000000000021827873 3461.65000000000009094947 3473.53999999999996362021
3159.21999999999979991117 3168.25000000000000000000 3176.51000000000021827873 3185.36000000000012732926 3193.90000000000009094947 3202.38999999999987267074 3210.88999999999987267074 3218.76999999999998181011 3223.61000000000012732926 3233.09000000000014551915 3243.03000000000020008883 3254.51999999999998181011 3265.13999999999987267074 3274.59000000000014551915 3279.46000000000003637979 3288.32000000000016370905 3295.78999999999996362021 3302.88999999999987267074 3307.32999999999992724042 3315.59999999999990905053 3324.36000000000012732926 3330.30999999999994543032 3335.21000000000003637979 3337.73000000000001818989 3344.86000000000012732926 3353.78000000000020008883 3362.11999999999989086064 3369.59999999999990905053 3380.11000000000012732926 3392.30000000000018189894 3403.32000000000016370905 3414.38000000000010913936 3424.36999999999989086064 3437.07000000000016370905 3450.51000000000021827873 3463.80999999999994543032 3477.00000000000000000000
3156.92999999999983629095 3166.11000000000012732926 3175.46000000000003637979 3184.09999999999990905053 3192.69000000000005456968 3200.11999999999989086064 3207.61999999999989086064 3214.11000000000012732926 3222.73999999999978172127 3229.82999999999992724042 3238.07000000000016370905 3248.30999999999994543032 3259.96999999999979991117 3268.84999999999990905053 3272.80999999999994543032 3283.42000000000007275958 3292.00000000000000000000 3298.09999999999990905053 3302.38000000000010913936 3310.51000000000021827873 3322.17000000000007275958 3328.90999999999985448085 3334.13999999999987267074 3340.44000000000005456968 3346.36000000000012732926 3353.71999999999979991117 3362.63999999999987267074 3369.46000000000003637979 3381.84999999999990905053 3395.17000000000007275958 3407.82999999999992724042 3419.19000000000005456968 3429.21999999999979991117 3440.69000000000005456968 3453.15999999999985448085 3466.76999999999998181011 3479.36000000000012732926
3155.73999999999978172127 3163.75000000000000000000 3173.07999999999992724042 3181.88000000000010913936 3190.30000000000018189894 3198.67000000000007275958 3204.38999999999987267074 3210.46999999999979991117 3218.65000000000009094947 3226.42000000000007275958 3233.13999999999987267074 3242.82999999999992724042 3254.88999999999987267074 3263.63999999999987267074 3267.63999999999987267074 3274.84000000000014551915 3287.46000000000003637979 3293.00000000000000000000 3294.98999999999978172127 3303.86999999999989086064 3315.48999999999978172127 3325.23000000000001818989 3331.71000000000003637979 3338.19000000000005456968 3345.61000000000012732926 3353.44999999999981810106 3361.96999999999979991117 3370.98000000000001818989 3383.11000000000012732926 3396.42000000000007275958 3410.55999999999994543032 3421.86999999999989086064 3433.05999999999994543032 3443.86000000000012732926 3456.15999999999985448085 3469.44999999999981810106 3482.00000000000000000000
3153.38000000000010913936 3161.69999999999981810106 3170.61000000000012732926 3179.03000000000020008883 3186.44000000000005456968 3195.07999999999992724042 3202.05000000000018189894 3205.80000000000018189894 3213.80999999999994543032 3221.65999999999985448085 3229.32000000000016370905 3238.11999999999989086064 3247.36999999999989086064 3258.36999999999989086064 3264.17999999999983629095 3268.94999999999981810106 3278.57999999999992724042 3288.01000000000021827873 3289.11999999999989086064 3297.48000000000001818989 3308.15999999999985448085 3318.88999999999987267074 3327.32000000000016370905 3334.92000000000007275958 3343.36000000000012732926 3350.80000000000018189894 3360.67000000000007275958 3371.23999999999978172127 3384.03999999999996362021 3398.92000000000007275958 3412.09999999999990905053 3424.36999999999989086064 3435.15999999999985448085 3446.32000000000016370905 3458.61000000000012732926 3471.23999999999978172127 3484.13000000000010913936
3151.01000000000021827873 3159.65000000000009094947 3167.76000000000021827873 3176.36999999999989086064 3185.11999999999989086064 3192.65999999999985448085 3197.78999999999996362021 3201.48000000000001818989 3208.69999999999981810106 3216.55999999999994543032 3225.63000000000010913936 3234.21000000000003637979 3242.55999999999994543032 3251.17000000000007275958 3258.55999999999994543032 3261.76999999999998181011 3271.88999999999987267074 3281.92000000000007275958 3286.94999999999981810106 3291.13999999999987267074 3302.42999999999983629095 3312.17999999999983629095 3321.34000000000014551915 3330.51000000000021827873 3339.21999999999979991117 3348.67000000000007275958 3358.61999999999989086064 3370.61000000000012732926 3384.30000000000018189894 3400.17999999999983629095 3413.17000000000007275958 3425.78999999999996362021 3436.30999999999994543032 3447.65999999999985448085 3460.38999999999987267074 3473.48999999999978172127 3486.90000000000009094947
3148.88999999999987267074 3156.36000000000012732926 3164.46999999999979991117 3173.00000000000000000000 3182.21999999999979991117 3188.84000000000014551915 3194.51000000000021827873 3199.78000000000020008883 3205.15000000000009094947 3212.32999999999992724042 3220.26000000000021827873 3229.44000000000005456968 3237.03999999999996362021 3245.40000000000009094947 3250.63999999999987267074 3255.96000000000003637979 3262.98000000000001818989 3275.23999999999978172127 3281.05000000000018189894 3286.13000000000010913936 3295.76000000000021827873 3304.69000000000005456968 3314.94000000000005456968 3324.78999999999996362021 3335.75000000000000000000 3346.09999999999990905053 3356.61000000000012732926 3369.88999999999987267074 3385.84000000000014551915 3399.63000000000010913936 3412.26999999999998181011 3424.82000000000016370905 3436.17999999999983629095 3447.84000000000014551915 3460.51999999999998181011 3474.00000000000000000000 3487.88000000000010913936
3146.23000000000001818989 3152.98999999999978172127 3161.09999999999990905053 3168.71000000000003637979 3177.65000000000009094947 3184.90000000000009094947 3191.32000000000016370905 3195.98999999999978172127 3201.11999999999989086064 3207.78000000000020008883 3215.32000000000016370905 3222.59999999999990905053 3230.88000000000010913936 3237.76999999999998181011 3243.98000000000001818989 3248.78000000000020008883 3256.36000000000012732926 3267.88999999999987267074 3275.30999999999994543032 3280.19999999999981810106 3289.13000000000010913936 3297.90000000000009094947 3307.88999999999987267074 3317.96000000000003637979 3331.01999999999998181011 3341.94000000000005456968 3354.76000000000021827873 3369.44000000000005456968 3384.07000000000016370905 3398.15000000000009094947 3410.48000000000001818989 3422.82000000000016370905 3434.21000000000003637979 3445.51000000000021827873 3459.38999999999987267074 3474.84999999999990905053 3489.48999999999978172127
3143.48999999999978172127 3149.30000000000018189894 3157.01999999999998181011 3164.65999999999985448085 3171.84999999999990905053 3179.84999999999990905053 3187.01999999999998181011 3192.38000000000010913936 3196.65000000000009094947 3202.76000000000021827873 3209.73999999999978172127 3215.61999999999989086064 3222.94999999999981810106 3230.55999999999994543032 3236.48999999999978172127 3241.98000000000001818989 3248.48999999999978172127 3258.65999999999985448085 3266.73000000000001818989 3272.98999999999978172127 3281.17999999999983629095 3291.30999999999994543032 3301.15999999999985448085 3312.44000000000005456968 3325.86999999999989086064 3340.11999999999989086064 3354.59000000000014551915 3368.51999999999998181011 3382.82000000000016370905 3395.32000000000016370905 3407.13000000000010913936 3418.40999999999985448085 3429.53000000000020008883 3442.25000000000000000000 3457.40999999999985448085 3480.38000000000010913936 3499.82999999999992724042
3141.30999999999994543032 3146.01000000000021827873 3152.88000000000010913936 3160.34999999999990905053 3167.59999999999990905053 3175.55999999999994543032 3182.23999999999978172127 3187.28000000000020008883 3192.42000000000007275958 3197.88999999999987267074 3202.73000000000001818989 3208.36000000000012732926 3215.26000000000021827873 3221.96000000000003637979 3228.32999999999992724042 3233.90999999999985448085 3240.44999999999981810106 3248.94000000000005456968 3257.59000000000014551915 3263.69999999999981810106 3272.96000000000003637979 3284.55999999999994543032 3294.23000000000001818989 3307.40000000000009094947 3322.53000000000020008883 3339.82999999999992724042 3355.01999999999998181011 3369.42000000000007275958 3380.69000000000005456968 3390.67999999999983629095 3402.36000000000012732926 3412.44999999999981810106 3422.15999999999985448085 3435.78999999999996362021 3460.50000000000000000000 3473.59999999999990905053 3479.50000000000000000000
3137.57000000000016370905 3142.36999999999989086064 3148.75000000000000000000 3155.84999999999990905053 3162.59999999999990905053 3169.13000000000010913936 3176.13000000000010913936 3181.51000000000021827873 3185.67999999999983629095 3190.44000000000005456968 3195.17999999999983629095 3200.63000000000010913936 3206.76000000000021827873 3213.86999999999989086064 3220.34999999999990905053 3224.32000000000016370905 3230.30000000000018189894 3239.05999999999994543032 3244.80000000000018189894 3252.57000000000016370905 3264.46999999999979991117 3276.13000000000010913936 3288.28000000000020008883 3303.92999999999983629095 3326.09000000000014551915 3347.53999999999996362021 3291.25939999999991414370 3364.48000000000001818989 3373.96000000000003637979 3385.63000000000010913936 3396.69000000000005456968 3405.26999999999998181011 3414.59999999999990905053 3422.25000000000000000000 3433.59999999999990905053 3445.59999999999990905053 3450.90000000000009094947
3132.71999999999979991117 3138.34000000000014551915 3144.28000000000020008883 3150.84000000000014551915 3157.05999999999994543032 3162.59000000000014551915 3168.84999999999990905053 3174.11000000000012732926 3178.53000000000020008883 3182.61999999999989086064 3185.96999999999979991117 3190.42000000000007275958 3197.63999999999987267074 3204.90999999999985448085 3211.44999999999981810106 3215.48999999999978172127 3220.30000000000018189894 3226.65999999999985448085 3226.96999999999979991117 3241.55999999999994543032 3254.42000000000007275958 3267.75000000000000000000 3229.92720000000008440111 3243.14910000000008949428 3256.62890000000015788828 3270.27880000000004656613 3339.05000000000018189894 3350.80000000000018189894 3364.75000000000000000000 3378.03999999999996362021 3390.01000000000021827873 3399.65000000000009094947 3406.76999999999998181011 3409.96999999999979991117 3408.11000000000012732926 3410.80999999999994543032 3418.25000000000000000000
3127.03999999999996362021 3132.57000000000016370905 3138.46000000000003637979 3144.32999999999992724042 3150.57000000000016370905 3156.32999999999992724042 3161.61000000000012732926 3166.73000000000001818989 3170.34000000000014551915 3174.19999999999981810106 3174.80999999999994543032 3181.23999999999978172127 3189.01000000000021827873 3195.44000000000005456968 3201.48999999999978172127 3205.51000000000021827873 3209.84000000000014551915 3214.76000000000021827873 3218.23000000000001818989 3231.36999999999989086064 3248.25000000000000000000 3259.94999999999981810106 3221.13779999999997016857 3234.49859999999989668140 3248.05810000000019499566 3311.78000000000020008883 3316.59999999999990905053 3334.96000000000003637979 3351.67000000000007275958 3367.73999999999978172127 3382.09000000000014551915 3392.92999999999983629095 3401.46000000000003637979 3404.21000000000003637979 3407.11999999999989086064 3409.36999999999989086064 3410.82999999999992724042
