data/rhone/surface-1959.grid
NCOLS	167
NROWS	405
XLLCORNER	671250
YLLCORNER	157400
CELLSIZE	25
NODATA_value	-9999
[rows 304 to 319 of 405, columns 37 to 73 of 167]
2328.50000000000000000000 2328.80000000000018189894 2325.59999999999990905053 2336.96000000000003637979 2344.51000000000021827873 2343.19999999999981810106 2349.80000000000018189894 2358.03999999999996362021 2376.21999999999979991117 2377.19999999999981810106 2380.57999999999992724042 2382.38000000000010913936 2384.03999999999996362021 2385.38999999999987267074 2386.05999999999994543032 2387.51999999999998181011 2388.67000000000007275958 2389.30000000000018189894 2389.19999999999981810106 2388.23999999999978172127 2388.01999999999998181011 2389.55000000000018189894 2388.75000000000000000000 2387.09999999999990905053 2385.94999999999981810106 2384.53000000000020008883 2387.03999999999996362021 2386.73999999999978172127 2384.88999999999987267074 2384.48999999999978172127 2384.03999999999996362021 2383.51999999999998181011 2382.32999999999992724042 2380.59999999999990905053 2378.53000000000020008883 2378.13000000000010913936 2378.01000000000021827873
2316.50000000000000000000 2319.40000000000009094947 2325.19999999999981810106 2329.80000000000018189894 2334.00000000000000000000 2339.09999999999990905053 2346.00000000000000000000 2353.30000000000018189894 2367.82999999999992724042 2372.88999999999987267074 2377.01999999999998181011 2378.92000000000007275958 2381.21000000000003637979 2382.86999999999989086064 2383.73999999999978172127 2385.53000000000020008883 2387.88000000000010913936 2388.55999999999994543032 2387.50000000000000000000 2386.30000000000018189894 2384.80000000000018189894 2385.59000000000014551915 2386.61000000000012732926 2385.94999999999981810106 2384.57000000000016370905 2383.13999999999987267074 2383.71999999999979991117 2383.71999999999979991117 2383.44000000000005456968 2383.15999999999985448085 2382.84000000000014551915 2382.84000000000014551915 2381.17999999999983629095 2379.94999999999981810106 2378.25000000000000000000 2377.51000000000021827873 2376.13999999999987267074
2313.90000000000009094947 2320.30000000000018189894 2319.40000000000009094947 2323.90000000000009094947 2329.80000000000018189894 2333.90000000000009094947 2337.50000000000000000000 2356.36000000000012732926 2364.71000000000003637979 2369.00000000000000000000 2373.80999999999994543032 2377.03999999999996362021 2379.98000000000001818989 2381.80000000000018189894 2383.28000000000020008883 2384.13000000000010913936 2385.38999999999987267074 2386.57000000000016370905 2384.69000000000005456968 2383.59000000000014551915 2382.94000000000005456968 2383.46999999999979991117 2383.69000000000005456968 2384.30000000000018189894 2383.44000000000005456968 2382.51999999999998181011 2381.61000000000012732926 2381.69000000000005456968 2381.61999999999989086064 2381.76000000000021827873 2382.01000000000021827873 2381.28000000000020008883 2379.88000000000010913936 2378.51000000000021827873 2377.19999999999981810106 2376.30999999999994543032 2374.38999999999987267074
2307.19999999999981810106 2313.00000000000000000000 2319.59999999999990905053 2322.80000000000018189894 2328.00000000000000000000 2333.09999999999990905053 2337.09999999999990905053 2354.46000000000003637979 2360.57999999999992724042 2366.40999999999985448085 2371.50000000000000000000 2375.73000000000001818989 2377.55999999999994543032 2379.69999999999981810106 2380.94999999999981810106 2382.07000000000016370905 2382.46000000000003637979 2382.51000000000021827873 2382.65999999999985448085 2381.76999999999998181011 2381.19000000000005456968 2381.32999999999992724042 2381.48999999999978172127 2381.03999999999996362021 2381.34999999999990905053 2380.86000000000012732926 2379.88999999999987267074 2380.17000000000007275958 2379.96999999999979991117 2379.80999999999994543032 2380.00000000000000000000 2379.71999999999979991117 2378.19000000000005456968 2376.61999999999989086064 2375.28999999999996362021 2374.21000000000003637979 2372.48000000000001818989
2303.50000000000000000000 2312.00000000000000000000 2321.80000000000018189894 2325.90000000000009094947 2329.59999999999990905053 2332.80000000000018189894 2336.67000000000007275958 2349.46999999999979991117 2355.53000000000020008883 2362.71000000000003637979 2367.96000000000003637979 2371.96999999999979991117 2375.94000000000005456968 2376.44999999999981810106 2380.03999999999996362021 2380.19000000000005456968 2381.67000000000007275958 2379.71000000000003637979 2381.84000000000014551915 2379.73999999999978172127 2381.26999999999998181011 2382.09999999999990905053 2379.07000000000016370905 2378.53000000000020008883 2378.25000000000000000000 2378.65000000000009094947 2378.03000000000020008883 2378.36000000000012732926 2378.26999999999998181011 2377.61999999999989086064 2377.30000000000018189894 2376.76999999999998181011 2375.82000000000016370905 2374.40000000000009094947 2373.32999999999992724042 2373.36999999999989086064 2372.03999999999996362021
2300.00000000000000000000 2314.90000000000009094947 2320.90000000000009094947 2322.69999999999981810106 2325.50000000000000000000 2328.00000000000000000000 2332.50000000000000000000 2344.40000000000009094947 2352.63999999999987267074 2358.55999999999994543032 2360.28000000000020008883 2368.21000000000003637979 2371.63000000000010913936 2373.38000000000010913936 2377.44999999999981810106 2378.44999999999981810106 2378.15000000000009094947 2377.82000000000016370905 2380.42000000000007275958 2378.61000000000012732926 2379.11999999999989086064 2377.11000000000012732926 2376.71999999999979991117 2376.30000000000018189894 2375.82999999999992724042 2376.57999999999992724042 2376.38999999999987267074 2375.75000000000000000000 2375.25000000000000000000 2374.82999999999992724042 2374.59000000000014551915 2374.28999999999996362021 2373.78999999999996362021 2372.42999999999983629095 2372.44000000000005456968 2371.48999999999978172127 2369.51000000000021827873
2296.19999999999981810106 2299.80000000000018189894 2304.69999999999981810106 2314.90000000000009094947 2319.69999999999981810106 2324.90000000000009094947 2332.50000000000000000000 2336.67000000000007275958 2347.73999999999978172127 2349.21999999999979991117 2353.73000000000001818989 2361.50000000000000000000 2368.82000000000016370905 2374.98999999999978172127 2374.80999999999994543032 2376.26999999999998181011 2375.84000000000014551915 2375.42999999999983629095 2375.92000000000007275958 2376.28000000000020008883 2375.32000000000016370905 2375.42000000000007275958 2375.03999999999996362021 2374.28999999999996362021 2374.26000000000021827873 2376.01999999999998181011 2374.44999999999981810106 2372.59999999999990905053 2372.26999999999998181011 2372.69000000000005456968 2372.46000000000003637979 2371.92999999999983629095 2371.26000000000021827873 2370.63999999999987267074 2370.59000000000014551915 2369.73999999999978172127 2368.07999999999992724042
2284.00000000000000000000 2291.69999999999981810106 2302.09999999999990905053 2320.40000000000009094947 2324.19999999999981810106 2325.59999999999990905053 2329.59999999999990905053 2332.50000000000000000000 2337.09000000000014551915 2343.80000000000018189894 2348.01000000000021827873 2355.32999999999992724042 2366.90999999999985448085 2371.40000000000009094947 2371.05000000000018189894 2372.57000000000016370905 2373.13000000000010913936 2372.73999999999978172127 2372.30000000000018189894 2372.46999999999979991117 2372.71999999999979991117 2372.17000000000007275958 2372.26999999999998181011 2371.40999999999985448085 2371.34999999999990905053 2371.30000000000018189894 2371.82000000000016370905 2370.59999999999990905053 2370.42999999999983629095 2371.11000000000012732926 2370.28000000000020008883 2370.32000000000016370905 2370.03999999999996362021 2368.71999999999979991117 2368.57999999999992724042 2367.65999999999985448085 2366.19999999999981810106
2281.80000000000018189894 2292.90000000000009094947 2305.30000000000018189894 2311.00000000000000000000 2317.00000000000000000000 2322.90000000000009094947 2326.09999999999990905053 2326.30000000000018189894 2328.38000000000010913936 2332.05999999999994543032 2344.23999999999978172127 2354.96000000000003637979 2362.51999999999998181011 2364.76999999999998181011 2366.90000000000009094947 2369.15000000000009094947 2369.50000000000000000000 2369.75000000000000000000 2368.80999999999994543032 2368.78999999999996362021 2368.32000000000016370905 2367.55000000000018189894 2368.32999999999992724042 2368.51000000000021827873 2368.40999999999985448085 2368.48000000000001818989 2368.78999999999996362021 2368.19000000000005456968 2368.11999999999989086064 2369.17000000000007275958 2367.88999999999987267074 2368.90999999999985448085 2368.25000000000000000000 2366.82000000000016370905 2366.46000000000003637979 2365.11000000000012732926 2363.98999999999978172127
2274.80000000000018189894 2280.80000000000018189894 2292.80000000000018189894 2304.19999999999981810106 2311.59999999999990905053 2318.59999999999990905053 2321.80000000000018189894 2320.19999999999981810106 2321.21000000000003637979 2333.19000000000005456968 2342.28999999999996362021 2353.86000000000012732926 2357.67000000000007275958 2360.61999999999989086064 2363.30000000000018189894 2365.11999999999989086064 2365.48000000000001818989 2365.82000000000016370905 2364.76000000000021827873 2364.05999999999994543032 2364.00000000000000000000 2364.19999999999981810106 2365.09999999999990905053 2365.67999999999983629095 2366.00000000000000000000 2365.92999999999983629095 2365.38000000000010913936 2364.59999999999990905053 2365.57000000000016370905 2366.34999999999990905053 2365.32999999999992724042 2364.80999999999994543032 2366.15000000000009094947 2366.46000000000003637979 2365.17000000000007275958 2363.71999999999979991117 2362.38999999999987267074
2271.19999999999981810106 2279.59999999999990905053 2287.50000000000000000000 2293.69999999999981810106 2298.09999999999990905053 2307.69999999999981810106 2313.90000000000009094947 2313.59999999999990905053 2318.98999999999978172127 2334.21999999999979991117 2344.32000000000016370905 2352.07999999999992724042 2354.65999999999985448085 2357.50000000000000000000 2359.86000000000012732926 2360.13000000000010913936 2360.57999999999992724042 2360.78999999999996362021 2360.26000000000021827873 2360.21999999999979991117 2359.92000000000007275958 2360.71000000000003637979 2361.50000000000000000000 2361.82999999999992724042 2362.73000000000001818989 2363.30999999999994543032 2362.38999999999987267074 2361.75000000000000000000 2363.67000000000007275958 2364.38999999999987267074 2362.96999999999979991117 2363.40999999999985448085 2364.63000000000010913936 2364.38999999999987267074 2363.46999999999979991117 2362.13999999999987267074 2361.13999999999987267074
2261.59999999999990905053 2266.50000000000000000000 2274.40000000000009094947 2283.00000000000000000000 2289.59999999999990905053 2301.50000000000000000000 2306.40000000000009094947 2306.40000000000009094947 2320.11000000000012732926 2327.94000000000005456968 2341.36000000000012732926 2348.36000000000012732926 2352.94000000000005456968 2354.63999999999987267074 2356.44000000000005456968 2354.55000000000018189894 2355.09000000000014551915 2355.71000000000003637979 2355.57999999999992724042 2356.55000000000018189894 2355.30000000000018189894 2356.42999999999983629095 2357.30999999999994543032 2358.73000000000001818989 2359.71999999999979991117 2360.94000000000005456968 2359.76999999999998181011 2359.09000000000014551915 2362.44000000000005456968 2362.34999999999990905053 2361.55999999999994543032 2362.84999999999990905053 2362.03999999999996362021 2361.28000000000020008883 2360.96000000000003637979 2361.67000000000007275958 2360.63999999999987267074
2256.59999999999990905053 2259.09999999999990905053 2262.69999999999981810106 2274.50000000000000000000 2280.80000000000018189894 2292.69999999999981810106 2299.69999999999981810106 2304.69999999999981810106 2317.40000000000009094947 2328.21999999999979991117 2341.46000000000003637979 2346.94999999999981810106 2349.17999999999983629095 2350.84000000000014551915 2350.88000000000010913936 2350.03000000000020008883 2350.73000000000001818989 2351.17000000000007275958 2349.78999999999996362021 2351.44000000000005456968 2351.88000000000010913936 2352.65000000000009094947 2354.03000000000020008883 2355.69000000000005456968 2357.01999999999998181011 2357.90999999999985448085 2358.03000000000020008883 2360.13999999999987267074 2359.92999999999983629095 2358.94999999999981810106 2360.55000000000018189894 2361.05000000000018189894 2359.07000000000016370905 2359.57999999999992724042 2360.82999999999992724042 2361.09999999999990905053 2359.78999999999996362021
2252.50000000000000000000 2254.09999999999990905053 2257.69999999999981810106 2264.30000000000018189894 2275.80000000000018189894 2283.19999999999981810106 2291.09999999999990905053 2304.71000000000003637979 2315.71000000000003637979 2330.17000000000007275958 2338.82999999999992724042 2345.53000000000020008883 2345.90000000000009094947 2346.96000000000003637979 2345.71999999999979991117 2345.82000000000016370905 2346.07000000000016370905 2345.98999999999978172127 2345.34999999999990905053 2346.65999999999985448085 2348.46999999999979991117 2349.94999999999981810106 2351.36000000000012732926 2353.09000000000014551915 2354.23999999999978172127 2354.28999999999996362021 2354.76999999999998181011 2355.23000000000001818989 2357.61000000000012732926 2357.51000000000021827873 2358.88000000000010913936 2358.00000000000000000000 2357.67999999999983629095 2359.73000000000001818989 2359.07000000000016370905 2359.13999999999987267074 2356.78999999999996362021
2246.50000000000000000000 2248.09999999999990905053 2253.09999999999990905053 2259.69999999999981810106 2270.80000000000018189894 2274.69999999999981810106 2279.80000000000018189894 2300.57000000000016370905 2318.73000000000001818989 2329.11999999999989086064 2333.59000000000014551915 2340.07999999999992724042 2341.34000000000014551915 2342.26000000000021827873 2341.86999999999989086064 2341.59000000000014551915 2341.44000000000005456968 2342.67000000000007275958 2342.15999999999985448085 2342.44000000000005456968 2345.05000000000018189894 2346.86999999999989086064 2348.44000000000005456968 2351.40000000000009094947 2352.23999999999978172127 2351.84000000000014551915 2351.96999999999979991117 2355.05000000000018189894 2355.65000000000009094947 2355.09000000000014551915 2355.05999999999994543032 2355.94999999999981810106 2357.57999999999992724042 2358.26999999999998181011 2358.32000000000016370905 2359.84000000000014551915 2357.23000000000001818989
2241.09999999999990905053 2243.90000000000009094947 2247.09999999999990905053 2257.59999999999990905053 2263.40000000000009094947 2267.09999999999990905053 2274.09999999999990905053 2303.61000000000012732926 2318.98999999999978172127 2329.82000000000016370905 2332.78999999999996362021 2337.78000000000020008883 2337.30999999999994543032 2337.65999999999985448085 2337.73999999999978172127 2337.00000000000000000000 2336.88999999999987267074 2338.03000000000020008883 2339.82000000000016370905 2341.48000000000001818989 2343.50000000000000000000 2344.55000000000018189894 2346.11999999999989086064 2349.11000000000012732926 2349.71999999999979991117 2349.88999999999987267074 2350.55999999999994543032 2352.78000000000020008883 2353.88000000000010913936 2354.15000000000009094947 2354.90000000000009094947 2355.53000000000020008883 2357.13999999999987267074 2358.38999999999987267074 2359.44999999999981810106 2356.07000000000016370905 2354.07000000000016370905
