data/rhone/surface-1959.grid
NCOLS	167
NROWS	405
XLLCORNER	671250
YLLCORNER	157400
CELLSIZE	25
NODATA_value	-9999
[rows 0 to 15 of 405, columns 74 to 110 of 167]
3099.09999999999990905053 3112.09999999999990905053 3120.50000000000000000000 3131.50000000000000000000 3142.80000000000018189894 3153.90000000000009094947 3172.19999999999981810106 3189.80000000000018189894 3210.30000000000018189894 3232.19999999999981810106 3250.59999999999990905053 3270.30000000000018189894 3288.00000000000000000000 3308.30000000000018189894 3308.80000000000018189894 3306.69999999999981810106 3296.50000000000000000000 3285.69999999999981810106 3285.80000000000018189894 3280.00000000000000000000 3290.00000000000000000000 3283.09999999999990905053 3273.30000000000018189894 3257.90000000000009094947 3264.19999999999981810106 3265.90000000000009094947 3261.19999999999981810106 3254.19999999999981810106 3254.19999999999981810106 3255.30000000000018189894 3258.90000000000009094947 3279.19999999999981810106 3288.59999999999990905053 3303.00000000000000000000 3329.40000000000009094947 3367.00000000000000000000 3377.09999999999990905053
3104.19999999999981810106 3117.40000000000009094947 3126.59999999999990905053 3135.69999999999981810106 3146.69999999999981810106 3159.19999999999981810106 3175.19999999999981810106 3191.09999999999990905053 3211.19999999999981810106 3238.19999999999981810106 3256.90000000000009094947 3276.09999999999990905053 3292.30000000000018189894 3314.90000000000009094947 3342.80000000000018189894 3341.59999999999990905053 3333.80000000000018189894 3327.00000000000000000000 3320.30000000000018189894 3323.59999999999990905053 3326.40000000000009094947 3319.30000000000018189894 3303.90000000000009094947 3296.00000000000000000000 3306.80000000000018189894 3300.90000000000009094947 3297.50000000000000000000 3292.19999999999981810106 3289.80000000000018189894 3291.30000000000018189894 3293.30000000000018189894 3310.09999999999990905053 3329.19999999999981810106 3350.59999999999990905053 3372.90000000000009094947 3401.69999999999981810106 3408.19999999999981810106
3111.00000000000000000000 3121.50000000000000000000 3130.90000000000009094947 3137.69999999999981810106 3147.19999999999981810106 3159.69999999999981810106 3180.09999999999990905053 3195.19999999999981810106 3219.69999999999981810106 3243.30000000000018189894 3262.40000000000009094947 3283.09999999999990905053 3301.19999999999981810106 3319.00000000000000000000 3342.50000000000000000000 3372.59999999999990905053 3376.59999999999990905053 3369.19999999999981810106 3370.09999999999990905053 3367.80000000000018189894 3368.30000000000018189894 3360.40000000000009094947 3346.40000000000009094947 3344.80000000000018189894 3351.19999999999981810106 3349.50000000000000000000 3345.50000000000000000000 3338.09999999999990905053 3335.90000000000009094947 3330.40000000000009094947 3333.00000000000000000000 3344.59999999999990905053 3360.59999999999990905053 3384.50000000000000000000 3405.09999999999990905053 3414.00000000000000000000 3420.19999999999981810106
3119.90000000000009094947 3127.40000000000009094947 3135.00000000000000000000 3143.80000000000018189894 3151.50000000000000000000 3160.80000000000018189894 3180.90000000000009094947 3199.90000000000009094947 3226.30000000000018189894 3247.80000000000018189894 3268.30000000000018189894 3289.19999999999981810106 3308.09999999999990905053 3322.00000000000000000000 3344.00000000000000000000 3380.30000000000018189894 3389.09999999999990905053 3400.40000000000009094947 3401.30000000000018189894 3401.19999999999981810106 3401.30000000000018189894 3400.09999999999990905053 3392.19999999999981810106 3389.59999999999990905053 3393.09999999999990905053 3398.19999999999981810106 3392.59999999999990905053 3387.00000000000000000000 3376.80000000000018189894 3370.69999999999981810106 3373.69999999999981810106 3380.09999999999990905053 3395.40000000000009094947 3411.69999999999981810106 3420.69999999999981810106 3422.40000000000009094947 3424.19999999999981810106
3125.80000000000018189894 3133.59999999999990905053 3141.09999999999990905053 3149.40000000000009094947 3158.69999999999981810106 3168.80000000000018189894 3181.59999999999990905053 3211.19999999999981810106 3232.50000000000000000000 3252.00000000000000000000 3271.19999999999981810106 3288.69999999999981810106 3306.69999999999981810106 3326.30000000000018189894 3344.80000000000018189894 3374.90000000000009094947 3377.80000000000018189894 3386.40000000000009094947 3391.69999999999981810106 3398.30000000000018189894 3402.30000000000018189894 3404.30000000000018189894 3405.90000000000009094947 3408.09999999999990905053 3408.19999999999981810106 3423.94999999999981810106 3409.00000000000000000000 3410.09999999999990905053 3404.50000000000000000000 3403.09999999999990905053 3404.00000000000000000000 3407.19999999999981810106 3415.59999999999990905053 3420.69999999999981810106 3423.00000000000000000000 3425.59999999999990905053 3428.19999999999981810106
3130.59999999999990905053 3137.59999999999990905053 3145.40000000000009094947 3153.19999999999981810106 3163.00000000000000000000 3174.30000000000018189894 3188.40000000000009094947 3222.19999999999981810106 3239.59999999999990905053 3255.30000000000018189894 3272.50000000000000000000 3291.50000000000000000000 3310.00000000000000000000 3326.69999999999981810106 3345.40000000000009094947 3362.50000000000000000000 3368.19999999999981810106 3374.69999999999981810106 3377.59999999999990905053 3383.00000000000000000000 3390.19999999999981810106 3394.80000000000018189894 3394.30000000000018189894 3392.90000000000009094947 3354.32450000000017098500 3354.92810000000008585630 3415.94000000000005456968 3415.98999999999978172127 3412.48999999999978172127 3411.46000000000003637979 3409.09999999999990905053 3416.59999999999990905053 3408.36000000000012732926 3409.94999999999981810106 3413.57999999999992724042 3420.05999999999994543032 3425.44999999999981810106
3135.30000000000018189894 3144.50000000000000000000 3151.50000000000000000000 3157.59999999999990905053 3165.09999999999990905053 3179.00000000000000000000 3197.09999999999990905053 3228.50000000000000000000 3243.50000000000000000000 3258.09999999999990905053 3277.50000000000000000000 3292.00000000000000000000 3308.19999999999981810106 3328.00000000000000000000 3344.40000000000009094947 3352.59999999999990905053 3360.90000000000009094947 3368.00000000000000000000 3372.40000000000009094947 3376.19999999999981810106 3379.69999999999981810106 3377.25000000000000000000 3353.66060000000015861588 3353.69079999999985375325 3379.55999999999994543032 3385.98000000000001818989 3400.94999999999981810106 3409.36000000000012732926 3409.67000000000007275958 3402.59999999999990905053 3400.46000000000003637979 3402.34999999999990905053 3371.56880000000001018634 3375.27349999999978535925 3379.33590000000003783498 3383.66550000000006548362 3388.19520000000011350494
3141.69999999999981810106 3151.40000000000009094947 3160.30000000000018189894 3165.30000000000018189894 3169.90000000000009094947 3185.40000000000009094947 3206.30000000000018189894 3232.00000000000000000000 3247.50000000000000000000 3259.00000000000000000000 3276.30000000000018189894 3290.59999999999990905053 3312.00000000000000000000 3328.50000000000000000000 3338.69999999999981810106 3347.69999999999981810106 3356.80000000000018189894 3363.09999999999990905053 3367.19999999999981810106 3371.19999999999981810106 3371.73999999999978172127 3369.38999999999987267074 3368.23000000000001818989 3368.05999999999994543032 3371.65000000000009094947 3373.82999999999992724042 3379.36000000000012732926 3384.63000000000010913936 3404.61000000000012732926 3408.53000000000020008883 3400.67000000000007275958 3393.84999999999990905053 3395.69999999999981810106 3400.40999999999985448085 3402.82999999999992724042 3405.38999999999987267074 3409.67999999999983629095
3145.30000000000018189894 3155.50000000000000000000 3164.19999999999981810106 3172.19999999999981810106 3177.00000000000000000000 3192.59999999999990905053 3215.40000000000009094947 3231.90000000000009094947 3245.30000000000018189894 3256.50000000000000000000 3271.30000000000018189894 3293.30000000000018189894 3303.90000000000009094947 3321.69999999999981810106 3331.09999999999990905053 3341.69999999999981810106 3350.59999999999990905053 3357.50000000000000000000 3361.69999999999981810106 3364.80000000000018189894 3368.84999999999990905053 3365.36000000000012732926 3362.15000000000009094947 3363.42999999999983629095 3364.73999999999978172127 3366.42000000000007275958 3365.23999999999978172127 3365.71999999999979991117 3391.11000000000012732926 3410.09999999999990905053 3408.07000000000016370905 3404.26000000000021827873 3397.59000000000014551915 3398.07999999999992724042 3399.48999999999978172127 3403.23999999999978172127 3405.80999999999994543032
3147.00000000000000000000 3159.00000000000000000000 3172.90000000000009094947 3181.80000000000018189894 3184.50000000000000000000 3194.40000000000009094947 3220.19999999999981810106 3233.90000000000009094947 3240.50000000000000000000 3254.30000000000018189894 3274.30000000000018189894 3279.09999999999990905053 3291.00000000000000000000 3307.19999999999981810106 3322.40000000000009094947 3333.59999999999990905053 3344.19999999999981810106 3349.40000000000009094947 3355.19999999999981810106 3353.88999999999987267074 3357.90999999999985448085 3359.75000000000000000000 3359.65000000000009094947 3359.82000000000016370905 3359.69999999999981810106 3361.69999999999981810106 3364.34000000000014551915 3368.57000000000016370905 3380.07999999999992724042 3394.40000000000009094947 3400.48000000000001818989 3406.38999999999987267074 3404.26999999999998181011 3403.65000000000009094947 3401.63999999999987267074 3401.26999999999998181011 3402.00000000000000000000
3145.80000000000018189894 3163.09999999999990905053 3178.30000000000018189894 3187.30000000000018189894 3192.30000000000018189894 3198.30000000000018189894 3222.00000000000000000000 3240.80000000000018189894 3244.00000000000000000000 3254.30000000000018189894 3266.50000000000000000000 3276.59999999999990905053 3286.69999999999981810106 3297.00000000000000000000 3311.19999999999981810106 3323.80000000000018189894 3335.50000000000000000000 3343.40000000000009094947 3348.19999999999981810106 3345.63999999999987267074 3349.78999999999996362021 3353.94000000000005456968 3354.78999999999996362021 3355.82999999999992724042 3354.26999999999998181011 3356.19999999999981810106 3357.78999999999996362021 3361.73000000000001818989 3365.67000000000007275958 3375.55000000000018189894 3380.42000000000007275958 3383.88000000000010913936 3407.46000000000003637979 3404.65999999999985448085 3405.48999999999978172127 3407.78000000000020008883 3403.73000000000001818989
3147.00000000000000000000 3163.59999999999990905053 3177.09999999999990905053 3188.80000000000018189894 3199.19999999999981810106 3205.09999999999990905053 3225.40000000000009094947 3241.69999999999981810106 3250.90000000000009094947 3258.30000000000018189894 3267.90000000000009094947 3278.40000000000009094947 3287.40000000000009094947 3295.59999999999990905053 3305.19999999999981810106 3315.59999999999990905053 3324.69999999999981810106 3335.40000000000009094947 3342.00000000000000000000 3331.07000000000016370905 3341.67000000000007275958 3344.98000000000001818989 3348.28999999999996362021 3349.38000000000010913936 3348.73999999999978172127 3350.92000000000007275958 3352.94999999999981810106 3354.90999999999985448085 3360.53999999999996362021 3364.84999999999990905053 3368.84000000000014551915 3374.92000000000007275958 3381.00000000000000000000 3390.84999999999990905053 3398.32999999999992724042 3398.01999999999998181011 3398.71999999999979991117
3151.59999999999990905053 3163.69999999999981810106 3174.30000000000018189894 3188.90000000000009094947 3202.69999999999981810106 3214.09999999999990905053 3228.40000000000009094947 3243.19999999999981810106 3252.09999999999990905053 3259.90000000000009094947 3269.80000000000018189894 3280.09999999999990905053 3287.30000000000018189894 3294.59999999999990905053 3301.40000000000009094947 3308.80000000000018189894 3316.59999999999990905053 3326.00000000000000000000 3320.53999999999996362021 3325.13000000000010913936 3332.75000000000000000000 3338.59999999999990905053 3341.84000000000014551915 3343.76000000000021827873 3344.80999999999994543032 3347.13000000000010913936 3349.46999999999979991117 3349.53000000000020008883 3353.15999999999985448085 3356.86999999999989086064 3361.09000000000014551915 3365.96000000000003637979 3373.63000000000010913936 3379.50000000000000000000 3384.84999999999990905053 3388.07999999999992724042 3392.34000000000014551915
3153.90000000000009094947 3166.90000000000009094947 3176.50000000000000000000 3190.19999999999981810106 3206.50000000000000000000 3218.59999999999990905053 3227.40000000000009094947 3242.50000000000000000000 3253.40000000000009094947 3263.09999999999990905053 3271.90000000000009094947 3279.80000000000018189894 3286.19999999999981810106 3292.69999999999981810106 3299.40000000000009094947 3306.09999999999990905053 3313.19999999999981810106 3318.80000000000018189894 3317.01000000000021827873 3321.15000000000009094947 3325.05000000000018189894 3330.71999999999979991117 3334.98000000000001818989 3338.09000000000014551915 3339.84000000000014551915 3341.94999999999981810106 3343.28000000000020008883 3343.67000000000007275958 3345.19000000000005456968 3349.21999999999979991117 3353.42999999999983629095 3358.53000000000020008883 3364.90999999999985448085 3371.40999999999985448085 3375.98999999999978172127 3379.75000000000000000000 3382.76999999999998181011
3152.50000000000000000000 3165.59999999999990905053 3179.30000000000018189894 3193.09999999999990905053 3208.69999999999981810106 3222.30000000000018189894 3230.69999999999981810106 3241.80000000000018189894 3252.90000000000009094947 3263.30000000000018189894 3270.40000000000009094947 3277.19999999999981810106 3284.09999999999990905053 3291.40000000000009094947 3298.69999999999981810106 3304.50000000000000000000 3310.00000000000000000000 3311.36999999999989086064 3313.76999999999998181011 3316.71999999999979991117 3320.38000000000010913936 3324.28999999999996362021 3328.40000000000009094947 3332.19999999999981810106 3333.38000000000010913936 3335.23999999999978172127 3336.36999999999989086064 3337.48999999999978172127 3337.76000000000021827873 3341.61000000000012732926 3345.75000000000000000000 3351.96999999999979991117 3358.03999999999996362021 3364.38999999999987267074 3369.80000000000018189894 3374.25000000000000000000 3377.32999999999992724042
3154.69999999999981810106 3166.90000000000009094947 3179.80000000000018189894 3196.00000000000000000000 3212.90000000000009094947 3224.50000000000000000000 3232.59999999999990905053 3241.50000000000000000000 3252.30000000000018189894 3261.59999999999990905053 3268.50000000000000000000 3276.19999999999981810106 3283.90000000000009094947 3291.50000000000000000000 3299.00000000000000000000 3304.30000000000018189894 3305.46000000000003637979 3309.32999999999992724042 3310.61999999999989086064 3312.21999999999979991117 3315.40999999999985448085 3317.96000000000003637979 3321.71999999999979991117 3325.13999999999987267074 3326.26000000000021827873 3327.80000000000018189894 3328.96999999999979991117 3331.03999999999996362021 3331.82000000000016370905 3334.28000000000020008883 3338.15000000000009094947 3345.44000000000005456968 3351.44000000000005456968 3357.82000000000016370905 3362.94999999999981810106 3367.01999999999998181011 3371.21999999999979991117
