data/rhone/surface-1991.grid
NCOLS	167
NROWS	405
XLLCORNER	671250
YLLCORNER	157400
CELLSIZE	25
NODATA_value	-9999
[rows 224 to 239 of 405, columns 37 to 73 of 167]
2611.30999999999994543032 2612.01000000000021827873 2612.51000000000021827873 2613.30000000000018189894 2613.05000000000018189894 2614.15999999999985448085 2616.40000000000009094947 2618.30999999999994543032 2620.63000000000010913936 2622.73000000000001818989 2625.15999999999985448085 2628.09999999999990905053 2631.61999999999989086064 2635.05000000000018189894 2637.21000000000003637979 2639.13000000000010913936 2638.13000000000010913936 2637.65000000000009094947 2640.36999999999989086064 2640.69000000000005456968 2640.13000000000010913936 2639.92000000000007275958 2639.36999999999989086064 2639.42999999999983629095 2638.05000000000018189894 2635.51000000000021827873 2633.86999999999989086064 2633.75000000000000000000 2632.17000000000007275958 2631.73000000000001818989 2631.69000000000005456968 2629.51000000000021827873 2630.09999999999990905053 2633.23000000000001818989 2628.26999999999998181011 2625.92999999999983629095 2625.23000000000001818989
2610.40999999999985448085 2611.05999999999994543032 2611.92999999999983629095 2612.09999999999990905053 2611.67000000000007275958 2613.42000000000007275958 2615.15999999999985448085 2616.75000000000000000000 2619.15000000000009094947 2621.96999999999979991117 2624.13999999999987267074 2627.44000000000005456968 2630.00000000000000000000 2632.65000000000009094947 2635.73000000000001818989 2637.21999999999979991117 2637.40999999999985448085 2637.28000000000020008883 2638.40000000000009094947 2639.03999999999996362021 2639.19000000000005456968 2639.42999999999983629095 2639.38000000000010913936 2638.28999999999996362021 2636.15000000000009094947 2634.15999999999985448085 2633.05000000000018189894 2632.23000000000001818989 2632.53999999999996362021 2631.17000000000007275958 2630.61999999999989086064 2630.51000000000021827873 2632.92000000000007275958 2630.07000000000016370905 2624.84000000000014551915 2622.65000000000009094947 2620.71000000000003637979
2609.34000000000014551915 2610.23999999999978172127 2610.96000000000003637979 2611.42999999999983629095 2611.32999999999992724042 2612.78999999999996362021 2614.86999999999989086064 2615.48000000000001818989 2618.13000000000010913936 2620.57000000000016370905 2623.32999999999992724042 2626.40000000000009094947 2628.30999999999994543032 2631.09999999999990905053 2633.65000000000009094947 2635.19000000000005456968 2636.69000000000005456968 2636.76000000000021827873 2636.55999999999994543032 2636.84000000000014551915 2637.50000000000000000000 2638.17000000000007275958 2637.98999999999978172127 2636.92999999999983629095 2635.05999999999994543032 2633.19999999999981810106 2632.32999999999992724042 2632.03999999999996362021 2631.19000000000005456968 2630.17000000000007275958 2628.78000000000020008883 2628.44000000000005456968 2629.05000000000018189894 2623.94000000000005456968 2623.11999999999989086064 2622.46000000000003637979 2620.55000000000018189894
2607.76000000000021827873 2608.73999999999978172127 2609.61000000000012732926 2610.01999999999998181011 2610.42000000000007275958 2611.73999999999978172127 2613.59000000000014551915 2615.17000000000007275958 2616.92999999999983629095 2619.03999999999996362021 2621.98999999999978172127 2624.42000000000007275958 2626.90999999999985448085 2629.34999999999990905053 2631.61999999999989086064 2633.25000000000000000000 2634.48000000000001818989 2634.71000000000003637979 2635.19999999999981810106 2635.09000000000014551915 2635.42999999999983629095 2633.50000000000000000000 2634.98000000000001818989 2635.82999999999992724042 2633.30999999999994543032 2633.13000000000010913936 2632.36999999999989086064 2632.90000000000009094947 2631.40999999999985448085 2630.13999999999987267074 2627.86000000000012732926 2625.90999999999985448085 2625.67000000000007275958 2623.32000000000016370905 2622.88000000000010913936 2620.69000000000005456968 2617.59000000000014551915
2606.26999999999998181011 2607.09999999999990905053 2608.01999999999998181011 2608.73999999999978172127 2609.73000000000001818989 2610.96000000000003637979 2612.21000000000003637979 2614.21000000000003637979 2616.23999999999978172127 2617.94999999999981810106 2620.82999999999992724042 2622.01999999999998181011 2624.40000000000009094947 2626.75000000000000000000 2629.13000000000010913936 2630.32000000000016370905 2630.98000000000001818989 2632.63999999999987267074 2632.94999999999981810106 2633.50000000000000000000 2636.01000000000021827873 2633.80999999999994543032 2634.26999999999998181011 2633.36999999999989086064 2632.92999999999983629095 2632.65999999999985448085 2633.15999999999985448085 2632.53999999999996362021 2630.78999999999996362021 2630.32000000000016370905 2627.55000000000018189894 2625.23999999999978172127 2623.92000000000007275958 2621.78000000000020008883 2619.61000000000012732926 2618.17000000000007275958 2613.67999999999983629095
2604.78000000000020008883 2605.53000000000020008883 2606.53999999999996362021 2607.59000000000014551915 2608.80000000000018189894 2609.78999999999996362021 2611.15999999999985448085 2612.94000000000005456968 2615.51999999999998181011 2616.86000000000012732926 2618.30999999999994543032 2619.67000000000007275958 2622.34999999999990905053 2624.34999999999990905053 2627.32999999999992724042 2627.63000000000010913936 2627.92999999999983629095 2630.21000000000003637979 2631.63999999999987267074 2633.34000000000014551915 2633.67999999999983629095 2631.11999999999989086064 2631.92999999999983629095 2632.86999999999989086064 2632.57000000000016370905 2632.59000000000014551915 2631.46000000000003637979 2632.07999999999992724042 2630.44000000000005456968 2628.63000000000010913936 2625.92000000000007275958 2623.92000000000007275958 2622.00000000000000000000 2619.84000000000014551915 2617.71000000000003637979 2614.55999999999994543032 2609.86000000000012732926
2602.23000000000001818989 2603.44000000000005456968 2604.78999999999996362021 2605.92999999999983629095 2606.94000000000005456968 2607.90999999999985448085 2609.21999999999979991117 2611.23999999999978172127 2612.78000000000020008883 2613.76000000000021827873 2614.17999999999983629095 2616.59999999999990905053 2619.40999999999985448085 2622.15000000000009094947 2623.94999999999981810106 2625.21999999999979991117 2627.53000000000020008883 2628.26000000000021827873 2628.82000000000016370905 2630.73000000000001818989 2628.98000000000001818989 2630.57000000000016370905 2630.34999999999990905053 2631.76999999999998181011 2630.48999999999978172127 2632.71999999999979991117 2629.92000000000007275958 2627.76000000000021827873 2627.17000000000007275958 2623.86000000000012732926 2622.94000000000005456968 2622.23999999999978172127 2620.50000000000000000000 2618.38999999999987267074 2615.38000000000010913936 2610.48000000000001818989 2611.19999999999981810106
2599.92000000000007275958 2601.36999999999989086064 2602.96000000000003637979 2603.88000000000010913936 2604.67999999999983629095 2607.11000000000012732926 2607.30999999999994543032 2607.88999999999987267074 2607.92999999999983629095 2608.90000000000009094947 2610.94000000000005456968 2613.57999999999992724042 2616.11000000000012732926 2618.40999999999985448085 2618.86999999999989086064 2621.92999999999983629095 2624.23000000000001818989 2625.25000000000000000000 2625.67999999999983629095 2626.32999999999992724042 2625.19000000000005456968 2626.36000000000012732926 2626.09999999999990905053 2627.75000000000000000000 2626.15000000000009094947 2630.80000000000018189894 2628.82999999999992724042 2621.61999999999989086064 2622.40000000000009094947 2619.46999999999979991117 2622.55000000000018189894 2620.44999999999981810106 2618.51000000000021827873 2615.90999999999985448085 2613.46000000000003637979 2604.73000000000001818989 2613.80000000000018189894
2598.82999999999992724042 2599.65999999999985448085 2601.15999999999985448085 2601.26999999999998181011 2601.82999999999992724042 2604.05999999999994543032 2603.46999999999979991117 2603.36000000000012732926 2603.73000000000001818989 2607.34000000000014551915 2607.55999999999994543032 2609.82999999999992724042 2610.59999999999990905053 2611.44000000000005456968 2613.69000000000005456968 2617.73999999999978172127 2619.15999999999985448085 2620.84000000000014551915 2620.42000000000007275958 2622.25000000000000000000 2623.01000000000021827873 2622.57000000000016370905 2624.07000000000016370905 2617.32000000000016370905 2620.84999999999990905053 2624.90999999999985448085 2621.15000000000009094947 2619.15999999999985448085 2620.23999999999978172127 2617.15999999999985448085 2619.76999999999998181011 2618.63999999999987267074 2615.53000000000020008883 2611.92999999999983629095 2609.63000000000010913936 2611.69999999999981810106 2616.09999999999990905053
2596.05999999999994543032 2597.13000000000010913936 2598.51999999999998181011 2598.51999999999998181011 2598.61999999999989086064 2601.94999999999981810106 2598.19999999999981810106 2599.92000000000007275958 2601.78000000000020008883 2602.96999999999979991117 2603.01000000000021827873 2603.65000000000009094947 2605.50000000000000000000 2607.38999999999987267074 2609.67000000000007275958 2612.78000000000020008883 2614.96999999999979991117 2616.57999999999992724042 2617.82000000000016370905 2616.44000000000005456968 2617.28000000000020008883 2617.80999999999994543032 2617.44999999999981810106 2615.57000000000016370905 2613.19000000000005456968 2618.13999999999987267074 2617.19999999999981810106 2618.07000000000016370905 2615.34999999999990905053 2613.96999999999979991117 2616.78999999999996362021 2617.19000000000005456968 2609.53999999999996362021 2608.75000000000000000000 2607.90000000000009094947 2613.09999999999990905053 2618.00000000000000000000
2593.42999999999983629095 2594.57000000000016370905 2595.23000000000001818989 2596.13000000000010913936 2595.94000000000005456968 2597.46999999999979991117 2596.84000000000014551915 2596.61999999999989086064 2597.67000000000007275958 2598.21999999999979991117 2598.44000000000005456968 2600.63999999999987267074 2600.13999999999987267074 2602.13999999999987267074 2602.46999999999979991117 2604.30000000000018189894 2608.05999999999994543032 2610.25000000000000000000 2612.03000000000020008883 2611.69000000000005456968 2611.42000000000007275958 2610.19000000000005456968 2614.36999999999989086064 2611.21000000000003637979 2612.51000000000021827873 2614.17999999999983629095 2609.84999999999990905053 2613.57999999999992724042 2614.82000000000016370905 2612.34000000000014551915 2613.82000000000016370905 2608.51999999999998181011 2609.25000000000000000000 2608.51999999999998181011 2610.80000000000018189894 2615.90000000000009094947 2620.59999999999990905053
2591.71000000000003637979 2593.46000000000003637979 2593.51000000000021827873 2591.94000000000005456968 2593.03999999999996362021 2594.84000000000014551915 2594.55000000000018189894 2593.96000000000003637979 2592.88999999999987267074 2592.75000000000000000000 2593.86999999999989086064 2594.73000000000001818989 2594.11999999999989086064 2595.92999999999983629095 2597.88999999999987267074 2599.30999999999994543032 2601.19999999999981810106 2604.17000000000007275958 2604.61999999999989086064 2604.01000000000021827873 2603.80999999999994543032 2605.84000000000014551915 2600.67000000000007275958 2593.51999999999998181011 2607.57000000000016370905 2610.21999999999979991117 2600.57999999999992724042 2603.69000000000005456968 2605.63999999999987267074 2607.21999999999979991117 2604.57000000000016370905 2605.67999999999983629095 2609.82999999999992724042 2606.80000000000018189894 2613.30000000000018189894 2620.00000000000000000000 2623.00000000000000000000
2590.19999999999981810106 2590.57000000000016370905 2589.80999999999994543032 2590.51999999999998181011 2590.23000000000001818989 2589.59999999999990905053 2590.21000000000003637979 2590.28999999999996362021 2586.59999999999990905053 2587.55999999999994543032 2588.84000000000014551915 2588.26999999999998181011 2588.90999999999985448085 2590.25000000000000000000 2592.21000000000003637979 2593.01000000000021827873 2593.73000000000001818989 2596.57999999999992724042 2596.67999999999983629095 2596.15000000000009094947 2595.26999999999998181011 2595.32000000000016370905 2598.42000000000007275958 2591.19999999999981810106 2597.98000000000001818989 2602.57999999999992724042 2595.78999999999996362021 2598.98999999999978172127 2597.51000000000021827873 2599.57000000000016370905 2602.00000000000000000000 2603.25000000000000000000 2601.30000000000018189894 2608.90000000000009094947 2616.30000000000018189894 2622.09999999999990905053 2625.50000000000000000000
2585.84999999999990905053 2587.07999999999992724042 2586.98000000000001818989 2587.36999999999989086064 2587.34999999999990905053 2586.96000000000003637979 2585.84999999999990905053 2584.98999999999978172127 2585.40000000000009094947 2584.96000000000003637979 2584.36000000000012732926 2582.88000000000010913936 2582.53000000000020008883 2583.51999999999998181011 2585.59000000000014551915 2586.61000000000012732926 2587.28000000000020008883 2588.36999999999989086064 2589.46999999999979991117 2588.61999999999989086064 2589.15000000000009094947 2587.96000000000003637979 2586.76999999999998181011 2589.98999999999978172127 2586.51999999999998181011 2594.98999999999978172127 2590.57999999999992724042 2589.44999999999981810106 2589.94999999999981810106 2594.40000000000009094947 2595.21000000000003637979 2596.90000000000009094947 2602.59999999999990905053 2609.69999999999981810106 2616.80000000000018189894 2622.69999999999981810106 2627.69999999999981810106
2583.42000000000007275958 2584.61999999999989086064 2584.63000000000010913936 2584.32000000000016370905 2584.28999999999996362021 2583.80999999999994543032 2581.86999999999989086064 2581.94999999999981810106 2580.84000000000014551915 2581.51999999999998181011 2579.51999999999998181011 2578.90000000000009094947 2577.51000000000021827873 2580.36000000000012732926 2579.96000000000003637979 2580.63999999999987267074 2581.13999999999987267074 2581.46999999999979991117 2581.59999999999990905053 2580.42999999999983629095 2581.01000000000021827873 2582.11000000000012732926 2584.13000000000010913936 2586.88000000000010913936 2584.40000000000009094947 2586.23999999999978172127 2584.25000000000000000000 2580.57999999999992724042 2583.90999999999985448085 2585.50000000000000000000 2586.90000000000009094947 2593.00000000000000000000 2602.00000000000000000000 2610.09999999999990905053 2618.80000000000018189894 2624.50000000000000000000 2629.80000000000018189894
2581.21000000000003637979 2580.09999999999990905053 2580.38999999999987267074 2580.40000000000009094947 2580.36000000000012732926 2579.69999999999981810106 2578.82000000000016370905 2577.67000000000007275958 2576.55999999999994543032 2574.80000000000018189894 2573.71999999999979991117 2572.48000000000001818989 2573.15999999999985448085 2572.40000000000009094947 2573.32000000000016370905 2575.26000000000021827873 2575.28999999999996362021 2575.98000000000001818989 2575.80000000000018189894 2574.71000000000003637979 2575.53999999999996362021 2575.75000000000000000000 2576.67999999999983629095 2579.98999999999978172127 2581.84999999999990905053 2581.19000000000005456968 2577.92999999999983629095 2573.90999999999985448085 2574.80000000000018189894 2578.00000000000000000000 2580.30000000000018189894 2589.19999999999981810106 2601.69999999999981810106 2612.09999999999990905053 2621.50000000000000000000 2626.50000000000000000000 2631.50000000000000000000
