data/rhone/surface-1959.grid
NCOLS	167
NROWS	405
XLLCORNER	671250
YLLCORNER	157400
CELLSIZE	25
NODATA_value	-9999
[rows 384 to 399 of 405, columns 0 to 36 of 167]
1804.90000000000009094947 1796.50000000000000000000 1787.70000000000004547474 1781.29999999999995452526 1779.79999999999995452526 1779.79999999999995452526 1782.90000000000009094947 1784.00000000000000000000 1784.00000000000000000000 1783.29999999999995452526 1782.59999999999990905053 1781.59999999999990905053 1781.29999999999995452526 1781.00000000000000000000 1780.70000000000004547474 1780.59999999999990905053 1780.59999999999990905053 1781.29999999999995452526 1782.09999999999990905053 1781.20000000000004547474 1780.79999999999995452526 1781.90000000000009094947 1783.09999999999990905053 1783.09999999999990905053 1783.00000000000000000000 1782.90000000000009094947 1782.79999999999995452526 1782.70000000000004547474 1784.00000000000000000000 1785.29999999999995452526 1786.59999999999990905053 1787.79999999999995452526 1789.09999999999990905053 1790.79999999999995452526 1796.40000000000009094947 1799.79999999999995452526 1812.40000000000009094947
1797.00000000000000000000 1790.50000000000000000000 1782.90000000000009094947 1779.79999999999995452526 1779.40000000000009094947 1779.09999999999990905053 1779.79999999999995452526 1780.59999999999990905053 1781.50000000000000000000 1780.90000000000009094947 1780.29999999999995452526 1779.40000000000009094947 1779.29999999999995452526 1779.40000000000009094947 1779.40000000000009094947 1779.40000000000009094947 1779.59999999999990905053 1780.00000000000000000000 1780.50000000000000000000 1779.90000000000009094947 1780.00000000000000000000 1781.29999999999995452526 1781.59999999999990905053 1781.50000000000000000000 1781.40000000000009094947 1781.40000000000009094947 1781.90000000000009094947 1783.40000000000009094947 1784.59999999999990905053 1785.70000000000004547474 1787.00000000000000000000 1788.20000000000004547474 1789.29999999999995452526 1794.20000000000004547474 1804.59999999999990905053 1818.40000000000009094947 1836.79999999999995452526
1791.29999999999995452526 1784.70000000000004547474 1779.90000000000009094947 1779.40000000000009094947 1778.90000000000009094947 1778.50000000000000000000 1778.70000000000004547474 1779.09999999999990905053 1779.50000000000000000000 1779.20000000000004547474 1778.50000000000000000000 1778.40000000000009094947 1778.40000000000009094947 1778.40000000000009094947 1778.50000000000000000000 1778.90000000000009094947 1779.00000000000000000000 1779.09999999999990905053 1779.40000000000009094947 1779.50000000000000000000 1779.90000000000009094947 1780.70000000000004547474 1780.20000000000004547474 1780.00000000000000000000 1780.40000000000009094947 1781.50000000000000000000 1782.90000000000009094947 1784.40000000000009094947 1785.90000000000009094947 1787.09999999999990905053 1788.29999999999995452526 1789.40000000000009094947 1795.20000000000004547474 1810.59999999999990905053 1826.29999999999995452526 1842.79999999999995452526 1855.09999999999990905053
1784.90000000000009094947 1779.90000000000009094947 1779.40000000000009094947 1778.90000000000009094947 1778.40000000000009094947 1777.90000000000009094947 1777.40000000000009094947 1777.79999999999995452526 1778.20000000000004547474 1777.90000000000009094947 1777.50000000000000000000 1777.50000000000000000000 1777.50000000000000000000 1777.79999999999995452526 1778.09999999999990905053 1778.50000000000000000000 1778.59999999999990905053 1778.70000000000004547474 1779.00000000000000000000 1779.29999999999995452526 1779.70000000000004547474 1779.90000000000009094947 1779.90000000000009094947 1779.90000000000009094947 1781.09999999999990905053 1782.29999999999995452526 1783.79999999999995452526 1785.40000000000009094947 1786.90000000000009094947 1788.40000000000009094947 1789.70000000000004547474 1797.29999999999995452526 1816.70000000000004547474 1830.29999999999995452526 1843.40000000000009094947 1854.00000000000000000000 1863.90000000000009094947
1779.50000000000000000000 1779.29999999999995452526 1778.90000000000009094947 1778.40000000000009094947 1777.90000000000009094947 1777.40000000000009094947 1776.90000000000009094947 1776.50000000000000000000 1776.90000000000009094947 1776.50000000000000000000 1776.50000000000000000000 1776.70000000000004547474 1777.00000000000000000000 1777.40000000000009094947 1777.70000000000004547474 1778.09999999999990905053 1778.20000000000004547474 1778.50000000000000000000 1779.00000000000000000000 1779.29999999999995452526 1779.40000000000009094947 1779.79999999999995452526 1779.79999999999995452526 1779.90000000000009094947 1781.50000000000000000000 1783.40000000000009094947 1785.00000000000000000000 1786.59999999999990905053 1788.09999999999990905053 1789.70000000000004547474 1799.70000000000004547474 1821.59999999999990905053 1832.59999999999990905053 1840.90000000000009094947 1847.40000000000009094947 1854.00000000000000000000 1864.50000000000000000000
1778.29999999999995452526 1778.70000000000004547474 1778.20000000000004547474 1777.70000000000004547474 1777.29999999999995452526 1776.79999999999995452526 1776.29999999999995452526 1775.79999999999995452526 1775.70000000000004547474 1775.59999999999990905053 1775.90000000000009094947 1776.29999999999995452526 1776.59999999999990905053 1777.00000000000000000000 1777.40000000000009094947 1777.70000000000004547474 1778.00000000000000000000 1778.50000000000000000000 1779.00000000000000000000 1779.29999999999995452526 1779.40000000000009094947 1779.59999999999990905053 1779.70000000000004547474 1779.90000000000009094947 1782.00000000000000000000 1784.59999999999990905053 1786.40000000000009094947 1788.09999999999990905053 1789.70000000000004547474 1800.70000000000004547474 1816.70000000000004547474 1832.59999999999990905053 1843.20000000000004547474 1848.00000000000000000000 1853.50000000000000000000 1859.79999999999995452526 1869.20000000000004547474
1777.29999999999995452526 1778.09999999999990905053 1777.59999999999990905053 1777.09999999999990905053 1776.59999999999990905053 1776.20000000000004547474 1775.70000000000004547474 1775.20000000000004547474 1774.79999999999995452526 1775.40000000000009094947 1775.79999999999995452526 1776.20000000000004547474 1776.50000000000000000000 1776.90000000000009094947 1777.20000000000004547474 1777.59999999999990905053 1778.00000000000000000000 1778.50000000000000000000 1779.00000000000000000000 1779.29999999999995452526 1779.40000000000009094947 1779.50000000000000000000 1779.59999999999990905053 1780.29999999999995452526 1783.20000000000004547474 1785.40000000000009094947 1787.70000000000004547474 1789.40000000000009094947 1795.59999999999990905053 1806.79999999999995452526 1823.90000000000009094947 1839.59999999999990905053 1848.90000000000009094947 1855.59999999999990905053 1860.29999999999995452526 1868.29999999999995452526 1877.50000000000000000000
1776.40000000000009094947 1777.40000000000009094947 1776.90000000000009094947 1776.50000000000000000000 1776.00000000000000000000 1775.50000000000000000000 1774.79999999999995452526 1773.79999999999995452526 1774.50000000000000000000 1775.70000000000004547474 1776.09999999999990905053 1776.40000000000009094947 1776.79999999999995452526 1777.09999999999990905053 1777.50000000000000000000 1777.79999999999995452526 1778.09999999999990905053 1778.50000000000000000000 1779.00000000000000000000 1779.40000000000009094947 1779.40000000000009094947 1779.50000000000000000000 1779.70000000000004547474 1781.70000000000004547474 1784.79999999999995452526 1786.90000000000009094947 1789.29999999999995452526 1796.79999999999995452526 1802.20000000000004547474 1818.40000000000009094947 1835.09999999999990905053 1846.09999999999990905053 1853.09999999999990905053 1861.90000000000009094947 1868.50000000000000000000 1875.90000000000009094947 1887.90000000000009094947
1775.40000000000009094947 1776.59999999999990905053 1776.29999999999995452526 1775.79999999999995452526 1775.20000000000004547474 1774.20000000000004547474 1773.20000000000004547474 1773.09999999999990905053 1774.29999999999995452526 1775.40000000000009094947 1776.50000000000000000000 1776.70000000000004547474 1777.00000000000000000000 1777.40000000000009094947 1777.70000000000004547474 1778.09999999999990905053 1778.40000000000009094947 1778.59999999999990905053 1779.00000000000000000000 1779.40000000000009094947 1779.50000000000000000000 1779.70000000000004547474 1781.29999999999995452526 1785.00000000000000000000 1787.79999999999995452526 1790.50000000000000000000 1799.59999999999990905053 1811.00000000000000000000 1819.70000000000004547474 1830.79999999999995452526 1843.79999999999995452526 1850.70000000000004547474 1858.09999999999990905053 1868.70000000000004547474 1875.79999999999995452526 1885.50000000000000000000 1899.50000000000000000000
1774.50000000000000000000 1775.70000000000004547474 1775.59999999999990905053 1774.59999999999990905053 1773.70000000000004547474 1772.70000000000004547474 1772.00000000000000000000 1772.79999999999995452526 1774.00000000000000000000 1775.20000000000004547474 1776.29999999999995452526 1777.20000000000004547474 1777.40000000000009094947 1777.59999999999990905053 1778.00000000000000000000 1778.29999999999995452526 1778.59999999999990905053 1778.90000000000009094947 1779.09999999999990905053 1779.40000000000009094947 1779.70000000000004547474 1780.00000000000000000000 1785.00000000000000000000 1788.50000000000000000000 1794.79999999999995452526 1801.70000000000004547474 1811.90000000000009094947 1820.90000000000009094947 1832.50000000000000000000 1842.40000000000009094947 1851.79999999999995452526 1859.50000000000000000000 1867.00000000000000000000 1876.09999999999990905053 1886.59999999999990905053 1898.50000000000000000000 1908.50000000000000000000
1772.70000000000004547474 1775.09999999999990905053 1774.00000000000000000000 1773.09999999999990905053 1772.09999999999990905053 1771.09999999999990905053 1771.40000000000009094947 1772.59999999999990905053 1773.70000000000004547474 1774.90000000000009094947 1776.00000000000000000000 1777.20000000000004547474 1777.79999999999995452526 1778.00000000000000000000 1778.29999999999995452526 1778.59999999999990905053 1778.90000000000009094947 1779.09999999999990905053 1779.40000000000009094947 1779.59999999999990905053 1779.90000000000009094947 1784.20000000000004547474 1788.90000000000009094947 1797.40000000000009094947 1808.90000000000009094947 1817.50000000000000000000 1826.09999999999990905053 1836.20000000000004547474 1845.09999999999990905053 1852.29999999999995452526 1861.40000000000009094947 1869.00000000000000000000 1876.79999999999995452526 1885.90000000000009094947 1896.20000000000004547474 1909.20000000000004547474 1918.59999999999990905053
1772.09999999999990905053 1773.90000000000009094947 1772.50000000000000000000 1771.40000000000009094947 1770.59999999999990905053 1770.29999999999995452526 1771.09999999999990905053 1772.29999999999995452526 1773.40000000000009094947 1774.59999999999990905053 1775.79999999999995452526 1776.90000000000009094947 1778.09999999999990905053 1778.50000000000000000000 1778.70000000000004547474 1778.90000000000009094947 1779.20000000000004547474 1779.50000000000000000000 1779.79999999999995452526 1780.09999999999990905053 1785.00000000000000000000 1793.29999999999995452526 1804.29999999999995452526 1812.59999999999990905053 1820.59999999999990905053 1832.40000000000009094947 1840.79999999999995452526 1848.70000000000004547474 1859.09999999999990905053 1864.20000000000004547474 1870.00000000000000000000 1877.00000000000000000000 1886.09999999999990905053 1896.20000000000004547474 1906.70000000000004547474 1920.00000000000000000000 1927.79999999999995452526
1773.00000000000000000000 1771.79999999999995452526 1770.79999999999995452526 1769.90000000000009094947 1769.70000000000004547474 1770.00000000000000000000 1771.40000000000009094947 1772.40000000000009094947 1773.29999999999995452526 1774.29999999999995452526 1775.50000000000000000000 1776.70000000000004547474 1777.79999999999995452526 1778.90000000000009094947 1779.09999999999990905053 1779.40000000000009094947 1779.59999999999990905053 1779.79999999999995452526 1782.09999999999990905053 1792.29999999999995452526 1801.40000000000009094947 1809.50000000000000000000 1819.59999999999990905053 1828.20000000000004547474 1839.20000000000004547474 1844.59999999999990905053 1851.90000000000009094947 1858.29999999999995452526 1865.20000000000004547474 1873.29999999999995452526 1880.70000000000004547474 1885.90000000000009094947 1896.29999999999995452526 1906.70000000000004547474 1917.09999999999990905053 1925.79999999999995452526 1933.70000000000004547474
1771.79999999999995452526 1769.59999999999990905053 1769.29999999999995452526 1769.00000000000000000000 1769.20000000000004547474 1770.29999999999995452526 1771.90000000000009094947 1773.20000000000004547474 1774.20000000000004547474 1775.20000000000004547474 1776.20000000000004547474 1777.09999999999990905053 1778.09999999999990905053 1779.09999999999990905053 1779.59999999999990905053 1779.79999999999995452526 1782.09999999999990905053 1789.20000000000004547474 1799.29999999999995452526 1807.79999999999995452526 1815.20000000000004547474 1827.00000000000000000000 1834.79999999999995452526 1843.00000000000000000000 1849.40000000000009094947 1855.90000000000009094947 1862.40000000000009094947 1869.40000000000009094947 1874.50000000000000000000 1881.59999999999990905053 1887.50000000000000000000 1893.50000000000000000000 1899.90000000000009094947 1909.59999999999990905053 1919.29999999999995452526 1929.59999999999990905053 1939.40000000000009094947
1770.29999999999995452526 1768.79999999999995452526 1768.40000000000009094947 1768.29999999999995452526 1769.70000000000004547474 1771.00000000000000000000 1772.50000000000000000000 1773.90000000000009094947 1775.09999999999990905053 1776.09999999999990905053 1777.09999999999990905053 1778.20000000000004547474 1779.20000000000004547474 1780.00000000000000000000 1781.20000000000004547474 1787.40000000000009094947 1795.40000000000009094947 1803.09999999999990905053 1811.59999999999990905053 1820.70000000000004547474 1833.70000000000004547474 1845.00000000000000000000 1850.29999999999995452526 1855.09999999999990905053 1861.29999999999995452526 1867.09999999999990905053 1873.59999999999990905053 1879.70000000000004547474 1884.50000000000000000000 1889.90000000000009094947 1895.50000000000000000000 1901.29999999999995452526 1911.09999999999990905053 1920.50000000000000000000 1931.70000000000004547474 1941.50000000000000000000 1948.90000000000009094947
1771.00000000000000000000 1769.79999999999995452526 1767.29999999999995452526 1768.29999999999995452526 1769.40000000000009094947 1770.00000000000000000000 1770.29999999999995452526 1771.00000000000000000000 1773.70000000000004547474 1775.70000000000004547474 1777.70000000000004547474 1779.40000000000009094947 1782.90000000000009094947 1790.29999999999995452526 1794.29999999999995452526 1800.09999999999990905053 1809.20000000000004547474 1817.40000000000009094947 1832.50000000000000000000 1843.90000000000009094947 1849.90000000000009094947 1857.00000000000000000000 1862.59999999999990905053 1868.00000000000000000000 1873.40000000000009094947 1877.90000000000009094947 1881.79999999999995452526 1887.29999999999995452526 1894.29999999999995452526 1899.50000000000000000000 1905.59999999999990905053 1912.79999999999995452526 1924.50000000000000000000 1932.20000000000004547474 1939.90000000000009094947 1949.70000000000004547474 1959.40000000000009094947
