data/rhone/surface-2007.grid
NCOLS	167
NROWS	405
XLLCORNER	671250
YLLCORNER	157400
CELLSIZE	25
NODATA_value	-9999
[rows 112 to 127 of 405, columns 0 to 36 of 167]
3225.09999999999990905053 3230.00000000000000000000 3246.00000000000000000000 3275.59999999999990905053 3301.19999999999981810106 3286.30000000000018189894 3263.80000000000018189894 3219.69999999999981810106 3161.12049999999999272404 3139.15610000000015133992 3118.13020000000005893526 3105.36000000000012732926 3096.23000000000001818989 3090.76000000000021827873 3089.44999999999981810106 3090.15000000000009094947 3087.23000000000001818989 3088.61000000000012732926 3090.28000000000020008883 3092.25000000000000000000 3095.05000000000018189894 3101.51249999999981810106 3115.81480000000010477379 3130.80709999999999126885 3145.80429999999978463165 3172.40000000000009094947 3218.09999999999990905053 3238.80000000000018189894 3219.82000000000016370905 3220.25000000000000000000 3216.46999999999979991117 3214.53000000000020008883 3211.78999999999996362021 3208.21999999999979991117 3202.48999999999978172127 3195.73999999999978172127 3186.67000000000007275958
3212.80000000000018189894 3218.80000000000018189894 3257.80000000000018189894 3284.09999999999990905053 3295.50000000000000000000 3261.90000000000009094947 3234.09999999999990905053 3206.80000000000018189894 3145.08350000000018553692 3123.10980000000017753337 3104.57000000000016370905 3094.51999999999998181011 3086.19999999999981810106 3082.34999999999990905053 3083.34999999999990905053 3084.13999999999987267074 3078.55000000000018189894 3078.59000000000014551915 3078.19999999999981810106 3081.17999999999983629095 3084.23999999999978172127 3089.82999999999992724042 3097.96999999999979991117 3108.88549999999986539478 3124.56419999999980063876 3137.07000000000016370905 3187.30000000000018189894 3220.19999999999981810106 3210.32000000000016370905 3222.94999999999981810106 3210.98999999999978172127 3207.92000000000007275958 3205.51000000000021827873 3201.88000000000010913936 3196.71000000000003637979 3191.07000000000016370905 3183.13000000000010913936
3193.80000000000018189894 3221.30000000000018189894 3246.50000000000000000000 3253.09999999999990905053 3257.90000000000009094947 3225.69999999999981810106 3206.50000000000000000000 3150.47859999999991487130 3128.86020000000007712515 3107.20290000000022700988 3093.69999999999981810106 3084.05000000000018189894 3077.34000000000014551915 3073.15000000000009094947 3071.32000000000016370905 3074.23000000000001818989 3070.55999999999994543032 3071.42999999999983629095 3068.48000000000001818989 3070.55999999999994543032 3073.71999999999979991117 3080.00000000000000000000 3087.05000000000018189894 3097.07000000000016370905 3108.67000000000007275958 3120.28189999999995052349 3149.00000000000000000000 3178.09999999999990905053 3183.01999999999998181011 3195.42000000000007275958 3202.78000000000020008883 3203.94999999999981810106 3200.78000000000020008883 3196.32999999999992724042 3191.00000000000000000000 3186.11000000000012732926 3178.55999999999994543032
3179.30000000000018189894 3215.09999999999990905053 3225.69999999999981810106 3218.50000000000000000000 3225.40000000000009094947 3197.09999999999990905053 3154.79829999999992651283 3134.37820000000010622898 3112.90700000000015279511 3095.46000000000003637979 3084.30000000000018189894 3075.34000000000014551915 3067.67000000000007275958 3063.55999999999994543032 3060.61999999999989086064 3059.80000000000018189894 3062.57999999999992724042 3062.03999999999996362021 3059.88999999999987267074 3061.09000000000014551915 3064.55999999999994543032 3069.53999999999996362021 3077.30000000000018189894 3087.40999999999985448085 3096.07999999999992724042 3107.59000000000014551915 3118.04610000000002401066 3134.20620000000008076313 3167.59999999999990905053 3200.40000000000009094947 3205.65000000000009094947 3196.36999999999989086064 3197.01999999999998181011 3192.40000000000009094947 3186.57999999999992724042 3180.36000000000012732926 3173.92999999999983629095
3182.80000000000018189894 3213.80000000000018189894 3210.59999999999990905053 3208.00000000000000000000 3196.00000000000000000000 3158.58860000000004220055 3139.59420000000000072760 3118.88839999999981955625 3099.30999999999994543032 3084.63999999999987267074 3075.36999999999989086064 3066.28000000000020008883 3058.30999999999994543032 3054.09000000000014551915 3051.30999999999994543032 3050.65999999999985448085 3055.19000000000005456968 3053.69000000000005456968 3051.42999999999983629095 3051.01999999999998181011 3055.46000000000003637979 3060.07999999999992724042 3067.09000000000014551915 3075.28999999999996362021 3085.01999999999998181011 3094.82000000000016370905 3105.61000000000012732926 3117.89449999999987994670 3139.17000000000007275958 3194.80000000000018189894 3205.94000000000005456968 3189.53999999999996362021 3188.55999999999994543032 3187.51999999999998181011 3186.98999999999978172127 3176.71999999999979991117 3170.96999999999979991117
3181.30000000000018189894 3209.90000000000009094947 3205.69999999999981810106 3178.68589999999994688551 3163.10359999999991487130 3145.26929999999993015081 3125.39730000000008658390 3104.84000000000014551915 3088.59999999999990905053 3076.19999999999981810106 3066.07999999999992724042 3057.15000000000009094947 3050.90000000000009094947 3045.69000000000005456968 3042.84999999999990905053 3042.88000000000010913936 3045.86000000000012732926 3044.15999999999985448085 3042.46000000000003637979 3042.94999999999981810106 3047.90000000000009094947 3050.86999999999989086064 3057.69999999999981810106 3065.05999999999994543032 3077.05000000000018189894 3085.05000000000018189894 3095.67999999999983629095 3107.92999999999983629095 3119.79309999999986757757 3162.50000000000000000000 3177.57999999999992724042 3181.25000000000000000000 3179.63000000000010913936 3183.15000000000009094947 3181.46999999999979991117 3175.42999999999983629095 3169.65999999999985448085
3175.50000000000000000000 3202.40000000000009094947 3206.09999999999990905053 3170.10170000000016443664 3152.54430000000002110028 3133.25010000000020227162 3112.54440000000022337190 3095.21000000000003637979 3080.63999999999987267074 3068.38999999999987267074 3060.48999999999978172127 3049.88999999999987267074 3042.61000000000012732926 3038.09999999999990905053 3035.05000000000018189894 3035.01999999999998181011 3035.63000000000010913936 3034.96999999999979991117 3032.65000000000009094947 3033.73000000000001818989 3036.88000000000010913936 3041.98000000000001818989 3048.21000000000003637979 3055.34000000000014551915 3063.82000000000016370905 3074.13999999999987267074 3084.84000000000014551915 3098.59999999999990905053 3105.88250000000016370905 3123.49119999999993524398 3159.50000000000000000000 3196.15999999999985448085 3186.57000000000016370905 3181.19999999999981810106 3178.09999999999990905053 3173.67000000000007275958 3168.01999999999998181011
3170.69999999999981810106 3202.59999999999990905053 3206.59999999999990905053 3203.09999999999990905053 3175.30000000000018189894 3122.73450000000002546585 3103.15999999999985448085 3087.34000000000014551915 3073.42000000000007275958 3060.59999999999990905053 3051.71999999999979991117 3043.13000000000010913936 3035.19000000000005456968 3030.36000000000012732926 3026.46000000000003637979 3026.15999999999985448085 3026.19000000000005456968 3025.63999999999987267074 3024.53000000000020008883 3025.25000000000000000000 3027.80000000000018189894 3032.46999999999979991117 3040.19000000000005456968 3047.53000000000020008883 3055.34000000000014551915 3064.40000000000009094947 3075.23999999999978172127 3087.26000000000021827873 3099.57000000000016370905 3111.17189999999982319423 3158.80000000000018189894 3196.00000000000000000000 3191.17000000000007275958 3185.01999999999998181011 3181.07000000000016370905 3172.71999999999979991117 3165.15999999999985448085
3173.30000000000018189894 3201.90000000000009094947 3203.50000000000000000000 3201.00000000000000000000 3143.90000000000009094947 3113.77059999999983119778 3095.15000000000009094947 3080.05999999999994543032 3065.36000000000012732926 3053.92000000000007275958 3044.82999999999992724042 3035.63000000000010913936 3027.78000000000020008883 3022.38000000000010913936 3018.69000000000005456968 3017.78999999999996362021 3018.07999999999992724042 3018.09999999999990905053 3016.40999999999985448085 3017.30999999999994543032 3020.26000000000021827873 3025.63999999999987267074 3031.13999999999987267074 3038.44999999999981810106 3046.28999999999996362021 3053.82999999999992724042 3066.38999999999987267074 3079.59000000000014551915 3083.98999999999978172127 3098.82979999999997744453 3147.30000000000018189894 3168.50000000000000000000 3193.34000000000014551915 3201.28000000000020008883 3185.88999999999987267074 3177.44999999999981810106 3167.84000000000014551915
3176.00000000000000000000 3201.59999999999990905053 3182.09999999999990905053 3156.59999999999990905053 3130.06649999999990541255 3106.27480000000014115358 3087.59000000000014551915 3071.86999999999989086064 3059.34999999999990905053 3046.42000000000007275958 3036.67999999999983629095 3027.98000000000001818989 3020.75000000000000000000 3015.11000000000012732926 3011.57999999999992724042 3009.69999999999981810106 3011.03999999999996362021 3011.07999999999992724042 3009.98000000000001818989 3010.36000000000012732926 3012.92000000000007275958 3017.82000000000016370905 3023.71999999999979991117 3030.21999999999979991117 3037.03000000000020008883 3047.03999999999996362021 3058.92999999999983629095 3045.92059999999992214725 3065.96289999999999054126 3096.94000000000005456968 3133.19999999999981810106 3137.80000000000018189894 3188.19999999999981810106 3210.38000000000010913936 3197.17000000000007275958 3181.59999999999990905053 3169.76999999999998181011
3187.30000000000018189894 3203.80000000000018189894 3170.69999999999981810106 3151.83019999999987703632 3125.56140000000004874892 3100.03549999999995634425 3078.42999999999983629095 3064.36999999999989086064 3051.80000000000018189894 3040.07000000000016370905 3029.63999999999987267074 3020.84999999999990905053 3013.96999999999979991117 3008.94000000000005456968 3005.00000000000000000000 3003.07000000000016370905 3005.84000000000014551915 3002.84999999999990905053 3003.28000000000020008883 3003.90999999999985448085 3006.09000000000014551915 3011.26000000000021827873 3016.42999999999983629095 3022.92000000000007275958 3029.46999999999979991117 3039.67000000000007275958 3013.89409999999998035491 3032.66190000000005966285 3052.68719999999984793249 3073.30169999999998253770 3112.40000000000009094947 3133.00000000000000000000 3178.40000000000009094947 3195.00000000000000000000 3203.92000000000007275958 3194.15000000000009094947 3170.86999999999989086064
3202.90000000000009094947 3219.80000000000018189894 3187.90000000000009094947 3151.12890000000015788828 3121.94909999999981664587 3094.70780000000013387762 3073.38000000000010913936 3060.40000000000009094947 3044.67000000000007275958 3033.05000000000018189894 3022.86999999999989086064 3014.69000000000005456968 3007.57999999999992724042 3002.44999999999981810106 2998.96000000000003637979 2996.96000000000003637979 3000.65999999999985448085 2998.17000000000007275958 2997.19000000000005456968 2998.07000000000016370905 3000.05999999999994543032 3004.42000000000007275958 3009.51999999999998181011 3014.48999999999978172127 3020.73999999999978172127 2984.47929999999996653059 3001.10219999999981155270 3019.46239999999988867785 3039.24600000000009458745 3059.90590000000020154403 3080.63400000000001455192 3121.59999999999990905053 3150.09999999999990905053 3180.90000000000009094947 3194.00000000000000000000 3205.34000000000014551915 3178.63999999999987267074
3208.00000000000000000000 3242.30000000000018189894 3203.40000000000009094947 3162.80000000000018189894 3118.49729999999999563443 3089.86509999999998399289 3068.53000000000020008883 3054.17999999999983629095 3040.25000000000000000000 3026.94999999999981810106 3017.13999999999987267074 3008.78000000000020008883 3001.90999999999985448085 2996.55000000000018189894 2993.90999999999985448085 2992.65000000000009094947 2996.63000000000010913936 2992.46000000000003637979 2991.82999999999992724042 2992.84000000000014551915 2994.46000000000003637979 2998.15999999999985448085 3002.13000000000010913936 3007.11999999999989086064 2958.19219999999995707185 2972.41409999999996216502 2988.48430000000007566996 3006.30870000000004438334 3025.66660000000001673470 3046.13509999999996580300 3067.03380000000015570549 3104.69999999999981810106 3133.50000000000000000000 3154.50000000000000000000 3179.19999999999981810106 3200.09999999999990905053 3184.50000000000000000000
3209.69999999999981810106 3231.19999999999981810106 3175.30000000000018189894 3142.30000000000018189894 3114.58399999999983265297 3085.12849999999980354914 3062.17000000000007275958 3046.42999999999983629095 3034.23000000000001818989 3021.75000000000000000000 3011.01000000000021827873 3003.96000000000003637979 2996.96999999999979991117 2991.94000000000005456968 2989.90999999999985448085 2987.23000000000001818989 2986.71999999999979991117 2986.50000000000000000000 2987.05999999999994543032 2987.57999999999992724042 2989.38000000000010913936 2991.76000000000021827873 2995.73999999999978172127 3000.11999999999989086064 2946.90579999999999927240 2960.58109999999987849151 2976.04730000000017753337 2993.25129999999990104698 3012.05200000000013460522 3032.14240000000017971615 3052.97580000000016298145 3073.73419999999987339834 3093.37500000000000000000 3140.80000000000018189894 3171.40000000000009094947 3187.80000000000018189894 3181.03000000000020008883
3207.50000000000000000000 3216.00000000000000000000 3179.80000000000018189894 3133.50000000000000000000 3109.99029999999993378879 3080.27970000000004802132 3057.51000000000021827873 3041.51999999999998181011 3027.23999999999978172127 3016.51999999999998181011 3005.80000000000018189894 2999.51999999999998181011 2993.03999999999996362021 2988.71999999999979991117 2986.09000000000014551915 2983.38999999999987267074 2982.36999999999989086064 2982.05999999999994543032 2982.57000000000016370905 2983.67000000000007275958 2984.61000000000012732926 2985.92999999999983629095 2988.09999999999990905053 2992.76999999999998181011 2997.59999999999990905053 2948.98140000000012150849 2963.82450000000017098500 2980.36929999999983920134 2998.53589999999985593604 3018.11729999999988649506 3038.69410000000016225385 3059.57369999999991705408 3079.79739999999992505764 3123.59999999999990905053 3161.19999999999981810106 3168.40000000000009094947 3179.23999999999978172127
3201.90000000000009094947 3215.00000000000000000000 3193.50000000000000000000 3133.00000000000000000000 3104.81199999999989813659 3075.25880000000006475602 3053.34999999999990905053 3037.63999999999987267074 3024.23999999999978172127 3012.44999999999981810106 3002.01000000000021827873 2996.25000000000000000000 2990.67999999999983629095 2986.19000000000005456968 2982.75000000000000000000 2980.82999999999992724042 2979.17999999999983629095 2979.28999999999996362021 2977.15999999999985448085 2978.88999999999987267074 2979.38000000000010913936 2980.30999999999994543032 2982.15999999999985448085 2985.13000000000010913936 2989.90000000000009094947 2937.61909999999988940544 2951.84920000000010986696 2967.73469999999997526174 2985.23779999999987921910 3004.22989999999981591827 3024.40389999999979409040 3045.19309999999995852704 3065.74359999999978754204 3100.80000000000018189894 3140.00000000000000000000 3153.00000000000000000000 3169.19999999999981810106
