data/rhone/surface-1980.grid
NCOLS	167
NROWS	405
XLLCORNER	671250
YLLCORNER	157400
CELLSIZE	25
NODATA_value	-9999
[rows 0 to 15 of 405, columns 111 to 147 of 167]
3401.19999999999981810106 3407.19999999999981810106 3411.59999999999990905053 3414.80000000000018189894 3422.19999999999981810106 3430.19999999999981810106 3440.00000000000000000000 3446.69999999999981810106 3453.19999999999981810106 3460.69999999999981810106 3465.00000000000000000000 3468.90000000000009094947 3472.00000000000000000000 3471.00000000000000000000 3439.69999999999981810106 3419.09999999999990905053 3398.40000000000009094947 3375.50000000000000000000 3357.30000000000018189894 3334.80000000000018189894 3312.40000000000009094947 3294.40000000000009094947 3277.50000000000000000000 3258.50000000000000000000 3245.09999999999990905053 3219.69999999999981810106 3203.80000000000018189894 3188.50000000000000000000 3175.19999999999981810106 3159.90000000000009094947 3160.30000000000018189894 3149.30000000000018189894 3125.19999999999981810106 3134.19999999999981810106 3119.50000000000000000000 3105.90000000000009094947 3103.30000000000018189894
3411.50000000000000000000 3417.30000000000018189894 3421.50000000000000000000 3425.90000000000009094947 3430.90000000000009094947 3438.50000000000000000000 3445.00000000000000000000 3452.40000000000009094947 3459.59999999999990905053 3465.50000000000000000000 3486.82000000000016370905 3495.86999999999989086064 3502.80999999999994543032 3502.92000000000007275958 3463.09999999999990905053 3435.50000000000000000000 3422.00000000000000000000 3397.50000000000000000000 3377.09999999999990905053 3356.40000000000009094947 3330.80000000000018189894 3308.59999999999990905053 3293.00000000000000000000 3274.19999999999981810106 3263.30000000000018189894 3247.09999999999990905053 3228.69999999999981810106 3218.80000000000018189894 3213.19999999999981810106 3200.00000000000000000000 3193.59999999999990905053 3196.59999999999990905053 3183.90000000000009094947 3181.90000000000009094947 3173.19999999999981810106 3162.30000000000018189894 3153.50000000000000000000
3421.69999999999981810106 3423.80000000000018189894 3428.59999999999990905053 3432.90000000000009094947 3439.30000000000018189894 3446.40000000000009094947 3452.59999999999990905053 3460.00000000000000000000 3474.86999999999989086064 3484.32000000000016370905 3494.73000000000001818989 3505.03999999999996362021 3513.21999999999979991117 3514.82000000000016370905 3480.69999999999981810106 3459.19999999999981810106 3441.50000000000000000000 3417.90000000000009094947 3402.40000000000009094947 3385.00000000000000000000 3344.90000000000009094947 3334.19999999999981810106 3323.30000000000018189894 3306.50000000000000000000 3290.09999999999990905053 3270.59999999999990905053 3262.40000000000009094947 3263.69999999999981810106 3253.00000000000000000000 3241.80000000000018189894 3238.19999999999981810106 3244.59999999999990905053 3238.40000000000009094947 3231.30000000000018189894 3224.09999999999990905053 3218.30000000000018189894 3204.59999999999990905053
3426.09999999999990905053 3428.30000000000018189894 3432.00000000000000000000 3436.40000000000009094947 3441.50000000000000000000 3448.09999999999990905053 3467.88000000000010913936 3473.90999999999985448085 3480.78999999999996362021 3489.94000000000005456968 3500.32999999999992724042 3510.69000000000005456968 3519.09000000000014551915 3522.44000000000005456968 3516.05000000000018189894 3482.80000000000018189894 3472.09999999999990905053 3437.90000000000009094947 3418.30000000000018189894 3383.59999999999990905053 3370.59999999999990905053 3366.90000000000009094947 3361.40000000000009094947 3348.80000000000018189894 3332.90000000000009094947 3318.59999999999990905053 3313.19999999999981810106 3304.69999999999981810106 3292.40000000000009094947 3283.69999999999981810106 3287.30000000000018189894 3294.00000000000000000000 3293.09999999999990905053 3280.19999999999981810106 3272.40000000000009094947 3272.40000000000009094947 3261.59999999999990905053
3459.28999999999996362021 3460.63999999999987267074 3460.05000000000018189894 3459.48000000000001818989 3461.48999999999978172127 3465.67999999999983629095 3471.17999999999983629095 3477.32999999999992724042 3484.71000000000003637979 3493.75000000000000000000 3503.76000000000021827873 3513.48999999999978172127 3521.09000000000014551915 3524.17000000000007275958 3520.48000000000001818989 3509.42999999999983629095 3480.90000000000009094947 3454.09999999999990905053 3422.59999999999990905053 3407.30000000000018189894 3396.59999999999990905053 3396.30000000000018189894 3396.90000000000009094947 3386.90000000000009094947 3369.40000000000009094947 3354.00000000000000000000 3349.30000000000018189894 3340.09999999999990905053 3326.80000000000018189894 3321.59999999999990905053 3329.30000000000018189894 3334.59999999999990905053 3336.59999999999990905053 3322.40000000000009094947 3320.50000000000000000000 3319.30000000000018189894 3315.00000000000000000000
3454.26000000000021827873 3455.28000000000020008883 3456.36000000000012732926 3458.17000000000007275958 3461.53999999999996362021 3466.07000000000016370905 3471.78999999999996362021 3478.55999999999994543032 3486.57999999999992724042 3495.78000000000020008883 3505.55000000000018189894 3514.67000000000007275958 3521.25000000000000000000 3522.34999999999990905053 3513.80000000000018189894 3489.50000000000000000000 3477.69999999999981810106 3453.50000000000000000000 3448.90000000000009094947 3446.90000000000009094947 3442.69999999999981810106 3440.69999999999981810106 3439.40000000000009094947 3422.59999999999990905053 3401.59999999999990905053 3388.69999999999981810106 3385.19999999999981810106 3373.90000000000009094947 3361.90000000000009094947 3358.40000000000009094947 3368.80000000000018189894 3374.50000000000000000000 3378.50000000000000000000 3364.30000000000018189894 3361.40000000000009094947 3356.69999999999981810106 3350.00000000000000000000
3446.38999999999987267074 3448.13000000000010913936 3450.46999999999979991117 3453.75000000000000000000 3458.19000000000005456968 3463.63999999999987267074 3470.17999999999983629095 3477.84999999999990905053 3486.63000000000010913936 3496.26000000000021827873 3506.17000000000007275958 3515.44000000000005456968 3522.88999999999987267074 3526.82000000000016370905 3524.59999999999990905053 3501.80000000000018189894 3488.30000000000018189894 3475.19999999999981810106 3482.50000000000000000000 3484.59999999999990905053 3485.19999999999981810106 3488.00000000000000000000 3484.09999999999990905053 3466.59999999999990905053 3448.90000000000009094947 3437.30000000000018189894 3430.09999999999990905053 3410.00000000000000000000 3396.40000000000009094947 3390.00000000000000000000 3408.69999999999981810106 3434.19999999999981810106 3441.80000000000018189894 3415.00000000000000000000 3406.50000000000000000000 3394.19999999999981810106 3385.09999999999990905053
3437.57000000000016370905 3439.98999999999978172127 3443.21000000000003637979 3447.48000000000001818989 3452.82999999999992724042 3459.23000000000001818989 3466.71999999999979991117 3475.32000000000016370905 3484.90000000000009094947 3495.09000000000014551915 3505.34999999999990905053 3515.05000000000018189894 3523.46999999999979991117 3529.38999999999987267074 3530.30000000000018189894 3509.30000000000018189894 3508.40000000000009094947 3511.09999999999990905053 3520.19999999999981810106 3520.00000000000000000000 3516.80000000000018189894 3517.19999999999981810106 3511.50000000000000000000 3506.50000000000000000000 3502.80000000000018189894 3500.40000000000009094947 3483.40000000000009094947 3463.90000000000009094947 3457.69999999999981810106 3442.90000000000009094947 3502.50000000000000000000 3513.80000000000018189894 3511.00000000000000000000 3500.80000000000018189894 3493.19999999999981810106 3486.00000000000000000000 3442.00000000000000000000
3428.76000000000021827873 3431.48999999999978172127 3435.25000000000000000000 3440.17000000000007275958 3446.21000000000003637979 3453.34999999999990905053 3461.61000000000012732926 3470.98999999999978172127 3481.25000000000000000000 3491.96000000000003637979 3502.59999999999990905053 3512.78000000000020008883 3522.26999999999998181011 3530.80000000000018189894 3537.90999999999985448085 3542.73000000000001818989 3539.55999999999994543032 3518.59999999999990905053 3520.59999999999990905053 3521.80000000000018189894 3523.69999999999981810106 3524.40000000000009094947 3525.69999999999981810106 3524.69999999999981810106 3523.40000000000009094947 3519.59999999999990905053 3518.40000000000009094947 3511.30000000000018189894 3519.00000000000000000000 3508.80000000000018189894 3523.19999999999981810106 3525.90000000000009094947 3529.09999999999990905053 3540.30000000000018189894 3540.50000000000000000000 3524.50000000000000000000 3514.80000000000018189894
3420.05000000000018189894 3422.88000000000010913936 3427.00000000000000000000 3432.36999999999989086064 3438.86999999999989086064 3446.44999999999981810106 3455.15000000000009094947 3464.94000000000005456968 3475.59000000000014551915 3486.61000000000012732926 3497.46999999999979991117 3507.86000000000012732926 3517.76000000000021827873 3527.21000000000003637979 3535.96000000000003637979 3542.88000000000010913936 3545.01999999999998181011 3546.05000000000018189894 3552.48999999999978172127 3559.98999999999978172127 3567.17000000000007275958 3570.71000000000003637979 3571.50000000000000000000 3568.80999999999994543032 3565.36999999999989086064 3561.13999999999987267074 3529.09999999999990905053 3530.50000000000000000000 3523.38999999999987267074 3466.92560000000003128662 3547.30000000000018189894 3540.05000000000018189894 3556.71000000000003637979 3561.36999999999989086064 3473.74459999999999126885 3544.48999999999978172127 3548.65000000000009094947
3411.21000000000003637979 3414.19999999999981810106 3418.71999999999979991117 3424.48999999999978172127 3431.28000000000020008883 3439.03000000000020008883 3447.76999999999998181011 3457.55000000000018189894 3468.15999999999985448085 3479.13999999999987267074 3489.94000000000005456968 3500.23000000000001818989 3509.96999999999979991117 3519.25000000000000000000 3527.90000000000009094947 3535.21000000000003637979 3540.26999999999998181011 3544.94999999999981810106 3551.90000000000009094947 3559.80999999999994543032 3567.26999999999998181011 3572.61000000000012732926 3575.86999999999989086064 3577.05999999999994543032 3577.07999999999992724042 3575.36999999999989086064 3569.28999999999996362021 3571.42999999999983629095 3567.03999999999996362021 3563.80000000000018189894 3560.80000000000018189894 3556.11999999999989086064 3563.34999999999990905053 3567.44000000000005456968 3567.44999999999981810106 3558.09999999999990905053 3548.11999999999989086064
3402.26999999999998181011 3405.69000000000005456968 3410.71000000000003637979 3416.86000000000012732926 3423.86000000000012732926 3431.59000000000014551915 3440.09000000000014551915 3449.44000000000005456968 3459.55999999999994543032 3470.09999999999990905053 3480.53999999999996362021 3490.46000000000003637979 3499.78999999999996362021 3508.55999999999994543032 3516.71999999999979991117 3524.01000000000021827873 3530.30000000000018189894 3536.55000000000018189894 3543.88000000000010913936 3551.88000000000010913936 3559.55000000000018189894 3565.94000000000005456968 3570.84000000000014551915 3574.28999999999996362021 3576.48999999999978172127 3577.11999999999989086064 3575.86999999999989086064 3576.13000000000010913936 3573.55000000000018189894 3570.11000000000012732926 3566.40000000000009094947 3563.34000000000014551915 3565.11000000000012732926 3566.23999999999978172127 3564.17000000000007275958 3557.11000000000012732926 3549.15000000000009094947
3394.61000000000012732926 3398.15999999999985448085 3403.44000000000005456968 3409.80000000000018189894 3416.88999999999987267074 3424.51999999999998181011 3432.61999999999989086064 3441.30999999999994543032 3450.63000000000010913936 3460.40000000000009094947 3470.17999999999983629095 3479.57000000000016370905 3488.36999999999989086064 3496.61999999999989086064 3504.32999999999992724042 3511.44999999999981810106 3518.05999999999994543032 3524.73999999999978172127 3532.09000000000014551915 3539.94999999999981810106 3547.65000000000009094947 3554.51000000000021827873 3560.28000000000020008883 3564.98999999999978172127 3568.63000000000010913936 3571.03000000000020008883 3572.09999999999990905053 3572.55000000000018189894 3571.17999999999983629095 3568.61000000000012732926 3565.61000000000012732926 3563.23999999999978172127 3562.73999999999978172127 3562.05000000000018189894 3559.48000000000001818989 3554.38000000000010913936 3548.53999999999996362021
3386.96000000000003637979 3391.44000000000005456968 3397.09000000000014551915 3403.50000000000000000000 3410.51000000000021827873 3417.94999999999981810106 3425.67000000000007275958 3433.69999999999981810106 3442.11999999999989086064 3450.92999999999983629095 3459.88999999999987267074 3468.59999999999990905053 3476.84000000000014551915 3484.61999999999989086064 3492.00000000000000000000 3498.94999999999981810106 3505.44000000000005456968 3511.96999999999979991117 3518.98000000000001818989 3526.46000000000003637979 3533.92000000000007275958 3540.78000000000020008883 3546.80000000000018189894 3552.01999999999998181011 3556.46999999999979991117 3560.00000000000000000000 3562.44000000000005456968 3563.73999999999978172127 3563.51999999999998181011 3562.07000000000016370905 3560.05999999999994543032 3558.28000000000020008883 3557.21000000000003637979 3556.07999999999992724042 3554.03000000000020008883 3550.84000000000014551915 3547.25000000000000000000
3383.05000000000018189894 3386.92000000000007275958 3392.07000000000016370905 3398.05000000000018189894 3404.69999999999981810106 3411.84999999999990905053 3419.25000000000000000000 3426.76999999999998181011 3434.44999999999981810106 3442.38000000000010913936 3450.48000000000001818989 3458.46999999999979991117 3466.11999999999989086064 3473.42999999999983629095 3480.59999999999990905053 3487.48000000000001818989 3493.61999999999989086064 3499.65000000000009094947 3506.05999999999994543032 3512.94000000000005456968 3519.92000000000007275958 3526.42999999999983629095 3532.19999999999981810106 3537.36000000000012732926 3542.03999999999996362021 3546.15999999999985448085 3549.46999999999979991117 3551.69000000000005456968 3552.57000000000016370905 3552.23000000000001818989 3551.21000000000003637979 3550.13000000000010913936 3549.32999999999992724042 3548.61000000000012732926 3547.63000000000010913936 3546.48000000000001818989 3545.78000000000020008883
3379.57999999999992724042 3383.11000000000012732926 3387.71000000000003637979 3393.15000000000009094947 3399.28999999999996362021 3406.03999999999996362021 3413.15999999999985448085 3420.40000000000009094947 3427.65000000000009094947 3434.96000000000003637979 3442.38000000000010913936 3449.73999999999978172127 3456.80999999999994543032 3463.61999999999989086064 3470.67999999999983629095 3477.78000000000020008883 3483.19000000000005456968 3488.53000000000020008883 3494.17999999999983629095 3500.32999999999992724042 3506.67999999999983629095 3512.59999999999990905053 3517.80999999999994543032 3522.48999999999978172127 3526.92999999999983629095 3531.17000000000007275958 3534.96999999999979991117 3537.96000000000003637979 3539.80000000000018189894 3540.48000000000001818989 3540.38000000000010913936 3540.03000000000020008883 3539.80000000000018189894 3539.76999999999998181011 3539.86999999999989086064 3540.30000000000018189894 3541.67999999999983629095
