data/rhone/surface-1929.grid
NCOLS	167
NROWS	405
XLLCORNER	671250
YLLCORNER	157400
CELLSIZE	25
NODATA_value	-9999
[rows 80 to 95 of 405, columns 111 to 147 of 167]
3173.84000000000014551915 3180.00000000000000000000 3187.19000000000005456968 3194.63999999999987267074 3202.78000000000020008883 3212.46000000000003637979 3223.50000000000000000000 3233.90000000000009094947 3243.86999999999989086064 3250.76999999999998181011 3257.69000000000005456968 3266.65000000000009094947 3275.21000000000003637979 3282.71999999999979991117 3286.44999999999981810106 3291.84000000000014551915 3296.50000000000000000000 3302.19000000000005456968 3309.28000000000020008883 3316.44000000000005456968 3323.78999999999996362021 3330.76999999999998181011 3334.03000000000020008883 3334.75000000000000000000 3342.50000000000000000000 3352.15000000000009094947 3364.59999999999990905053 3373.03999999999996362021 3379.32000000000016370905 3385.46999999999979991117 3393.09999999999990905053 3401.90999999999985448085 3412.11000000000012732926 3424.30000000000018189894 3436.07000000000016370905 3447.09999999999990905053 3462.65000000000009094947
3172.73000000000001818989 3179.53000000000020008883 3186.96000000000003637979 3194.78999999999996362021 3203.42999999999983629095 3212.98999999999978172127 3224.11000000000012732926 3233.65000000000009094947 3242.55999999999994543032 3248.15999999999985448085 3257.92000000000007275958 3267.38000000000010913936 3275.73999999999978172127 3282.76000000000021827873 3286.86999999999989086064 3293.09000000000014551915 3298.36999999999989086064 3303.92999999999983629095 3310.40000000000009094947 3317.30000000000018189894 3324.25000000000000000000 3331.05000000000018189894 3332.65999999999985448085 3333.86000000000012732926 3342.34000000000014551915 3352.71000000000003637979 3363.71999999999979991117 3373.73999999999978172127 3380.40000000000009094947 3386.09000000000014551915 3394.19000000000005456968 3403.07000000000016370905 3414.38999999999987267074 3426.05000000000018189894 3437.11000000000012732926 3452.03999999999996362021 3467.26000000000021827873
3171.26999999999998181011 3179.78999999999996362021 3186.63999999999987267074 3194.86000000000012732926 3203.36000000000012732926 3212.17000000000007275958 3222.46999999999979991117 3231.67999999999983629095 3238.57999999999992724042 3246.30000000000018189894 3257.09999999999990905053 3266.63000000000010913936 3274.98000000000001818989 3280.53000000000020008883 3286.40999999999985448085 3295.32000000000016370905 3301.98999999999978172127 3306.26000000000021827873 3311.96999999999979991117 3319.51000000000021827873 3325.69000000000005456968 3331.28999999999996362021 3332.76000000000021827873 3334.36000000000012732926 3342.50000000000000000000 3352.17000000000007275958 3362.84999999999990905053 3372.11000000000012732926 3381.61999999999989086064 3389.03000000000020008883 3397.65999999999985448085 3407.67999999999983629095 3418.78999999999996362021 3430.75000000000000000000 3443.03999999999996362021 3459.61999999999989086064 3470.86000000000012732926
3169.88000000000010913936 3178.48000000000001818989 3186.84000000000014551915 3194.34000000000014551915 3201.67999999999983629095 3210.40000000000009094947 3219.63000000000010913936 3227.11999999999989086064 3234.21000000000003637979 3244.23000000000001818989 3254.15000000000009094947 3263.80000000000018189894 3270.76000000000021827873 3277.88000000000010913936 3287.73000000000001818989 3298.61999999999989086064 3306.61999999999989086064 3307.61999999999989086064 3313.50000000000000000000 3320.59000000000014551915 3327.23000000000001818989 3332.15999999999985448085 3334.92000000000007275958 3338.40000000000009094947 3343.46000000000003637979 3350.98000000000001818989 3361.67999999999983629095 3370.05999999999994543032 3382.13999999999987267074 3392.67999999999983629095 3402.28000000000020008883 3413.98999999999978172127 3424.05000000000018189894 3433.98000000000001818989 3447.11999999999989086064 3461.48000000000001818989 3474.80000000000018189894
3166.48999999999978172127 3176.88999999999987267074 3185.42999999999983629095 3193.19000000000005456968 3200.34000000000014551915 3207.17000000000007275958 3216.01999999999998181011 3222.50000000000000000000 3229.28000000000020008883 3241.40000000000009094947 3250.42000000000007275958 3259.11999999999989086064 3267.21000000000003637979 3275.40000000000009094947 3285.71999999999979991117 3299.03000000000020008883 3309.26000000000021827873 3305.42000000000007275958 3311.38000000000010913936 3321.34000000000014551915 3328.75000000000000000000 3334.67999999999983629095 3338.09999999999990905053 3341.75000000000000000000 3344.80999999999994543032 3351.51000000000021827873 3362.23999999999978172127 3369.94999999999981810106 3383.28000000000020008883 3396.34000000000014551915 3406.78999999999996362021 3418.15999999999985448085 3427.86000000000012732926 3438.96000000000003637979 3451.82000000000016370905 3465.40000000000009094947 3479.01999999999998181011
3164.71999999999979991117 3174.48000000000001818989 3183.17999999999983629095 3191.92999999999983629095 3198.76999999999998181011 3204.19999999999981810106 3210.57999999999992724042 3216.90000000000009094947 3226.65000000000009094947 3236.65000000000009094947 3244.76000000000021827873 3252.26000000000021827873 3260.82999999999992724042 3270.57999999999992724042 3282.59999999999990905053 3295.32000000000016370905 3301.55000000000018189894 3303.57000000000016370905 3307.30000000000018189894 3320.36999999999989086064 3328.11999999999989086064 3334.59999999999990905053 3339.11000000000012732926 3344.57000000000016370905 3348.44000000000005456968 3354.01000000000021827873 3362.55999999999994543032 3372.96999999999979991117 3386.25000000000000000000 3399.34000000000014551915 3409.34000000000014551915 3421.40999999999985448085 3433.01000000000021827873 3442.48000000000001818989 3455.40000000000009094947 3470.11000000000012732926 3484.42000000000007275958
3163.23999999999978172127 3172.30000000000018189894 3181.30000000000018189894 3189.88000000000010913936 3196.75000000000000000000 3202.44999999999981810106 3206.76000000000021827873 3213.15000000000009094947 3224.55000000000018189894 3233.94999999999981810106 3238.98000000000001818989 3245.51000000000021827873 3252.57000000000016370905 3262.34000000000014551915 3272.46000000000003637979 3283.19999999999981810106 3293.05999999999994543032 3297.00000000000000000000 3298.82000000000016370905 3313.63000000000010913936 3325.32000000000016370905 3330.05999999999994543032 3336.88999999999987267074 3343.59000000000014551915 3349.90999999999985448085 3356.15999999999985448085 3363.82000000000016370905 3375.03000000000020008883 3388.19999999999981810106 3400.23000000000001818989 3410.98999999999978172127 3422.46000000000003637979 3434.19000000000005456968 3446.17000000000007275958 3460.61000000000012732926 3473.92000000000007275958 3487.23999999999978172127
3161.15000000000009094947 3169.11999999999989086064 3179.44999999999981810106 3188.07999999999992724042 3195.13000000000010913936 3198.96999999999979991117 3203.92000000000007275958 3210.57000000000016370905 3220.63000000000010913936 3229.48000000000001818989 3235.40999999999985448085 3241.67000000000007275958 3247.30999999999994543032 3256.15999999999985448085 3262.96999999999979991117 3272.03000000000020008883 3283.78999999999996362021 3289.96000000000003637979 3294.65000000000009094947 3304.44000000000005456968 3314.78000000000020008883 3322.71000000000003637979 3330.76999999999998181011 3339.61999999999989086064 3346.19999999999981810106 3354.55000000000018189894 3364.28999999999996362021 3375.57999999999992724042 3390.51999999999998181011 3400.71999999999979991117 3411.90000000000009094947 3423.69000000000005456968 3435.28999999999996362021 3450.51999999999998181011 3463.94000000000005456968 3474.80999999999994543032 3487.46999999999979991117
3159.44000000000005456968 3166.30999999999994543032 3175.38999999999987267074 3183.59000000000014551915 3191.51000000000021827873 3195.67000000000007275958 3202.19000000000005456968 3208.86000000000012732926 3216.61000000000012732926 3224.25000000000000000000 3232.23999999999978172127 3237.76000000000021827873 3244.48999999999978172127 3251.84000000000014551915 3256.40000000000009094947 3263.78000000000020008883 3275.44000000000005456968 3285.15999999999985448085 3290.86000000000012732926 3296.21999999999979991117 3306.38000000000010913936 3314.86000000000012732926 3323.40999999999985448085 3334.61999999999989086064 3342.48000000000001818989 3353.03000000000020008883 3364.51999999999998181011 3375.53000000000020008883 3390.13000000000010913936 3400.48999999999978172127 3412.65000000000009094947 3425.30999999999994543032 3435.75000000000000000000 3451.40999999999985448085 3463.94000000000005456968 3474.07999999999992724042 3488.23000000000001818989
3156.94000000000005456968 3163.42999999999983629095 3171.03000000000020008883 3179.28999999999996362021 3187.80000000000018189894 3194.59999999999990905053 3201.09000000000014551915 3205.90999999999985448085 3212.53999999999996362021 3219.98000000000001818989 3227.57000000000016370905 3234.73999999999978172127 3241.71000000000003637979 3247.76000000000021827873 3252.82000000000016370905 3257.05000000000018189894 3266.88000000000010913936 3277.90999999999985448085 3284.63999999999987267074 3291.01999999999998181011 3298.75000000000000000000 3307.53999999999996362021 3315.67000000000007275958 3326.28000000000020008883 3337.34000000000014551915 3349.15999999999985448085 3362.17999999999983629095 3375.11000000000012732926 3389.19000000000005456968 3401.03000000000020008883 3413.32000000000016370905 3425.32000000000016370905 3438.61999999999989086064 3453.38000000000010913936 3461.92999999999983629095 3474.42999999999983629095 3488.86999999999989086064
3154.73999999999978172127 3160.88999999999987267074 3167.38999999999987267074 3175.00000000000000000000 3182.50000000000000000000 3190.61000000000012732926 3198.46999999999979991117 3205.21999999999979991117 3210.13000000000010913936 3214.53000000000020008883 3221.32999999999992724042 3229.21000000000003637979 3237.36000000000012732926 3242.92999999999983629095 3246.09000000000014551915 3251.38999999999987267074 3260.30000000000018189894 3269.59000000000014551915 3277.19000000000005456968 3284.51000000000021827873 3293.07000000000016370905 3300.05999999999994543032 3307.48000000000001818989 3317.07999999999992724042 3330.13000000000010913936 3344.98000000000001818989 3361.94999999999981810106 3375.17000000000007275958 3387.73000000000001818989 3401.05999999999994543032 3412.21999999999979991117 3424.05000000000018189894 3436.71000000000003637979 3451.23999999999978172127 3461.98000000000001818989 3474.67000000000007275958 3489.07000000000016370905
3152.01000000000021827873 3157.84000000000014551915 3165.36999999999989086064 3172.46000000000003637979 3179.15000000000009094947 3186.88000000000010913936 3194.28000000000020008883 3200.53000000000020008883 3205.44999999999981810106 3208.98000000000001818989 3214.59000000000014551915 3221.11000000000012732926 3228.57999999999992724042 3234.53000000000020008883 3239.36999999999989086064 3245.17000000000007275958 3253.38999999999987267074 3261.73999999999978172127 3268.80999999999994543032 3275.55000000000018189894 3282.40999999999985448085 3291.65000000000009094947 3300.38000000000010913936 3309.46000000000003637979 3325.21000000000003637979 3344.00000000000000000000 3359.15000000000009094947 3373.59999999999990905053 3386.86000000000012732926 3397.44999999999981810106 3406.94999999999981810106 3418.53999999999996362021 3431.30999999999994543032 3445.40999999999985448085 3460.23999999999978172127 3474.36000000000012732926 3492.90999999999985448085
3149.15000000000009094947 3154.03000000000020008883 3160.09999999999990905053 3168.36999999999989086064 3175.17999999999983629095 3181.82000000000016370905 3188.11999999999989086064 3195.51999999999998181011 3201.28000000000020008883 3204.90000000000009094947 3207.26000000000021827873 3212.67999999999983629095 3219.46999999999979991117 3225.73999999999978172127 3229.65000000000009094947 3236.25000000000000000000 3243.53000000000020008883 3251.65999999999985448085 3259.38000000000010913936 3265.69999999999981810106 3274.00000000000000000000 3284.26999999999998181011 3292.17999999999983629095 3304.44999999999981810106 3322.05000000000018189894 3343.96000000000003637979 3358.21999999999979991117 3370.05999999999994543032 3382.40999999999985448085 3392.11999999999989086064 3401.80000000000018189894 3411.01000000000021827873 3423.15999999999985448085 3437.88999999999987267074 3461.30000000000018189894 3473.59999999999990905053 3479.50000000000000000000
3145.59999999999990905053 3151.09000000000014551915 3156.34999999999990905053 3164.42000000000007275958 3169.34000000000014551915 3174.96999999999979991117 3180.98999999999978172127 3186.90999999999985448085 3193.05000000000018189894 3196.67999999999983629095 3201.01000000000021827873 3204.30000000000018189894 3210.26000000000021827873 3216.80000000000018189894 3222.07000000000016370905 3226.67999999999983629095 3233.46999999999979991117 3241.98999999999978172127 3249.05999999999994543032 3255.59999999999990905053 3265.94000000000005456968 3276.44000000000005456968 3284.80999999999994543032 3296.44000000000005456968 3317.03000000000020008883 3343.32000000000016370905 3356.42999999999983629095 3363.86999999999989086064 3374.32999999999992724042 3384.98999999999978172127 3394.82999999999992724042 3404.15000000000009094947 3414.23999999999978172127 3424.15000000000009094947 3433.59999999999990905053 3445.59999999999990905053 3450.90000000000009094947
3141.25000000000000000000 3145.88999999999987267074 3152.09000000000014551915 3159.34999999999990905053 3165.00000000000000000000 3168.80000000000018189894 3173.75000000000000000000 3177.40999999999985448085 3181.84000000000014551915 3187.21999999999979991117 3191.73999999999978172127 3195.73000000000001818989 3200.34999999999990905053 3206.96000000000003637979 3212.53999999999996362021 3217.76999999999998181011 3224.65000000000009094947 3231.78999999999996362021 3237.63999999999987267074 3245.17999999999983629095 3257.07999999999992724042 3268.86999999999989086064 3280.69999999999981810106 3292.46000000000003637979 3309.78000000000020008883 3332.63999999999987267074 3346.67000000000007275958 3357.69000000000005456968 3363.92999999999983629095 3375.63000000000010913936 3387.61999999999989086064 3397.92999999999983629095 3403.94999999999981810106 3410.61999999999989086064 3416.78000000000020008883 3421.21000000000003637979 3425.42000000000007275958
3135.44000000000005456968 3139.82000000000016370905 3146.38999999999987267074 3152.57000000000016370905 3156.78000000000020008883 3160.86000000000012732926 3165.44999999999981810106 3171.61000000000012732926 3173.82999999999992724042 3176.61000000000012732926 3179.78999999999996362021 3186.07999999999992724042 3191.05000000000018189894 3197.80000000000018189894 3202.96000000000003637979 3208.15000000000009094947 3214.23999999999978172127 3220.69999999999981810106 3226.13999999999987267074 3236.34999999999990905053 3249.80000000000018189894 3264.90999999999985448085 3277.96999999999979991117 3290.57999999999992724042 3302.07000000000016370905 3313.61000000000012732926 3323.57999999999992724042 3339.84000000000014551915 3354.36000000000012732926 3366.71999999999979991117 3381.46999999999979991117 3392.90999999999985448085 3399.28999999999996362021 3405.78000000000020008883 3407.23000000000001818989 3412.30000000000018189894 3413.05000000000018189894
