data/rhone/surface-1929.grid
NCOLS	167
NROWS	405
XLLCORNER	671250
YLLCORNER	157400
CELLSIZE	25
NODATA_value	-9999
[rows 272 to 287 of 405, columns 111 to 147 of 167]
2858.30000000000018189894 2876.90000000000009094947 2885.09999999999990905053 2893.90000000000009094947 2908.50000000000000000000 2926.09999999999990905053 2944.69999999999981810106 2966.30000000000018189894 2989.50000000000000000000 3012.00000000000000000000 3039.90000000000009094947 3071.09999999999990905053 3094.00000000000000000000 3081.30000000000018189894 3038.00000000000000000000 3002.30000000000018189894 3001.19999999999981810106 2978.59999999999990905053 2939.69999999999981810106 2924.09999999999990905053 2904.00000000000000000000 2861.69999999999981810106 2833.69999999999981810106 2803.09999999999990905053 2769.59999999999990905053 2750.09999999999990905053 2731.69999999999981810106 2716.80000000000018189894 2697.00000000000000000000 2679.50000000000000000000 2664.80000000000018189894 2650.50000000000000000000 2637.09999999999990905053 2625.19999999999981810106 2615.59999999999990905053 2606.09999999999990905053 2598.59999999999990905053
2858.69999999999981810106 2870.09999999999990905053 2881.09999999999990905053 2893.59999999999990905053 2908.80000000000018189894 2923.19999999999981810106 2943.59999999999990905053 2974.80000000000018189894 3007.30000000000018189894 3033.90000000000009094947 3058.69999999999981810106 3084.59999999999990905053 3100.90000000000009094947 3086.30000000000018189894 3034.50000000000000000000 3006.30000000000018189894 2973.30000000000018189894 2951.30000000000018189894 2931.59999999999990905053 2904.90000000000009094947 2881.69999999999981810106 2849.40000000000009094947 2818.59999999999990905053 2796.09999999999990905053 2761.50000000000000000000 2743.00000000000000000000 2727.80000000000018189894 2712.90000000000009094947 2694.30000000000018189894 2678.80000000000018189894 2660.90000000000009094947 2645.00000000000000000000 2633.59999999999990905053 2623.69999999999981810106 2613.30000000000018189894 2604.40000000000009094947 2596.30000000000018189894
2855.09999999999990905053 2865.40000000000009094947 2879.59999999999990905053 2893.90000000000009094947 2907.69999999999981810106 2925.40000000000009094947 2958.19999999999981810106 2984.90000000000009094947 3002.80000000000018189894 3025.00000000000000000000 3047.30000000000018189894 3070.00000000000000000000 3095.09999999999990905053 3073.59999999999990905053 3051.40000000000009094947 3029.50000000000000000000 3006.00000000000000000000 2954.09999999999990905053 2925.40000000000009094947 2908.40000000000009094947 2886.19999999999981810106 2858.00000000000000000000 2831.19999999999981810106 2805.19999999999981810106 2782.50000000000000000000 2750.50000000000000000000 2726.19999999999981810106 2711.59999999999990905053 2695.00000000000000000000 2678.19999999999981810106 2660.00000000000000000000 2644.09999999999990905053 2631.19999999999981810106 2618.40000000000009094947 2609.19999999999981810106 2601.19999999999981810106 2593.80000000000018189894
2850.00000000000000000000 2862.09999999999990905053 2879.00000000000000000000 2899.30000000000018189894 2914.69999999999981810106 2937.40000000000009094947 2960.80000000000018189894 2990.80000000000018189894 3019.90000000000009094947 3034.09999999999990905053 3053.30000000000018189894 3083.80000000000018189894 3100.69999999999981810106 3100.09999999999990905053 3077.90000000000009094947 3052.00000000000000000000 3014.00000000000000000000 2987.69999999999981810106 2920.00000000000000000000 2888.40000000000009094947 2877.09999999999990905053 2846.30000000000018189894 2823.50000000000000000000 2810.40000000000009094947 2784.00000000000000000000 2760.40000000000009094947 2725.50000000000000000000 2706.40000000000009094947 2689.90000000000009094947 2675.40000000000009094947 2655.50000000000000000000 2637.00000000000000000000 2623.59999999999990905053 2611.00000000000000000000 2600.00000000000000000000 2594.59999999999990905053 2590.30000000000018189894
2853.90000000000009094947 2866.50000000000000000000 2885.19999999999981810106 2902.90000000000009094947 2923.80000000000018189894 2952.80000000000018189894 2973.30000000000018189894 2999.09999999999990905053 3023.90000000000009094947 3064.90000000000009094947 3076.90000000000009094947 3088.69999999999981810106 3092.19999999999981810106 3076.30000000000018189894 3060.09999999999990905053 3044.50000000000000000000 3030.00000000000000000000 3009.69999999999981810106 2997.90000000000009094947 2923.90000000000009094947 2901.50000000000000000000 2875.40000000000009094947 2858.30000000000018189894 2835.90000000000009094947 2791.90000000000009094947 2758.50000000000000000000 2714.69999999999981810106 2696.59999999999990905053 2684.19999999999981810106 2666.50000000000000000000 2648.30000000000018189894 2630.09999999999990905053 2617.69999999999981810106 2602.80000000000018189894 2593.30000000000018189894 2587.00000000000000000000 2582.69999999999981810106
2860.00000000000000000000 2875.30000000000018189894 2890.09999999999990905053 2911.19999999999981810106 2937.59999999999990905053 2963.00000000000000000000 2997.90000000000009094947 3025.00000000000000000000 3049.80000000000018189894 3074.59999999999990905053 3102.30000000000018189894 3108.00000000000000000000 3109.80000000000018189894 3073.19999999999981810106 3036.90000000000009094947 3021.80000000000018189894 3000.00000000000000000000 2987.00000000000000000000 2975.30000000000018189894 2966.09999999999990905053 2939.80000000000018189894 2910.40000000000009094947 2879.59999999999990905053 2797.19999999999981810106 2770.30000000000018189894 2734.00000000000000000000 2702.09999999999990905053 2688.40000000000009094947 2670.30000000000018189894 2652.80000000000018189894 2638.09999999999990905053 2622.80000000000018189894 2611.19999999999981810106 2600.30000000000018189894 2589.59999999999990905053 2580.50000000000000000000 2574.40000000000009094947
2860.00000000000000000000 2877.69999999999981810106 2896.40000000000009094947 2917.30000000000018189894 2945.69999999999981810106 2972.30000000000018189894 2998.30000000000018189894 3028.40000000000009094947 3057.59999999999990905053 3084.40000000000009094947 3092.59999999999990905053 3094.69999999999981810106 3080.50000000000000000000 3065.19999999999981810106 3032.69999999999981810106 3002.09999999999990905053 2978.09999999999990905053 2958.09999999999990905053 2945.90000000000009094947 2933.59999999999990905053 2915.50000000000000000000 2898.90000000000009094947 2865.30000000000018189894 2827.90000000000009094947 2807.90000000000009094947 2761.50000000000000000000 2707.90000000000009094947 2686.40000000000009094947 2668.00000000000000000000 2646.90000000000009094947 2631.30000000000018189894 2618.40000000000009094947 2607.80000000000018189894 2596.19999999999981810106 2580.09999999999990905053 2570.19999999999981810106 2563.00000000000000000000
2853.09999999999990905053 2871.19999999999981810106 2891.40000000000009094947 2923.09999999999990905053 2952.19999999999981810106 2981.19999999999981810106 3006.69999999999981810106 3034.19999999999981810106 3055.59999999999990905053 3064.19999999999981810106 3073.59999999999990905053 3077.59999999999990905053 3057.30000000000018189894 3037.19999999999981810106 3003.59999999999990905053 2987.40000000000009094947 2958.59999999999990905053 2934.30000000000018189894 2916.59999999999990905053 2900.50000000000000000000 2892.80000000000018189894 2885.40000000000009094947 2866.19999999999981810106 2840.40000000000009094947 2795.00000000000000000000 2750.00000000000000000000 2723.00000000000000000000 2689.80000000000018189894 2656.80000000000018189894 2639.50000000000000000000 2627.00000000000000000000 2615.59999999999990905053 2605.80000000000018189894 2592.40000000000009094947 2577.40000000000009094947 2567.40000000000009094947 2559.69999999999981810106
2844.69999999999981810106 2865.00000000000000000000 2883.00000000000000000000 2910.40000000000009094947 2946.90000000000009094947 2984.30000000000018189894 3007.09999999999990905053 3026.30000000000018189894 3035.19999999999981810106 3044.19999999999981810106 3053.69999999999981810106 3059.59999999999990905053 3041.59999999999990905053 3014.59999999999990905053 2992.50000000000000000000 2955.30000000000018189894 2932.80000000000018189894 2912.09999999999990905053 2887.30000000000018189894 2886.50000000000000000000 2879.50000000000000000000 2873.80000000000018189894 2855.50000000000000000000 2831.40000000000009094947 2790.00000000000000000000 2749.50000000000000000000 2729.30000000000018189894 2701.19999999999981810106 2652.69999999999981810106 2633.19999999999981810106 2621.50000000000000000000 2612.40000000000009094947 2603.59999999999990905053 2592.30000000000018189894 2577.80000000000018189894 2567.30000000000018189894 2559.59999999999990905053
2844.80000000000018189894 2865.90000000000009094947 2882.09999999999990905053 2895.30000000000018189894 2930.40000000000009094947 2951.90000000000009094947 2987.00000000000000000000 3003.30000000000018189894 3014.80000000000018189894 3024.40000000000009094947 3037.00000000000000000000 3043.19999999999981810106 3030.50000000000000000000 3009.90000000000009094947 2995.50000000000000000000 2947.30000000000018189894 2913.00000000000000000000 2869.90000000000009094947 2852.40000000000009094947 2840.00000000000000000000 2857.90000000000009094947 2864.59999999999990905053 2856.90000000000009094947 2838.40000000000009094947 2809.30000000000018189894 2792.50000000000000000000 2758.30000000000018189894 2716.19999999999981810106 2649.00000000000000000000 2626.50000000000000000000 2617.09999999999990905053 2608.69999999999981810106 2601.59999999999990905053 2590.80000000000018189894 2579.40000000000009094947 2568.30000000000018189894 2559.59999999999990905053
2853.09999999999990905053 2869.50000000000000000000 2880.90000000000009094947 2895.50000000000000000000 2912.19999999999981810106 2932.50000000000000000000 2954.50000000000000000000 2977.69999999999981810106 2995.09999999999990905053 3008.59999999999990905053 3022.40000000000009094947 3026.50000000000000000000 3015.00000000000000000000 3003.50000000000000000000 2972.69999999999981810106 2949.59999999999990905053 2912.40000000000009094947 2853.19999999999981810106 2818.69999999999981810106 2812.00000000000000000000 2824.40000000000009094947 2845.09999999999990905053 2848.80000000000018189894 2844.59999999999990905053 2829.00000000000000000000 2802.69999999999981810106 2764.69999999999981810106 2709.90000000000009094947 2640.00000000000000000000 2623.30000000000018189894 2615.09999999999990905053 2608.00000000000000000000 2602.69999999999981810106 2596.69999999999981810106 2579.90000000000009094947 2570.00000000000000000000 2562.19999999999981810106
2855.09999999999990905053 2868.90000000000009094947 2880.90000000000009094947 2896.30000000000018189894 2911.30000000000018189894 2927.90000000000009094947 2942.50000000000000000000 2960.50000000000000000000 2979.59999999999990905053 2995.09999999999990905053 3009.69999999999981810106 3006.40000000000009094947 2996.19999999999981810106 2973.80000000000018189894 2966.40000000000009094947 2934.90000000000009094947 2893.00000000000000000000 2854.09999999999990905053 2811.40000000000009094947 2798.19999999999981810106 2793.80000000000018189894 2805.40000000000009094947 2831.09999999999990905053 2828.30000000000018189894 2814.19999999999981810106 2783.80000000000018189894 2744.50000000000000000000 2698.80000000000018189894 2639.40000000000009094947 2621.09999999999990905053 2615.09999999999990905053 2610.69999999999981810106 2606.19999999999981810106 2600.19999999999981810106 2584.40000000000009094947 2573.40000000000009094947 2566.80000000000018189894
2855.19999999999981810106 2869.59999999999990905053 2882.19999999999981810106 2898.59999999999990905053 2910.90000000000009094947 2923.30000000000018189894 2938.80000000000018189894 2952.90000000000009094947 2968.59999999999990905053 2985.19999999999981810106 2998.09999999999990905053 2989.59999999999990905053 2965.59999999999990905053 2943.69999999999981810106 2931.69999999999981810106 2921.09999999999990905053 2882.00000000000000000000 2823.50000000000000000000 2796.19999999999981810106 2783.90000000000009094947 2773.90000000000009094947 2767.40000000000009094947 2782.59999999999990905053 2780.00000000000000000000 2764.30000000000018189894 2744.50000000000000000000 2711.00000000000000000000 2680.80000000000018189894 2647.09999999999990905053 2627.80000000000018189894 2618.59999999999990905053 2614.50000000000000000000 2608.80000000000018189894 2602.40000000000009094947 2588.59999999999990905053 2578.30000000000018189894 2572.50000000000000000000
2862.69999999999981810106 2876.09999999999990905053 2889.90000000000009094947 2899.09999999999990905053 2908.50000000000000000000 2921.19999999999981810106 2932.90000000000009094947 2946.30000000000018189894 2959.30000000000018189894 2970.09999999999990905053 2980.90000000000009094947 2972.90000000000009094947 2940.19999999999981810106 2902.00000000000000000000 2892.09999999999990905053 2872.09999999999990905053 2842.69999999999981810106 2807.09999999999990905053 2786.59999999999990905053 2773.19999999999981810106 2762.59999999999990905053 2750.90000000000009094947 2737.80000000000018189894 2734.90000000000009094947 2725.50000000000000000000 2717.50000000000000000000 2699.59999999999990905053 2675.59999999999990905053 2653.00000000000000000000 2638.19999999999981810106 2626.80000000000018189894 2616.40000000000009094947 2609.40000000000009094947 2602.59999999999990905053 2594.50000000000000000000 2584.00000000000000000000 2575.90000000000009094947
2863.00000000000000000000 2883.00000000000000000000 2900.59999999999990905053 2906.19999999999981810106 2915.09999999999990905053 2926.09999999999990905053 2935.09999999999990905053 2941.30000000000018189894 2947.00000000000000000000 2955.50000000000000000000 2966.30000000000018189894 2942.59999999999990905053 2922.50000000000000000000 2898.90000000000009094947 2882.09999999999990905053 2861.40000000000009094947 2837.90000000000009094947 2803.40000000000009094947 2786.00000000000000000000 2768.80000000000018189894 2756.40000000000009094947 2743.90000000000009094947 2732.00000000000000000000 2723.59999999999990905053 2717.69999999999981810106 2702.80000000000018189894 2689.40000000000009094947 2673.40000000000009094947 2657.50000000000000000000 2642.50000000000000000000 2626.50000000000000000000 2616.09999999999990905053 2609.19999999999981810106 2602.40000000000009094947 2594.50000000000000000000 2586.59999999999990905053 2579.00000000000000000000
2864.59999999999990905053 2885.59999999999990905053 2899.19999999999981810106 2907.00000000000000000000 2914.59999999999990905053 2918.50000000000000000000 2923.90000000000009094947 2932.69999999999981810106 2937.00000000000000000000 2945.59999999999990905053 2956.50000000000000000000 2943.09999999999990905053 2922.50000000000000000000 2899.59999999999990905053 2887.50000000000000000000 2880.40000000000009094947 2860.09999999999990905053 2822.30000000000018189894 2789.40000000000009094947 2768.09999999999990905053 2752.80000000000018189894 2740.00000000000000000000 2727.00000000000000000000 2714.80000000000018189894 2702.90000000000009094947 2694.80000000000018189894 2683.19999999999981810106 2669.40000000000009094947 2655.59999999999990905053 2641.90000000000009094947 2627.59999999999990905053 2618.40000000000009094947 2611.80000000000018189894 2603.50000000000000000000 2595.19999999999981810106 2587.90000000000009094947 2580.80000000000018189894
