data/rhone/surface-2007.grid
NCOLS	167
NROWS	405
XLLCORNER	671250
YLLCORNER	157400
CELLSIZE	25
NODATA_value	-9999
[rows 128 to 143 of 405, columns 111 to 147 of 167]
2859.65000000000009094947 2858.01999999999998181011 2860.80000000000018189894 2866.40000000000009094947 2874.88000000000010913936 2884.69000000000005456968 2895.86999999999989086064 2908.32000000000016370905 2920.92999999999983629095 2935.92999999999983629095 2951.80000000000018189894 2962.65000000000009094947 2973.05999999999994543032 2987.30999999999994543032 2998.46999999999979991117 3006.65000000000009094947 3014.11000000000012732926 3003.07000000000016370905 3003.75000000000000000000 3023.19000000000005456968 3043.57999999999992724042 3059.26999999999998181011 3069.61000000000012732926 3081.15000000000009094947 3090.88999999999987267074 3100.96000000000003637979 3106.05999999999994543032 3113.21999999999979991117 3121.36999999999989086064 3133.36999999999989086064 3141.67000000000007275958 3142.61999999999989086064 3147.90000000000009094947 3151.96279999999978826963 3186.19999999999981810106 3209.50000000000000000000 3239.09999999999990905053
2857.42000000000007275958 2858.34999999999990905053 2860.82000000000016370905 2865.86999999999989086064 2872.96000000000003637979 2881.98000000000001818989 2892.40999999999985448085 2903.67000000000007275958 2917.73999999999978172127 2933.25000000000000000000 2945.34999999999990905053 2955.82000000000016370905 2967.86999999999989086064 2980.59999999999990905053 2992.65999999999985448085 3000.23999999999978172127 2999.94999999999981810106 2990.48000000000001818989 2997.55000000000018189894 3022.76999999999998181011 3039.28999999999996362021 3053.96999999999979991117 3064.78000000000020008883 3075.73999999999978172127 3086.86999999999989086064 3096.75000000000000000000 3100.46999999999979991117 3104.71000000000003637979 3117.94000000000005456968 3126.71999999999979991117 3132.76999999999998181011 3132.17000000000007275958 3132.37139999999999417923 3162.09999999999990905053 3194.59999999999990905053 3220.09999999999990905053 3257.59999999999990905053
2855.82000000000016370905 2857.80000000000018189894 2860.76999999999998181011 2865.28999999999996362021 2871.38999999999987267074 2880.00000000000000000000 2889.78999999999996362021 2902.11999999999989086064 2915.61999999999989086064 2929.84000000000014551915 2939.19999999999981810106 2949.07999999999992724042 2963.50000000000000000000 2975.76000000000021827873 2985.67999999999983629095 2986.90000000000009094947 2983.67000000000007275958 2985.94000000000005456968 3000.28000000000020008883 3022.75000000000000000000 3035.57000000000016370905 3049.36999999999989086064 3060.50000000000000000000 3069.98999999999978172127 3081.03999999999996362021 3090.61000000000012732926 3099.78000000000020008883 3102.36999999999989086064 3113.96000000000003637979 3120.76999999999998181011 3115.80999999999994543032 3111.09360000000015133992 3134.59999999999990905053 3169.09999999999990905053 3202.40000000000009094947 3241.80000000000018189894 3264.30000000000018189894
2856.23000000000001818989 2857.59000000000014551915 2860.19999999999981810106 2864.09000000000014551915 2868.19000000000005456968 2876.82999999999992724042 2887.17000000000007275958 2898.92000000000007275958 2912.40999999999985448085 2924.86000000000012732926 2932.80999999999994543032 2942.09999999999990905053 2954.01000000000021827873 2967.86999999999989086064 2975.94999999999981810106 2970.44999999999981810106 2976.98000000000001818989 2985.17999999999983629095 2998.82000000000016370905 3016.76000000000021827873 3032.17999999999983629095 3043.88000000000010913936 3054.53999999999996362021 3063.86000000000012732926 3073.75000000000000000000 3083.30000000000018189894 3095.07000000000016370905 3100.88999999999987267074 3106.32999999999992724042 3111.76000000000021827873 3109.11999999999989086064 3109.36419999999998253770 3139.80000000000018189894 3175.40000000000009094947 3213.00000000000000000000 3232.00000000000000000000 3247.19999999999981810106
2855.67000000000007275958 2857.34999999999990905053 2859.25000000000000000000 2862.36000000000012732926 2867.00000000000000000000 2874.11000000000012732926 2884.07000000000016370905 2896.78999999999996362021 2907.84999999999990905053 2917.07999999999992724042 2927.38999999999987267074 2935.32999999999992724042 2945.44000000000005456968 2955.55999999999994543032 2955.48000000000001818989 2958.69000000000005456968 2968.42000000000007275958 2979.46000000000003637979 2996.21999999999979991117 3013.53999999999996362021 3028.15999999999985448085 3038.90000000000009094947 3048.82000000000016370905 3057.30999999999994543032 3067.17000000000007275958 3079.65999999999985448085 3088.55999999999994543032 3095.46999999999979991117 3100.17000000000007275958 3098.76999999999998181011 3093.55000000000018189894 3097.36000000000012732926 3148.19999999999981810106 3177.50000000000000000000 3202.50000000000000000000 3214.00000000000000000000 3237.30000000000018189894
2854.82999999999992724042 2856.42999999999983629095 2857.94000000000005456968 2861.69999999999981810106 2865.53999999999996362021 2872.15999999999985448085 2881.23999999999978172127 2893.03999999999996362021 2902.98000000000001818989 2911.65999999999985448085 2918.98999999999978172127 2926.73999999999978172127 2938.34000000000014551915 2940.76000000000021827873 2942.03999999999996362021 2949.75000000000000000000 2962.01000000000021827873 2976.01000000000021827873 2994.86999999999989086064 3010.26999999999998181011 3024.03000000000020008883 3035.05000000000018189894 3043.76000000000021827873 3049.50000000000000000000 3057.84000000000014551915 3072.17999999999983629095 3081.86000000000012732926 3086.82000000000016370905 3088.44999999999981810106 3088.90999999999985448085 3089.26000000000021827873 3097.19999999999981810106 3139.40000000000009094947 3163.09999999999990905053 3186.90000000000009094947 3200.00000000000000000000 3217.30000000000018189894
2853.80999999999994543032 2854.73999999999978172127 2856.13999999999987267074 2859.80000000000018189894 2863.82999999999992724042 2871.09000000000014551915 2878.61999999999989086064 2888.90000000000009094947 2897.82999999999992724042 2905.26000000000021827873 2911.80999999999994543032 2920.25000000000000000000 2927.67000000000007275958 2926.17000000000007275958 2932.59000000000014551915 2943.82999999999992724042 2959.90000000000009094947 2974.78999999999996362021 2989.82000000000016370905 3005.63000000000010913936 3019.50000000000000000000 3030.67000000000007275958 3039.01999999999998181011 3043.63000000000010913936 3051.25000000000000000000 3063.69999999999981810106 3074.92999999999983629095 3077.07999999999992724042 3073.28000000000020008883 3085.76999999999998181011 3085.94999999999981810106 3099.80000000000018189894 3131.19999999999981810106 3151.09999999999990905053 3172.19999999999981810106 3197.59999999999990905053 3214.59999999999990905053
2852.40000000000009094947 2854.30999999999994543032 2855.03999999999996362021 2858.03000000000020008883 2862.09999999999990905053 2868.00000000000000000000 2876.55999999999994543032 2885.53000000000020008883 2892.98000000000001818989 2898.98999999999978172127 2905.51999999999998181011 2912.01000000000021827873 2914.82999999999992724042 2915.50000000000000000000 2923.25000000000000000000 2937.38000000000010913936 2955.42000000000007275958 2968.53000000000020008883 2986.28000000000020008883 2999.82000000000016370905 3014.25000000000000000000 3026.09000000000014551915 3034.01999999999998181011 3041.82000000000016370905 3047.71000000000003637979 3056.67999999999983629095 3066.86000000000012732926 3065.46999999999979991117 3068.09999999999990905053 3082.17000000000007275958 3082.32999999999992724042 3098.00000000000000000000 3121.40000000000009094947 3142.59999999999990905053 3168.90000000000009094947 3199.50000000000000000000 3215.59999999999990905053
2851.34000000000014551915 2852.38000000000010913936 2853.55999999999994543032 2856.59999999999990905053 2860.23000000000001818989 2865.80999999999994543032 2873.13000000000010913936 2881.26999999999998181011 2887.90999999999985448085 2892.82999999999992724042 2898.28999999999996362021 2902.17000000000007275958 2900.38999999999987267074 2902.46999999999979991117 2909.63000000000010913936 2929.76999999999998181011 2950.98999999999978172127 2966.55000000000018189894 2979.98999999999978172127 2994.23000000000001818989 3006.53000000000020008883 3018.90999999999985448085 3027.63000000000010913936 3036.05000000000018189894 3045.98999999999978172127 3051.26999999999998181011 3055.25000000000000000000 3059.88999999999987267074 3064.13000000000010913936 3073.65000000000009094947 3081.86000000000012732926 3096.00000000000000000000 3111.59999999999990905053 3136.59999999999990905053 3161.50000000000000000000 3192.40000000000009094947 3222.50000000000000000000
2851.00000000000000000000 2851.40999999999985448085 2852.19999999999981810106 2855.26999999999998181011 2858.21000000000003637979 2862.44999999999981810106 2869.26999999999998181011 2876.78000000000020008883 2882.09999999999990905053 2889.42999999999983629095 2890.11999999999989086064 2886.88999999999987267074 2883.92000000000007275958 2887.55999999999994543032 2892.23999999999978172127 2919.25000000000000000000 2942.15000000000009094947 2961.44999999999981810106 2975.53000000000020008883 2989.76999999999998181011 3001.84000000000014551915 3012.19999999999981810106 3020.63000000000010913936 3030.21999999999979991117 3037.73000000000001818989 3041.19000000000005456968 3044.53999999999996362021 3052.73000000000001818989 3061.13000000000010913936 3070.00000000000000000000 3079.61000000000012732926 3087.03000000000020008883 3093.03999999999996362021 3122.80000000000018189894 3148.30000000000018189894 3189.50000000000000000000 3219.30000000000018189894
2851.01000000000021827873 2850.28000000000020008883 2851.34999999999990905053 2854.48999999999978172127 2857.21999999999979991117 2858.23000000000001818989 2865.03000000000020008883 2872.38999999999987267074 2879.65999999999985448085 2881.01999999999998181011 2876.38000000000010913936 2872.21000000000003637979 2872.11999999999989086064 2873.42000000000007275958 2880.28000000000020008883 2900.40000000000009094947 2931.78000000000020008883 2955.44000000000005456968 2971.11000000000012732926 2982.46999999999979991117 2994.40000000000009094947 3006.51999999999998181011 3015.82999999999992724042 3024.00000000000000000000 3025.23000000000001818989 3031.48999999999978172127 3041.42000000000007275958 3050.00000000000000000000 3059.88000000000010913936 3067.98999999999978172127 3075.36999999999989086064 3080.82000000000016370905 3089.54230000000006839400 3098.03999999999996362021 3139.69999999999981810106 3178.19999999999981810106 3202.69999999999981810106
2849.28000000000020008883 2849.98000000000001818989 2851.40000000000009094947 2852.44000000000005456968 2855.09000000000014551915 2856.11999999999989086064 2861.48000000000001818989 2868.11999999999989086064 2871.38999999999987267074 2868.84999999999990905053 2864.78000000000020008883 2864.82999999999992724042 2867.30000000000018189894 2868.13999999999987267074 2879.28999999999996362021 2894.76000000000021827873 2922.36999999999989086064 2947.05999999999994543032 2964.76999999999998181011 2974.86000000000012732926 2987.38000000000010913936 2998.71999999999979991117 3009.36999999999989086064 3014.32999999999992724042 3015.90000000000009094947 3028.40999999999985448085 3040.90999999999985448085 3051.26999999999998181011 3060.65999999999985448085 3068.53999999999996362021 3076.03999999999996362021 3078.98999999999978172127 3081.41469999999981155270 3090.57000000000016370905 3134.50000000000000000000 3172.09999999999990905053 3183.30000000000018189894
2848.51999999999998181011 2849.61000000000012732926 2850.73999999999978172127 2851.42999999999983629095 2850.88000000000010913936 2854.03999999999996362021 2858.98000000000001818989 2864.38000000000010913936 2862.30000000000018189894 2859.53999999999996362021 2862.48999999999978172127 2865.67999999999983629095 2867.17999999999983629095 2873.42999999999983629095 2879.11000000000012732926 2897.00000000000000000000 2917.36999999999989086064 2937.65999999999985448085 2955.65000000000009094947 2969.07999999999992724042 2981.88999999999987267074 2992.65999999999985448085 3001.65000000000009094947 3007.69999999999981810106 3015.09000000000014551915 3025.78999999999996362021 3038.57000000000016370905 3050.73000000000001818989 3061.09000000000014551915 3069.13000000000010913936 3075.67999999999983629095 3079.53000000000020008883 3077.90999999999985448085 3097.19999999999981810106 3129.90000000000009094947 3154.69999999999981810106 3162.50000000000000000000
2848.01000000000021827873 2849.15000000000009094947 2850.38999999999987267074 2850.34999999999990905053 2850.19999999999981810106 2851.61000000000012732926 2854.96000000000003637979 2857.30000000000018189894 2855.13000000000010913936 2856.98999999999978172127 2861.71999999999979991117 2864.57000000000016370905 2868.53999999999996362021 2873.11000000000012732926 2880.40999999999985448085 2895.65999999999985448085 2913.90000000000009094947 2929.67000000000007275958 2943.57000000000016370905 2963.17999999999983629095 2976.51999999999998181011 2987.90999999999985448085 2993.82000000000016370905 3003.32999999999992724042 3014.13999999999987267074 3026.96000000000003637979 3039.65999999999985448085 3051.11999999999989086064 3061.69000000000005456968 3070.76000000000021827873 3076.94000000000005456968 3080.73000000000001818989 3084.78000000000020008883 3083.84999999999990905053 3114.40000000000009094947 3133.80000000000018189894 3145.19999999999981810106
2848.07999999999992724042 2848.86999999999989086064 2849.71000000000003637979 2849.19999999999981810106 2849.17000000000007275958 2849.80999999999994543032 2852.59000000000014551915 2853.65000000000009094947 2854.11000000000012732926 2857.15000000000009094947 2862.15000000000009094947 2864.92999999999983629095 2868.42000000000007275958 2873.84999999999990905053 2881.26000000000021827873 2894.42999999999983629095 2909.05999999999994543032 2928.17999999999983629095 2944.82000000000016370905 2962.03000000000020008883 2975.34000000000014551915 2983.92999999999983629095 2989.59000000000014551915 2999.75000000000000000000 3013.76999999999998181011 3027.98999999999978172127 3040.69000000000005456968 3052.80000000000018189894 3063.46000000000003637979 3072.86999999999989086064 3079.96999999999979991117 3085.19000000000005456968 3089.50000000000000000000 3093.32000000000016370905 3100.90760000000000218279 3112.57999999999992724042 3123.23000000000001818989
2848.23999999999978172127 2848.94999999999981810106 2849.59999999999990905053 2848.80999999999994543032 2847.30000000000018189894 2847.86000000000012732926 2850.26000000000021827873 2852.15000000000009094947 2854.82999999999992724042 2859.13000000000010913936 2862.61000000000012732926 2865.48000000000001818989 2870.03000000000020008883 2873.98000000000001818989 2877.48000000000001818989 2887.82000000000016370905 2904.65000000000009094947 2928.57999999999992724042 2948.07999999999992724042 2961.61999999999989086064 2973.57000000000016370905 2980.05999999999994543032 2987.71999999999979991117 3000.59000000000014551915 3013.84000000000014551915 3028.80000000000018189894 3042.80000000000018189894 3054.88000000000010913936 3064.48000000000001818989 3074.53999999999996362021 3082.26999999999998181011 3088.30000000000018189894 3094.34000000000014551915 3101.26999999999998181011 3106.80999999999994543032 3115.11000000000012732926 3134.56860000000006039045
