data/rhone/surface-1959.grid
NCOLS	167
NROWS	405
XLLCORNER	671250
YLLCORNER	157400
CELLSIZE	25
NODATA_value	-9999
[rows 16 to 31 of 405, columns 74 to 110 of 167]
3157.09999999999990905053 3168.59999999999990905053 3180.30000000000018189894 3196.59999999999990905053 3213.00000000000000000000 3224.90000000000009094947 3234.90000000000009094947 3243.40000000000009094947 3252.00000000000000000000 3260.19999999999981810106 3268.50000000000000000000 3276.90000000000009094947 3283.80000000000018189894 3289.90000000000009094947 3296.00000000000000000000 3301.50000000000000000000 3302.90999999999985448085 3306.07999999999992724042 3307.61000000000012732926 3308.98999999999978172127 3311.05000000000018189894 3313.03999999999996362021 3315.48000000000001818989 3317.61000000000012732926 3319.48000000000001818989 3321.21999999999979991117 3322.76999999999998181011 3324.59000000000014551915 3326.01999999999998181011 3328.46999999999979991117 3332.71999999999979991117 3339.40000000000009094947 3345.59000000000014551915 3350.78999999999996362021 3356.01999999999998181011 3360.63999999999987267074 3365.23999999999978172127
3157.30000000000018189894 3169.00000000000000000000 3180.90000000000009094947 3196.69999999999981810106 3210.59999999999990905053 3222.90000000000009094947 3235.40000000000009094947 3244.50000000000000000000 3252.19999999999981810106 3259.69999999999981810106 3267.50000000000000000000 3275.90000000000009094947 3283.00000000000000000000 3288.80000000000018189894 3293.90000000000009094947 3296.55999999999994543032 3300.42000000000007275958 3303.11000000000012732926 3304.69999999999981810106 3305.90999999999985448085 3307.28000000000020008883 3308.69999999999981810106 3310.32999999999992724042 3311.94999999999981810106 3313.65999999999985448085 3315.38000000000010913936 3317.05000000000018189894 3318.71999999999979991117 3320.23999999999978172127 3322.57000000000016370905 3326.61000000000012732926 3332.86000000000012732926 3339.34999999999990905053 3345.28999999999996362021 3351.59000000000014551915 3356.73000000000001818989 3360.40999999999985448085
3157.59999999999990905053 3169.30000000000018189894 3180.30000000000018189894 3196.00000000000000000000 3209.30000000000018189894 3220.19999999999981810106 3233.19999999999981810106 3244.00000000000000000000 3252.50000000000000000000 3260.30000000000018189894 3268.19999999999981810106 3276.19999999999981810106 3282.19999999999981810106 3287.00000000000000000000 3292.55000000000018189894 3295.75000000000000000000 3298.55000000000018189894 3300.63000000000010913936 3301.98999999999978172127 3302.90999999999985448085 3303.76000000000021827873 3304.65000000000009094947 3305.71000000000003637979 3306.92000000000007275958 3308.32999999999992724042 3309.94000000000005456968 3311.65000000000009094947 3313.26000000000021827873 3314.46999999999979991117 3316.40999999999985448085 3320.63000000000010913936 3324.03000000000020008883 3333.19999999999981810106 3341.21999999999979991117 3348.03999999999996362021 3353.15000000000009094947 3355.05999999999994543032
3157.80000000000018189894 3168.90000000000009094947 3179.59999999999990905053 3194.90000000000009094947 3207.00000000000000000000 3218.40000000000009094947 3231.50000000000000000000 3243.80000000000018189894 3254.19999999999981810106 3262.80000000000018189894 3269.90000000000009094947 3277.19999999999981810106 3282.59999999999990905053 3256.50140000000010331860 3291.30000000000018189894 3294.30999999999994543032 3296.71999999999979991117 3298.40000000000009094947 3299.44999999999981810106 3299.98999999999978172127 3300.30999999999994543032 3300.67999999999983629095 3301.23999999999978172127 3302.01999999999998181011 3303.09000000000014551915 3304.53000000000020008883 3306.30000000000018189894 3308.01000000000021827873 3308.69000000000005456968 3309.21999999999979991117 3312.21000000000003637979 3316.59999999999990905053 3323.40000000000009094947 3331.76999999999998181011 3340.61000000000012732926 3345.94000000000005456968 3348.94000000000005456968
3154.59999999999990905053 3166.50000000000000000000 3178.30000000000018189894 3192.90000000000009094947 3206.00000000000000000000 3216.90000000000009094947 3226.19999999999981810106 3244.09999999999990905053 3259.09999999999990905053 3267.90000000000009094947 3274.90000000000009094947 3278.90000000000009094947 3283.19999999999981810106 3286.80999999999994543032 3290.09999999999990905053 3292.92999999999983629095 3294.96000000000003637979 3296.30000000000018189894 3297.07999999999992724042 3297.15999999999985448085 3296.84000000000014551915 3296.59999999999990905053 3296.73000000000001818989 3297.03999999999996362021 3297.65000000000009094947 3298.76999999999998181011 3300.46999999999979991117 3302.17999999999983629095 3304.11999999999989086064 3306.03999999999996362021 3307.01999999999998181011 3310.71000000000003637979 3315.26999999999998181011 3324.57999999999992724042 3332.05999999999994543032 3338.71000000000003637979 3343.07999999999992724042
3151.00000000000000000000 3163.40000000000009094947 3177.59999999999990905053 3192.50000000000000000000 3204.19999999999981810106 3212.40000000000009094947 3221.59999999999990905053 3242.80000000000018189894 3259.09999999999990905053 3272.00000000000000000000 3280.09999999999990905053 3280.69999999999981810106 3281.86000000000012732926 3284.51999999999998181011 3288.73000000000001818989 3291.44999999999981810106 3292.82000000000016370905 3294.11999999999989086064 3294.90000000000009094947 3294.50000000000000000000 3293.38999999999987267074 3292.11000000000012732926 3292.23999999999978172127 3291.98999999999978172127 3291.96999999999979991117 3292.59999999999990905053 3294.13999999999987267074 3296.11999999999989086064 3298.63000000000010913936 3301.40000000000009094947 3302.94000000000005456968 3307.28000000000020008883 3311.67999999999983629095 3319.40000000000009094947 3325.38999999999987267074 3331.75000000000000000000 3336.94000000000005456968
3145.19999999999981810106 3160.40000000000009094947 3178.69999999999981810106 3189.90000000000009094947 3199.69999999999981810106 3208.80000000000018189894 3219.40000000000009094947 3239.50000000000000000000 3258.69999999999981810106 3274.30000000000018189894 3280.50000000000000000000 3250.82360000000016952981 3283.17000000000007275958 3283.19000000000005456968 3288.05999999999994543032 3289.84000000000014551915 3291.09999999999990905053 3291.82999999999992724042 3292.94000000000005456968 3292.19999999999981810106 3290.71999999999979991117 3289.09999999999990905053 3288.09000000000014551915 3287.07000000000016370905 3286.32000000000016370905 3286.36000000000012732926 3287.65999999999985448085 3289.44000000000005456968 3291.71999999999979991117 3294.11000000000012732926 3296.17999999999983629095 3301.01000000000021827873 3305.84000000000014551915 3312.63999999999987267074 3318.65000000000009094947 3325.36000000000012732926 3330.61999999999989086064
3144.80000000000018189894 3157.59999999999990905053 3173.59999999999990905053 3186.50000000000000000000 3197.30000000000018189894 3208.80000000000018189894 3218.80000000000018189894 3237.90000000000009094947 3257.80000000000018189894 3274.90000000000009094947 3249.68949999999995270628 3284.26000000000021827873 3284.61000000000012732926 3284.42999999999983629095 3286.73999999999978172127 3288.36999999999989086064 3288.86999999999989086064 3289.51000000000021827873 3290.19999999999981810106 3289.73000000000001818989 3288.23999999999978172127 3286.28000000000020008883 3284.38999999999987267074 3282.59000000000014551915 3281.23999999999978172127 3281.26999999999998181011 3281.65000000000009094947 3282.71999999999979991117 3284.73000000000001818989 3287.17000000000007275958 3290.13000000000010913936 3294.73999999999978172127 3299.44000000000005456968 3305.40000000000009094947 3311.98999999999978172127 3319.98000000000001818989 3327.30999999999994543032
3146.09999999999990905053 3157.59999999999990905053 3174.80000000000018189894 3187.00000000000000000000 3197.00000000000000000000 3208.69999999999981810106 3221.30000000000018189894 3240.69999999999981810106 3256.30000000000018189894 3280.00000000000000000000 3248.86110000000007858034 3285.61000000000012732926 3283.36999999999989086064 3281.34000000000014551915 3282.67000000000007275958 3284.71000000000003637979 3285.59999999999990905053 3286.67000000000007275958 3287.48000000000001818989 3287.32999999999992724042 3285.82999999999992724042 3283.53000000000020008883 3280.98999999999978172127 3278.55000000000018189894 3276.73999999999978172127 3276.11999999999989086064 3275.80000000000018189894 3276.19999999999981810106 3277.98999999999978172127 3280.32999999999992724042 3283.36999999999989086064 3287.42000000000007275958 3292.01999999999998181011 3297.46999999999979991117 3303.78000000000020008883 3312.46999999999979991117 3320.73999999999978172127
3148.69999999999981810106 3159.30000000000018189894 3174.69999999999981810106 3187.00000000000000000000 3196.80000000000018189894 3211.80000000000018189894 3227.90000000000009094947 3252.00000000000000000000 3275.69999999999981810106 3247.21430000000009385985 3291.86000000000012732926 3285.55000000000018189894 3282.34000000000014551915 3282.05000000000018189894 3281.38999999999987267074 3282.38000000000010913936 3283.05999999999994543032 3283.90999999999985448085 3284.75000000000000000000 3284.84000000000014551915 3283.30000000000018189894 3280.71999999999979991117 3277.67999999999983629095 3274.55000000000018189894 3271.88000000000010913936 3271.26999999999998181011 3270.57999999999992724042 3270.98000000000001818989 3271.90999999999985448085 3273.69999999999981810106 3276.44000000000005456968 3280.03000000000020008883 3284.46000000000003637979 3289.50000000000000000000 3294.63999999999987267074 3304.01000000000021827873 3313.11000000000012732926
3150.09999999999990905053 3161.90000000000009094947 3174.59999999999990905053 3186.00000000000000000000 3196.19999999999981810106 3212.90000000000009094947 3240.90000000000009094947 3269.90000000000009094947 3244.19030000000020663720 3298.88000000000010913936 3292.53999999999996362021 3285.80000000000018189894 3281.94999999999981810106 3280.98999999999978172127 3280.36999999999989086064 3279.94000000000005456968 3280.51999999999998181011 3280.92000000000007275958 3281.44999999999981810106 3280.61999999999989086064 3280.07999999999992724042 3277.67999999999983629095 3274.57000000000016370905 3271.03999999999996362021 3267.38000000000010913936 3264.48000000000001818989 3264.00000000000000000000 3264.86999999999989086064 3265.82000000000016370905 3267.32000000000016370905 3269.92999999999983629095 3273.21000000000003637979 3277.65999999999985448085 3282.96000000000003637979 3288.09999999999990905053 3296.82000000000016370905 3305.71000000000003637979
3146.90000000000009094947 3160.40000000000009094947 3170.80000000000018189894 3186.30000000000018189894 3199.30000000000018189894 3226.09999999999990905053 3262.30000000000018189894 3280.50000000000000000000 3303.34000000000014551915 3297.17000000000007275958 3292.36999999999989086064 3284.76999999999998181011 3280.67999999999983629095 3278.96000000000003637979 3278.28999999999996362021 3276.86999999999989086064 3275.96000000000003637979 3278.05999999999994543032 3278.07000000000016370905 3277.23999999999978172127 3276.34999999999990905053 3274.44999999999981810106 3271.80999999999994543032 3268.46999999999979991117 3264.44999999999981810106 3260.57000000000016370905 3260.09000000000014551915 3260.15999999999985448085 3260.69000000000005456968 3261.88000000000010913936 3264.73000000000001818989 3268.11000000000012732926 3272.25000000000000000000 3276.80999999999994543032 3282.71000000000003637979 3290.67999999999983629095 3299.21999999999979991117
3146.90000000000009094947 3159.30000000000018189894 3172.00000000000000000000 3190.19999999999981810106 3211.19999999999981810106 3241.90000000000009094947 3280.00000000000000000000 3280.90000000000009094947 3295.00000000000000000000 3291.94999999999981810106 3287.92999999999983629095 3283.69999999999981810106 3280.11000000000012732926 3277.32999999999992724042 3276.23000000000001818989 3274.21000000000003637979 3274.05999999999994543032 3274.59999999999990905053 3274.32000000000016370905 3273.57000000000016370905 3272.67000000000007275958 3271.30999999999994543032 3269.42999999999983629095 3266.80000000000018189894 3262.86000000000012732926 3257.46999999999979991117 3255.80000000000018189894 3256.17999999999983629095 3256.96999999999979991117 3258.82000000000016370905 3261.11000000000012732926 3264.03999999999996362021 3267.76999999999998181011 3271.44000000000005456968 3277.48000000000001818989 3284.63000000000010913936 3292.42000000000007275958
3148.69999999999981810106 3165.59999999999990905053 3182.90000000000009094947 3204.69999999999981810106 3220.09999999999990905053 3247.40000000000009094947 3280.00000000000000000000 3295.94999999999981810106 3292.67999999999983629095 3290.46000000000003637979 3285.23000000000001818989 3281.69000000000005456968 3278.19000000000005456968 3275.40000000000009094947 3273.90000000000009094947 3272.71999999999979991117 3271.82999999999992724042 3271.15999999999985448085 3270.40000000000009094947 3269.59999999999990905053 3268.86000000000012732926 3268.03000000000020008883 3267.00000000000000000000 3265.40999999999985448085 3262.13999999999987267074 3254.34000000000014551915 3253.57999999999992724042 3253.05999999999994543032 3254.21999999999979991117 3255.57999999999992724042 3258.07000000000016370905 3260.38999999999987267074 3264.76999999999998181011 3268.94000000000005456968 3273.03999999999996362021 3278.34999999999990905053 3284.42000000000007275958
3159.19999999999981810106 3182.00000000000000000000 3201.90000000000009094947 3220.00000000000000000000 3237.80000000000018189894 3266.80000000000018189894 3280.69999999999981810106 3294.15999999999985448085 3286.19999999999981810106 3284.40000000000009094947 3283.48000000000001818989 3280.26000000000021827873 3276.44999999999981810106 3273.28999999999996362021 3271.25000000000000000000 3269.73000000000001818989 3268.44999999999981810106 3267.28999999999996362021 3266.21000000000003637979 3265.32000000000016370905 3264.71999999999979991117 3264.21000000000003637979 3263.63000000000010913936 3262.59999999999990905053 3259.34000000000014551915 3252.01999999999998181011 3251.59000000000014551915 3250.98999999999978172127 3251.46999999999979991117 3252.48000000000001818989 3253.94999999999981810106 3256.07999999999992724042 3259.53999999999996362021 3264.80000000000018189894 3267.61999999999989086064 3271.65000000000009094947 3276.32999999999992724042
3174.09999999999990905053 3200.50000000000000000000 3217.00000000000000000000 3245.50000000000000000000 3265.90000000000009094947 3280.30000000000018189894 3281.09999999999990905053 3284.98000000000001818989 3280.84999999999990905053 3284.48999999999978172127 3283.80999999999994543032 3278.78999999999996362021 3273.98000000000001818989 3270.23999999999978172127 3267.78000000000020008883 3266.05000000000018189894 3264.61000000000012732926 3263.21000000000003637979 3261.86000000000012732926 3260.82999999999992724042 3260.30999999999994543032 3259.84999999999990905053 3259.09000000000014551915 3257.75000000000000000000 3255.40999999999985448085 3251.61000000000012732926 3250.61999999999989086064 3249.51000000000021827873 3249.94999999999981810106 3250.42000000000007275958 3251.88000000000010913936 3252.92999999999983629095 3255.67000000000007275958 3259.01000000000021827873 3261.38999999999987267074 3265.36000000000012732926 3269.76000000000021827873
