data/rhone/surface-1991.grid
NCOLS	167
NROWS	405
XLLCORNER	671250
YLLCORNER	157400
CELLSIZE	25
NODATA_value	-9999
[rows 208 to 223 of 405, columns 0 to 36 of 167]
2935.30000000000018189894 2922.40000000000009094947 2909.59999999999990905053 2896.30000000000018189894 2885.19999999999981810106 2870.50000000000000000000 2851.90000000000009094947 2834.90000000000009094947 2822.09999999999990905053 2809.50000000000000000000 2795.50000000000000000000 2783.19999999999981810106 2772.40000000000009094947 2760.59999999999990905053 2749.00000000000000000000 2737.80000000000018189894 2724.80000000000018189894 2709.09999999999990905053 2691.09999999999990905053 2677.50000000000000000000 2664.30000000000018189894 2656.19999999999981810106 2641.80000000000018189894 2621.09999999999990905053 2617.03000000000020008883 2613.09000000000014551915 2613.61000000000012732926 2615.07999999999992724042 2613.09000000000014551915 2614.40000000000009094947 2616.17999999999983629095 2617.84999999999990905053 2619.59000000000014551915 2620.96999999999979991117 2623.09000000000014551915 2625.96999999999979991117 2627.65999999999985448085
2928.09999999999990905053 2916.19999999999981810106 2904.19999999999981810106 2891.59999999999990905053 2880.00000000000000000000 2859.90000000000009094947 2846.50000000000000000000 2831.40000000000009094947 2816.69999999999981810106 2802.30000000000018189894 2788.59999999999990905053 2775.19999999999981810106 2762.69999999999981810106 2750.19999999999981810106 2738.40000000000009094947 2727.30000000000018189894 2714.59999999999990905053 2698.69999999999981810106 2674.59999999999990905053 2658.90000000000009094947 2649.19999999999981810106 2645.59999999999990905053 2628.59999999999990905053 2617.80000000000018189894 2613.25000000000000000000 2609.80000000000018189894 2613.69999999999981810106 2612.80999999999994543032 2611.53999999999996362021 2612.82000000000016370905 2615.28999999999996362021 2616.90999999999985448085 2618.25000000000000000000 2619.90999999999985448085 2621.82000000000016370905 2624.38000000000010913936 2625.40999999999985448085
2919.30000000000018189894 2907.59999999999990905053 2896.90000000000009094947 2885.30000000000018189894 2873.59999999999990905053 2859.00000000000000000000 2840.90000000000009094947 2826.69999999999981810106 2812.19999999999981810106 2795.80000000000018189894 2782.09999999999990905053 2770.80000000000018189894 2760.40000000000009094947 2744.90000000000009094947 2730.59999999999990905053 2716.80000000000018189894 2698.69999999999981810106 2679.40000000000009094947 2658.69999999999981810106 2646.80000000000018189894 2637.69999999999981810106 2635.40000000000009094947 2619.80000000000018189894 2613.90000000000009094947 2609.50000000000000000000 2610.80999999999994543032 2611.98999999999978172127 2608.90999999999985448085 2610.19999999999981810106 2611.55999999999994543032 2614.25000000000000000000 2615.28000000000020008883 2616.90999999999985448085 2618.51000000000021827873 2619.96999999999979991117 2622.36000000000012732926 2624.44000000000005456968
2911.00000000000000000000 2899.09999999999990905053 2889.69999999999981810106 2878.00000000000000000000 2864.69999999999981810106 2851.00000000000000000000 2834.90000000000009094947 2818.69999999999981810106 2803.40000000000009094947 2790.80000000000018189894 2778.80000000000018189894 2766.19999999999981810106 2752.30000000000018189894 2737.00000000000000000000 2720.40000000000009094947 2705.90000000000009094947 2688.50000000000000000000 2669.59999999999990905053 2651.90000000000009094947 2638.69999999999981810106 2631.50000000000000000000 2624.80000000000018189894 2616.09999999999990905053 2611.48000000000001818989 2607.69000000000005456968 2610.38999999999987267074 2609.98999999999978172127 2608.19999999999981810106 2608.28999999999996362021 2611.38999999999987267074 2612.86000000000012732926 2613.05000000000018189894 2615.32999999999992724042 2617.36000000000012732926 2618.76000000000021827873 2620.65000000000009094947 2622.96999999999979991117
2904.19999999999981810106 2893.00000000000000000000 2882.40000000000009094947 2871.80000000000018189894 2860.30000000000018189894 2845.19999999999981810106 2829.50000000000000000000 2814.90000000000009094947 2800.00000000000000000000 2789.80000000000018189894 2779.90000000000009094947 2766.69999999999981810106 2751.00000000000000000000 2732.69999999999981810106 2714.50000000000000000000 2693.69999999999981810106 2678.00000000000000000000 2662.40000000000009094947 2644.80000000000018189894 2633.09999999999990905053 2626.40000000000009094947 2619.40000000000009094947 2612.30000000000018189894 2609.65999999999985448085 2608.23999999999978172127 2609.55999999999994543032 2606.36000000000012732926 2606.36000000000012732926 2606.55999999999994543032 2610.71000000000003637979 2611.32000000000016370905 2611.94000000000005456968 2614.32999999999992724042 2616.19000000000005456968 2617.73000000000001818989 2619.51999999999998181011 2621.67000000000007275958
2895.90000000000009094947 2883.50000000000000000000 2874.00000000000000000000 2864.40000000000009094947 2855.19999999999981810106 2841.80000000000018189894 2827.00000000000000000000 2812.00000000000000000000 2799.09999999999990905053 2785.09999999999990905053 2772.69999999999981810106 2760.69999999999981810106 2745.40000000000009094947 2727.30000000000018189894 2698.30000000000018189894 2682.69999999999981810106 2668.09999999999990905053 2652.30000000000018189894 2637.80000000000018189894 2628.30000000000018189894 2619.69999999999981810106 2614.19999999999981810106 2609.69999999999981810106 2606.61999999999989086064 2608.32000000000016370905 2606.26999999999998181011 2605.36999999999989086064 2606.40999999999985448085 2607.23999999999978172127 2609.88999999999987267074 2611.21999999999979991117 2611.57999999999992724042 2613.07000000000016370905 2614.98999999999978172127 2616.61000000000012732926 2618.44999999999981810106 2620.44999999999981810106
2888.30000000000018189894 2875.90000000000009094947 2866.40000000000009094947 2857.19999999999981810106 2848.80000000000018189894 2836.50000000000000000000 2818.40000000000009094947 2799.40000000000009094947 2785.09999999999990905053 2772.69999999999981810106 2762.00000000000000000000 2750.30000000000018189894 2734.40000000000009094947 2716.00000000000000000000 2701.00000000000000000000 2673.40000000000009094947 2656.40000000000009094947 2643.09999999999990905053 2633.09999999999990905053 2625.00000000000000000000 2617.40000000000009094947 2612.30000000000018189894 2610.80999999999994543032 2606.36999999999989086064 2607.82000000000016370905 2604.26999999999998181011 2604.96999999999979991117 2606.69999999999981810106 2608.13999999999987267074 2608.48000000000001818989 2609.61999999999989086064 2610.73000000000001818989 2611.38999999999987267074 2613.88999999999987267074 2615.82000000000016370905 2617.59000000000014551915 2619.30999999999994543032
2882.09999999999990905053 2870.40000000000009094947 2861.00000000000000000000 2848.69999999999981810106 2841.59999999999990905053 2824.40000000000009094947 2808.69999999999981810106 2791.40000000000009094947 2776.69999999999981810106 2765.40000000000009094947 2752.19999999999981810106 2739.90000000000009094947 2723.80000000000018189894 2708.59999999999990905053 2690.80000000000018189894 2673.59999999999990905053 2655.59999999999990905053 2640.09999999999990905053 2630.50000000000000000000 2621.40000000000009094947 2615.59999999999990905053 2610.40000000000009094947 2608.59999999999990905053 2605.57999999999992724042 2605.19999999999981810106 2603.46999999999979991117 2604.98999999999978172127 2606.07000000000016370905 2606.76999999999998181011 2607.80999999999994543032 2609.28000000000020008883 2610.42999999999983629095 2610.86000000000012732926 2612.76000000000021827873 2614.75000000000000000000 2616.51000000000021827873 2618.28999999999996362021
2876.90000000000009094947 2865.69999999999981810106 2853.80000000000018189894 2840.69999999999981810106 2827.30000000000018189894 2812.40000000000009094947 2797.19999999999981810106 2782.19999999999981810106 2769.69999999999981810106 2757.50000000000000000000 2743.90000000000009094947 2729.90000000000009094947 2716.00000000000000000000 2702.69999999999981810106 2688.09999999999990905053 2670.69999999999981810106 2653.69999999999981810106 2637.50000000000000000000 2628.00000000000000000000 2619.30000000000018189894 2614.59999999999990905053 2609.90000000000009094947 2605.71000000000003637979 2606.76000000000021827873 2603.61000000000012732926 2603.19999999999981810106 2603.98000000000001818989 2605.13999999999987267074 2605.84999999999990905053 2606.78000000000020008883 2608.03999999999996362021 2609.26000000000021827873 2610.38000000000010913936 2612.53000000000020008883 2613.84000000000014551915 2615.17000000000007275958 2617.42999999999983629095
2872.40000000000009094947 2861.30000000000018189894 2846.80000000000018189894 2832.40000000000009094947 2817.50000000000000000000 2803.00000000000000000000 2787.59999999999990905053 2774.19999999999981810106 2762.30000000000018189894 2751.00000000000000000000 2738.50000000000000000000 2727.09999999999990905053 2713.40000000000009094947 2698.50000000000000000000 2683.30000000000018189894 2667.00000000000000000000 2650.40000000000009094947 2636.59999999999990905053 2626.40000000000009094947 2618.69999999999981810106 2614.09999999999990905053 2609.69999999999981810106 2605.98000000000001818989 2605.78000000000020008883 2602.69000000000005456968 2603.55000000000018189894 2604.25000000000000000000 2605.57000000000016370905 2605.17999999999983629095 2606.13999999999987267074 2607.59000000000014551915 2608.94999999999981810106 2610.15999999999985448085 2611.80999999999994543032 2612.11000000000012732926 2613.23000000000001818989 2616.40999999999985448085
2870.00000000000000000000 2856.30000000000018189894 2841.59999999999990905053 2825.69999999999981810106 2811.80000000000018189894 2800.00000000000000000000 2786.09999999999990905053 2774.30000000000018189894 2763.59999999999990905053 2755.69999999999981810106 2743.19999999999981810106 2734.90000000000009094947 2721.00000000000000000000 2705.00000000000000000000 2689.90000000000009094947 2671.09999999999990905053 2652.50000000000000000000 2635.80000000000018189894 2624.19999999999981810106 2616.50000000000000000000 2612.09999999999990905053 2608.80000000000018189894 2605.46999999999979991117 2605.51000000000021827873 2602.90999999999985448085 2603.59999999999990905053 2605.21999999999979991117 2605.84999999999990905053 2604.98000000000001818989 2605.88000000000010913936 2607.23000000000001818989 2608.38000000000010913936 2610.00000000000000000000 2610.42000000000007275958 2610.82000000000016370905 2612.46000000000003637979 2615.36000000000012732926
2867.40000000000009094947 2854.19999999999981810106 2839.00000000000000000000 2824.50000000000000000000 2811.80000000000018189894 2800.30000000000018189894 2789.80000000000018189894 2779.30000000000018189894 2770.50000000000000000000 2762.40000000000009094947 2753.59999999999990905053 2744.50000000000000000000 2730.69999999999981810106 2712.40000000000009094947 2692.19999999999981810106 2672.19999999999981810106 2652.59999999999990905053 2635.59999999999990905053 2622.50000000000000000000 2614.40000000000009094947 2609.40000000000009094947 2607.30000000000018189894 2605.32000000000016370905 2602.53000000000020008883 2602.38000000000010913936 2604.48999999999978172127 2603.80999999999994543032 2604.32999999999992724042 2604.71999999999979991117 2606.03000000000020008883 2607.23000000000001818989 2608.30999999999994543032 2609.13999999999987267074 2609.13000000000010913936 2610.59999999999990905053 2612.28999999999996362021 2614.17999999999983629095
2864.90000000000009094947 2851.80000000000018189894 2838.30000000000018189894 2824.50000000000000000000 2812.00000000000000000000 2801.80000000000018189894 2789.09999999999990905053 2778.00000000000000000000 2768.80000000000018189894 2759.90000000000009094947 2751.50000000000000000000 2743.40000000000009094947 2730.50000000000000000000 2713.30000000000018189894 2693.09999999999990905053 2672.09999999999990905053 2652.40000000000009094947 2633.90000000000009094947 2618.80000000000018189894 2612.09999999999990905053 2607.80000000000018189894 2603.44999999999981810106 2604.05000000000018189894 2601.42999999999983629095 2602.86000000000012732926 2603.46000000000003637979 2603.01000000000021827873 2602.94999999999981810106 2604.11999999999989086064 2605.65999999999985448085 2606.88000000000010913936 2607.63000000000010913936 2607.80000000000018189894 2608.34000000000014551915 2610.23000000000001818989 2612.00000000000000000000 2613.57000000000016370905
2863.19999999999981810106 2849.69999999999981810106 2835.50000000000000000000 2822.59999999999990905053 2809.80000000000018189894 2797.50000000000000000000 2784.50000000000000000000 2773.09999999999990905053 2763.40000000000009094947 2756.90000000000009094947 2749.09999999999990905053 2739.40000000000009094947 2726.59999999999990905053 2711.19999999999981810106 2692.59999999999990905053 2669.80000000000018189894 2647.40000000000009094947 2630.50000000000000000000 2617.59999999999990905053 2610.00000000000000000000 2606.80000000000018189894 2603.36000000000012732926 2602.32999999999992724042 2600.30000000000018189894 2600.90999999999985448085 2601.90999999999985448085 2602.07999999999992724042 2602.55000000000018189894 2603.17999999999983629095 2604.50000000000000000000 2605.59999999999990905053 2606.96000000000003637979 2607.84000000000014551915 2608.75000000000000000000 2609.88999999999987267074 2611.36999999999989086064 2612.69999999999981810106
2860.80000000000018189894 2846.50000000000000000000 2832.09999999999990905053 2816.90000000000009094947 2803.09999999999990905053 2791.40000000000009094947 2778.80000000000018189894 2769.30000000000018189894 2759.40000000000009094947 2752.69999999999981810106 2747.50000000000000000000 2740.69999999999981810106 2725.30000000000018189894 2707.40000000000009094947 2688.90000000000009094947 2668.30000000000018189894 2646.80000000000018189894 2628.50000000000000000000 2615.69999999999981810106 2609.09999999999990905053 2605.90000000000009094947 2603.40999999999985448085 2601.61999999999989086064 2599.36999999999989086064 2599.71000000000003637979 2600.57999999999992724042 2601.28999999999996362021 2602.03000000000020008883 2603.01000000000021827873 2603.59999999999990905053 2603.78999999999996362021 2604.92000000000007275958 2607.30000000000018189894 2608.13000000000010913936 2609.03999999999996362021 2610.51000000000021827873 2611.80999999999994543032
2854.90000000000009094947 2839.80000000000018189894 2824.80000000000018189894 2809.09999999999990905053 2795.30000000000018189894 2784.80000000000018189894 2774.69999999999981810106 2765.19999999999981810106 2756.69999999999981810106 2749.50000000000000000000 2743.00000000000000000000 2735.50000000000000000000 2720.90000000000009094947 2699.80000000000018189894 2684.09999999999990905053 2666.09999999999990905053 2646.69999999999981810106 2627.19999999999981810106 2615.00000000000000000000 2607.80000000000018189894 2604.09999999999990905053 2602.09000000000014551915 2599.03000000000020008883 2598.71999999999979991117 2598.32000000000016370905 2599.53000000000020008883 2600.59999999999990905053 2601.53999999999996362021 2602.32999999999992724042 2603.11000000000012732926 2603.05000000000018189894 2604.51000000000021827873 2605.59000000000014551915 2606.86000000000012732926 2608.11999999999989086064 2609.55000000000018189894 2610.98000000000001818989
