data/rhone/surface-2000.grid
NCOLS	167
NROWS	405
XLLCORNER	671250
YLLCORNER	157400
CELLSIZE	25
NODATA_value	-9999
[rows 128 to 143 of 405, columns 74 to 110 of 167]
2900.44999999999981810106 2900.48999999999978172127 2899.96999999999979991117 2898.67000000000007275958 2898.96000000000003637979 2899.44000000000005456968 2899.28999999999996362021 2898.76999999999998181011 2898.00000000000000000000 2896.75000000000000000000 2895.25000000000000000000 2893.63999999999987267074 2891.69000000000005456968 2890.71999999999979991117 2888.07999999999992724042 2884.71000000000003637979 2881.53999999999996362021 2878.76999999999998181011 2877.09000000000014551915 2875.38000000000010913936 2874.34999999999990905053 2873.36000000000012732926 2872.57999999999992724042 2872.21999999999979991117 2874.23000000000001818989 2875.46000000000003637979 2875.44000000000005456968 2875.46000000000003637979 2873.73999999999978172127 2872.34999999999990905053 2870.80999999999994543032 2869.13999999999987267074 2867.42999999999983629095 2865.34000000000014551915 2863.59999999999990905053 2863.63000000000010913936 2863.82999999999992724042
2898.88000000000010913936 2898.92000000000007275958 2898.69000000000005456968 2897.69000000000005456968 2897.48000000000001818989 2897.11999999999989086064 2896.73999999999978172127 2896.57000000000016370905 2896.07000000000016370905 2894.71999999999979991117 2893.13000000000010913936 2891.78999999999996362021 2889.90999999999985448085 2888.03000000000020008883 2886.03000000000020008883 2882.90999999999985448085 2880.05999999999994543032 2877.78999999999996362021 2876.25000000000000000000 2874.71000000000003637979 2874.01000000000021827873 2872.40999999999985448085 2872.07000000000016370905 2872.01999999999998181011 2872.90999999999985448085 2874.61000000000012732926 2874.48999999999978172127 2874.94000000000005456968 2872.73000000000001818989 2871.96999999999979991117 2870.36999999999989086064 2868.38000000000010913936 2866.78000000000020008883 2864.32000000000016370905 2863.19000000000005456968 2862.76999999999998181011 2862.57000000000016370905
2897.76999999999998181011 2897.32000000000016370905 2896.80000000000018189894 2896.05000000000018189894 2895.67000000000007275958 2895.28999999999996362021 2894.88000000000010913936 2894.36000000000012732926 2893.65999999999985448085 2892.61999999999989086064 2891.03000000000020008883 2890.03999999999996362021 2888.05999999999994543032 2884.94000000000005456968 2881.92999999999983629095 2880.46000000000003637979 2878.36000000000012732926 2876.61999999999989086064 2875.32000000000016370905 2873.63000000000010913936 2872.30000000000018189894 2871.53000000000020008883 2870.80000000000018189894 2871.13999999999987267074 2871.50000000000000000000 2874.82000000000016370905 2874.88999999999987267074 2874.86999999999989086064 2872.23000000000001818989 2870.96999999999979991117 2869.96999999999979991117 2868.63000000000010913936 2866.84999999999990905053 2863.98999999999978172127 2863.00000000000000000000 2862.25000000000000000000 2862.71999999999979991117
2896.53999999999996362021 2895.75000000000000000000 2894.98000000000001818989 2894.34000000000014551915 2893.84999999999990905053 2893.42000000000007275958 2892.98999999999978172127 2891.84999999999990905053 2891.15999999999985448085 2890.53000000000020008883 2889.15999999999985448085 2887.80999999999994543032 2886.59000000000014551915 2885.26999999999998181011 2883.88999999999987267074 2880.32999999999992724042 2877.21999999999979991117 2875.46000000000003637979 2873.69999999999981810106 2872.42999999999983629095 2871.32999999999992724042 2870.34999999999990905053 2869.98999999999978172127 2869.98999999999978172127 2871.11999999999989086064 2873.48999999999978172127 2873.73000000000001818989 2874.01000000000021827873 2872.88999999999987267074 2871.25000000000000000000 2870.03000000000020008883 2868.98999999999978172127 2867.53999999999996362021 2864.05000000000018189894 2861.67000000000007275958 2860.67999999999983629095 2862.23000000000001818989
2895.09999999999990905053 2894.23999999999978172127 2893.42000000000007275958 2892.61999999999989086064 2891.88999999999987267074 2891.25000000000000000000 2890.61999999999989086064 2889.92000000000007275958 2889.21000000000003637979 2889.19000000000005456968 2887.92000000000007275958 2886.36999999999989086064 2884.57999999999992724042 2882.46000000000003637979 2880.55999999999994543032 2878.67000000000007275958 2876.30000000000018189894 2874.30000000000018189894 2872.65000000000009094947 2871.40000000000009094947 2870.26999999999998181011 2869.30999999999994543032 2868.75000000000000000000 2868.51000000000021827873 2870.01999999999998181011 2871.51000000000021827873 2872.13000000000010913936 2872.90999999999985448085 2872.59999999999990905053 2872.13999999999987267074 2869.46000000000003637979 2868.03000000000020008883 2866.44999999999981810106 2863.69000000000005456968 2861.92000000000007275958 2859.90000000000009094947 2860.44999999999981810106
2893.78999999999996362021 2892.75000000000000000000 2891.78000000000020008883 2890.84000000000014551915 2889.92000000000007275958 2889.15000000000009094947 2888.51000000000021827873 2887.98999999999978172127 2888.44000000000005456968 2888.53000000000020008883 2886.61000000000012732926 2885.13000000000010913936 2883.67000000000007275958 2879.94000000000005456968 2879.15999999999985448085 2877.19999999999981810106 2875.23999999999978172127 2873.13999999999987267074 2871.57999999999992724042 2870.34000000000014551915 2869.09999999999990905053 2868.32000000000016370905 2867.76999999999998181011 2867.50000000000000000000 2869.26999999999998181011 2870.17999999999983629095 2871.01999999999998181011 2871.73000000000001818989 2872.38999999999987267074 2871.55000000000018189894 2869.82999999999992724042 2867.82999999999992724042 2866.03999999999996362021 2863.76999999999998181011 2861.80000000000018189894 2859.75000000000000000000 2859.84000000000014551915
2892.48000000000001818989 2891.34000000000014551915 2890.15000000000009094947 2889.09000000000014551915 2888.19999999999981810106 2887.30999999999994543032 2886.80999999999994543032 2886.63999999999987267074 2887.05000000000018189894 2885.84999999999990905053 2884.67000000000007275958 2883.73000000000001818989 2882.05999999999994543032 2879.80000000000018189894 2877.94000000000005456968 2875.73000000000001818989 2873.67999999999983629095 2871.59999999999990905053 2870.21000000000003637979 2868.86999999999989086064 2867.07999999999992724042 2866.78999999999996362021 2866.67999999999983629095 2867.05000000000018189894 2868.21000000000003637979 2869.03000000000020008883 2870.80999999999994543032 2871.09000000000014551915 2871.23999999999978172127 2869.94000000000005456968 2868.59000000000014551915 2866.96999999999979991117 2865.71999999999979991117 2863.84000000000014551915 2860.92000000000007275958 2859.57000000000016370905 2859.34000000000014551915
2891.03000000000020008883 2889.84999999999990905053 2888.67000000000007275958 2887.55000000000018189894 2886.57999999999992724042 2885.69999999999981810106 2884.96999999999979991117 2884.32000000000016370905 2883.82999999999992724042 2882.82999999999992724042 2881.80999999999994543032 2881.28000000000020008883 2879.76000000000021827873 2878.11999999999989086064 2876.48000000000001818989 2874.38999999999987267074 2872.32000000000016370905 2870.26999999999998181011 2868.55000000000018189894 2867.34000000000014551915 2866.26000000000021827873 2865.67999999999983629095 2865.76999999999998181011 2865.90999999999985448085 2867.11000000000012732926 2867.92999999999983629095 2869.17999999999983629095 2869.90999999999985448085 2870.38000000000010913936 2869.51999999999998181011 2866.09999999999990905053 2865.40000000000009094947 2865.13999999999987267074 2863.51000000000021827873 2861.82000000000016370905 2860.28999999999996362021 2858.69999999999981810106
2889.59999999999990905053 2888.36000000000012732926 2887.05999999999994543032 2885.92999999999983629095 2884.96000000000003637979 2884.07999999999992724042 2883.09999999999990905053 2881.88000000000010913936 2880.90999999999985448085 2880.11000000000012732926 2879.71000000000003637979 2879.42000000000007275958 2877.98999999999978172127 2876.50000000000000000000 2874.82999999999992724042 2872.96000000000003637979 2871.05999999999994543032 2869.13999999999987267074 2867.36000000000012732926 2865.96999999999979991117 2865.32999999999992724042 2864.61000000000012732926 2864.65000000000009094947 2864.76000000000021827873 2865.73000000000001818989 2866.78000000000020008883 2867.98000000000001818989 2869.19000000000005456968 2869.11000000000012732926 2867.90999999999985448085 2866.17000000000007275958 2864.71000000000003637979 2864.36000000000012732926 2863.17999999999983629095 2861.32999999999992724042 2859.50000000000000000000 2858.46000000000003637979
2888.42000000000007275958 2886.59999999999990905053 2885.17999999999983629095 2884.09999999999990905053 2883.15000000000009094947 2882.30000000000018189894 2881.42999999999983629095 2879.84999999999990905053 2879.00000000000000000000 2878.15000000000009094947 2877.71000000000003637979 2877.25000000000000000000 2876.21999999999979991117 2874.63999999999987267074 2873.05999999999994543032 2871.40999999999985448085 2869.80999999999994543032 2868.11000000000012732926 2866.32999999999992724042 2864.82000000000016370905 2863.82000000000016370905 2863.36999999999989086064 2863.26000000000021827873 2863.21000000000003637979 2864.34999999999990905053 2865.63999999999987267074 2866.63000000000010913936 2868.19000000000005456968 2867.76999999999998181011 2867.05999999999994543032 2866.86999999999989086064 2865.23000000000001818989 2864.01999999999998181011 2862.21000000000003637979 2860.88000000000010913936 2859.21000000000003637979 2858.28000000000020008883
2886.26000000000021827873 2884.36999999999989086064 2883.09999999999990905053 2882.15999999999985448085 2881.19999999999981810106 2880.34000000000014551915 2879.80000000000018189894 2878.78000000000020008883 2877.09000000000014551915 2876.32000000000016370905 2875.76000000000021827873 2875.01000000000021827873 2873.86999999999989086064 2872.48000000000001818989 2871.17000000000007275958 2869.71999999999979991117 2868.36000000000012732926 2867.00000000000000000000 2865.26000000000021827873 2863.73000000000001818989 2862.67000000000007275958 2862.11999999999989086064 2862.07000000000016370905 2862.01000000000021827873 2863.28999999999996362021 2864.82999999999992724042 2865.57000000000016370905 2867.01999999999998181011 2867.23999999999978172127 2866.88999999999987267074 2866.09000000000014551915 2863.61000000000012732926 2863.11999999999989086064 2862.23999999999978172127 2860.46999999999979991117 2858.84999999999990905053 2857.61999999999989086064
2884.30000000000018189894 2882.76000000000021827873 2881.28999999999996362021 2880.40999999999985448085 2879.36000000000012732926 2878.36000000000012732926 2877.84000000000014551915 2876.86000000000012732926 2875.75000000000000000000 2874.73999999999978172127 2874.00000000000000000000 2873.01000000000021827873 2871.69999999999981810106 2870.65000000000009094947 2869.34000000000014551915 2868.11000000000012732926 2866.90999999999985448085 2865.53999999999996362021 2863.98999999999978172127 2862.57999999999992724042 2861.63999999999987267074 2861.13999999999987267074 2860.98000000000001818989 2861.26000000000021827873 2862.23999999999978172127 2863.44999999999981810106 2864.51000000000021827873 2866.67999999999983629095 2866.23000000000001818989 2865.48000000000001818989 2865.46999999999979991117 2863.88999999999987267074 2861.84999999999990905053 2860.59000000000014551915 2860.38999999999987267074 2858.92000000000007275958 2856.61999999999989086064
2882.69999999999981810106 2881.07000000000016370905 2879.96000000000003637979 2879.03000000000020008883 2877.65999999999985448085 2875.98000000000001818989 2874.88000000000010913936 2874.94000000000005456968 2873.92999999999983629095 2872.69999999999981810106 2872.25000000000000000000 2871.28000000000020008883 2869.96000000000003637979 2868.82000000000016370905 2867.65999999999985448085 2866.51000000000021827873 2865.34000000000014551915 2864.05000000000018189894 2862.67000000000007275958 2861.42000000000007275958 2860.78999999999996362021 2860.07000000000016370905 2860.11000000000012732926 2860.51999999999998181011 2861.26000000000021827873 2862.23000000000001818989 2863.19999999999981810106 2864.30000000000018189894 2864.82000000000016370905 2864.53000000000020008883 2864.96999999999979991117 2863.07999999999992724042 2860.86000000000012732926 2859.63999999999987267074 2859.21000000000003637979 2858.44999999999981810106 2857.53000000000020008883
2881.03000000000020008883 2879.98000000000001818989 2878.76999999999998181011 2877.53999999999996362021 2876.32999999999992724042 2874.26999999999998181011 2873.46000000000003637979 2872.92000000000007275958 2871.92000000000007275958 2870.94000000000005456968 2870.19000000000005456968 2869.51000000000021827873 2868.21999999999979991117 2867.11999999999989086064 2866.05000000000018189894 2864.96000000000003637979 2863.84000000000014551915 2862.65999999999985448085 2861.44999999999981810106 2860.34999999999990905053 2859.51999999999998181011 2858.90999999999985448085 2859.01000000000021827873 2859.78999999999996362021 2860.32999999999992724042 2861.15000000000009094947 2862.01999999999998181011 2862.76999999999998181011 2863.71999999999979991117 2863.78999999999996362021 2863.50000000000000000000 2861.75000000000000000000 2859.90000000000009094947 2858.65000000000009094947 2858.03999999999996362021 2857.65000000000009094947 2857.44999999999981810106
2878.38999999999987267074 2878.57999999999992724042 2877.34999999999990905053 2876.09000000000014551915 2875.11000000000012732926 2873.94000000000005456968 2872.78000000000020008883 2871.44999999999981810106 2870.28999999999996362021 2869.28999999999996362021 2868.44000000000005456968 2867.44000000000005456968 2866.44999999999981810106 2865.50000000000000000000 2864.51000000000021827873 2863.46999999999979991117 2862.42000000000007275958 2861.34999999999990905053 2860.28000000000020008883 2859.34999999999990905053 2858.59000000000014551915 2857.78999999999996362021 2857.23999999999978172127 2858.82999999999992724042 2859.48000000000001818989 2860.17999999999983629095 2860.86999999999989086064 2861.59999999999990905053 2864.00000000000000000000 2863.51999999999998181011 2863.05999999999994543032 2860.63000000000010913936 2858.98999999999978172127 2857.82000000000016370905 2857.44000000000005456968 2857.19999999999981810106 2857.34999999999990905053
2876.65000000000009094947 2876.50000000000000000000 2875.92000000000007275958 2874.76999999999998181011 2873.73000000000001818989 2872.63999999999987267074 2871.57000000000016370905 2870.00000000000000000000 2868.57000000000016370905 2867.69000000000005456968 2867.01000000000021827873 2865.92000000000007275958 2864.92999999999983629095 2864.03000000000020008883 2863.05999999999994543032 2862.03000000000020008883 2861.03000000000020008883 2860.05000000000018189894 2859.03000000000020008883 2858.07000000000016370905 2857.26000000000021827873 2856.61999999999989086064 2856.63000000000010913936 2857.48000000000001818989 2858.44000000000005456968 2859.40000000000009094947 2860.42000000000007275958 2861.67999999999983629095 2863.38000000000010913936 2862.55999999999994543032 2861.61999999999989086064 2859.90999999999985448085 2858.42000000000007275958 2857.32999999999992724042 2856.63000000000010913936 2856.67000000000007275958 2856.94000000000005456968
