data/rhone/surface-1980.grid
NCOLS	167
NROWS	405
XLLCORNER	671250
YLLCORNER	157400
CELLSIZE	25
NODATA_value	-9999
[rows 256 to 271 of 405, columns 111 to 147 of 167]
3002.09999999999990905053 3004.40000000000009094947 3004.69999999999981810106 3001.59999999999990905053 2997.80000000000018189894 2990.30000000000018189894 2987.19999999999981810106 2987.50000000000000000000 2989.50000000000000000000 2993.30000000000018189894 3003.69999999999981810106 3014.59999999999990905053 3028.59999999999990905053 3055.09999999999990905053 3092.69999999999981810106 3100.59999999999990905053 3120.40000000000009094947 3105.80000000000018189894 3090.59999999999990905053 3068.59999999999990905053 3041.50000000000000000000 3026.90000000000009094947 3013.59999999999990905053 2998.40000000000009094947 2973.69999999999981810106 2948.50000000000000000000 2913.50000000000000000000 2884.19999999999981810106 2864.80000000000018189894 2849.19999999999981810106 2836.00000000000000000000 2824.80000000000018189894 2814.80000000000018189894 2805.50000000000000000000 2795.90000000000009094947 2787.40000000000009094947 2780.80000000000018189894
2989.59999999999990905053 2984.59999999999990905053 2979.40000000000009094947 2977.09999999999990905053 2982.90000000000009094947 2973.59999999999990905053 2975.19999999999981810106 2975.40000000000009094947 2976.69999999999981810106 2983.69999999999981810106 2994.09999999999990905053 3009.59999999999990905053 3027.09999999999990905053 3050.19999999999981810106 3077.59999999999990905053 3094.80000000000018189894 3127.69999999999981810106 3140.59999999999990905053 3105.80000000000018189894 3082.00000000000000000000 3066.30000000000018189894 3052.40000000000009094947 3019.69999999999981810106 2985.40000000000009094947 2955.09999999999990905053 2932.80000000000018189894 2909.30000000000018189894 2885.69999999999981810106 2869.19999999999981810106 2853.00000000000000000000 2838.59999999999990905053 2825.30000000000018189894 2813.00000000000000000000 2801.90000000000009094947 2792.30000000000018189894 2783.19999999999981810106 2774.19999999999981810106
2966.19999999999981810106 2964.69999999999981810106 2963.19999999999981810106 2961.69999999999981810106 2960.40000000000009094947 2955.19999999999981810106 2964.90000000000009094947 2962.90000000000009094947 2967.00000000000000000000 2974.69999999999981810106 2991.69999999999981810106 3010.50000000000000000000 3029.00000000000000000000 3048.69999999999981810106 3071.40000000000009094947 3094.19999999999981810106 3127.59999999999990905053 3165.30000000000018189894 3135.69999999999981810106 3111.90000000000009094947 3091.00000000000000000000 3063.00000000000000000000 3032.19999999999981810106 3004.40000000000009094947 2977.69999999999981810106 2942.30000000000018189894 2916.69999999999981810106 2889.50000000000000000000 2873.30000000000018189894 2857.59999999999990905053 2839.90000000000009094947 2825.69999999999981810106 2813.40000000000009094947 2802.59999999999990905053 2792.40000000000009094947 2782.50000000000000000000 2771.09999999999990905053
2951.80000000000018189894 2949.80000000000018189894 2947.80000000000018189894 2946.30000000000018189894 2944.80000000000018189894 2946.19999999999981810106 2952.59999999999990905053 2954.59999999999990905053 2957.50000000000000000000 2973.50000000000000000000 2986.90000000000009094947 3004.90000000000009094947 3027.09999999999990905053 3049.80000000000018189894 3072.00000000000000000000 3100.90000000000009094947 3150.00000000000000000000 3140.80000000000018189894 3122.30000000000018189894 3106.59999999999990905053 3100.09999999999990905053 3077.90000000000009094947 3047.59999999999990905053 2998.09999999999990905053 2969.90000000000009094947 2937.69999999999981810106 2909.90000000000009094947 2892.90000000000009094947 2880.09999999999990905053 2862.00000000000000000000 2842.69999999999981810106 2827.30000000000018189894 2813.50000000000000000000 2802.69999999999981810106 2793.59999999999990905053 2784.40000000000009094947 2774.40000000000009094947
2941.90000000000009094947 2939.90000000000009094947 2937.90000000000009094947 2935.90000000000009094947 2933.90000000000009094947 2937.30000000000018189894 2939.80000000000018189894 2943.69999999999981810106 2955.00000000000000000000 2967.59999999999990905053 2982.00000000000000000000 3001.30000000000018189894 3026.90000000000009094947 3062.90000000000009094947 3090.50000000000000000000 3120.50000000000000000000 3118.69999999999981810106 3109.30000000000018189894 3098.69999999999981810106 3072.90000000000009094947 3071.50000000000000000000 3075.80000000000018189894 3053.90000000000009094947 3027.09999999999990905053 3009.19999999999981810106 3000.00000000000000000000 2930.80000000000018189894 2898.50000000000000000000 2886.50000000000000000000 2870.30000000000018189894 2851.19999999999981810106 2831.00000000000000000000 2814.90000000000009094947 2801.59999999999990905053 2790.59999999999990905053 2781.09999999999990905053 2773.50000000000000000000
2932.00000000000000000000 2930.00000000000000000000 2928.00000000000000000000 2926.00000000000000000000 2925.50000000000000000000 2931.00000000000000000000 2933.00000000000000000000 2939.09999999999990905053 2951.80000000000018189894 2964.59999999999990905053 2979.09999999999990905053 3002.09999999999990905053 3038.69999999999981810106 3065.09999999999990905053 3099.00000000000000000000 3119.19999999999981810106 3095.59999999999990905053 3082.40000000000009094947 3070.69999999999981810106 3037.59999999999990905053 3039.40000000000009094947 3042.19999999999981810106 3040.09999999999990905053 3035.09999999999990905053 3029.40000000000009094947 3008.09999999999990905053 2971.69999999999981810106 2925.50000000000000000000 2895.19999999999981810106 2875.90000000000009094947 2862.00000000000000000000 2840.80000000000018189894 2814.80000000000018189894 2801.00000000000000000000 2788.09999999999990905053 2777.50000000000000000000 2769.30000000000018189894
2922.50000000000000000000 2920.09999999999990905053 2918.19999999999981810106 2916.19999999999981810106 2919.40000000000009094947 2921.40000000000009094947 2927.50000000000000000000 2936.90000000000009094947 2950.90000000000009094947 2963.69999999999981810106 2982.09999999999990905053 3009.19999999999981810106 3044.40000000000009094947 3071.09999999999990905053 3105.90000000000009094947 3089.90000000000009094947 3063.09999999999990905053 3041.09999999999990905053 3028.59999999999990905053 3010.69999999999981810106 3003.69999999999981810106 3007.50000000000000000000 3006.69999999999981810106 3005.09999999999990905053 3004.00000000000000000000 3003.00000000000000000000 3000.40000000000009094947 2965.00000000000000000000 2920.80000000000018189894 2885.69999999999981810106 2872.69999999999981810106 2857.59999999999990905053 2830.69999999999981810106 2801.59999999999990905053 2787.80000000000018189894 2777.00000000000000000000 2768.50000000000000000000
2912.00000000000000000000 2911.19999999999981810106 2908.30000000000018189894 2907.69999999999981810106 2911.80000000000018189894 2913.00000000000000000000 2923.00000000000000000000 2937.59999999999990905053 2951.09999999999990905053 2967.69999999999981810106 2992.09999999999990905053 3019.69999999999981810106 3062.90000000000009094947 3080.00000000000000000000 3087.19999999999981810106 3054.80000000000018189894 3030.30000000000018189894 3011.80000000000018189894 2996.90000000000009094947 2987.40000000000009094947 2979.69999999999981810106 2971.09999999999990905053 2959.69999999999981810106 2952.00000000000000000000 2952.59999999999990905053 2952.40000000000009094947 2953.30000000000018189894 2956.69999999999981810106 2944.59999999999990905053 2916.90000000000009094947 2885.30000000000018189894 2858.30000000000018189894 2828.90000000000009094947 2798.69999999999981810106 2778.59999999999990905053 2770.69999999999981810106 2765.40000000000009094947
2901.69999999999981810106 2901.50000000000000000000 2899.69999999999981810106 2899.30000000000018189894 2901.50000000000000000000 2909.09999999999990905053 2921.59999999999990905053 2937.80000000000018189894 2954.40000000000009094947 2975.59999999999990905053 3001.90000000000009094947 3041.00000000000000000000 3073.09999999999990905053 3076.09999999999990905053 3079.09999999999990905053 3035.50000000000000000000 3016.90000000000009094947 2999.90000000000009094947 2988.59999999999990905053 2978.19999999999981810106 2968.80000000000018189894 2956.50000000000000000000 2945.50000000000000000000 2934.30000000000018189894 2925.90000000000009094947 2925.19999999999981810106 2924.50000000000000000000 2924.59999999999990905053 2908.90000000000009094947 2887.90000000000009094947 2870.00000000000000000000 2842.50000000000000000000 2815.00000000000000000000 2786.00000000000000000000 2767.80000000000018189894 2757.40000000000009094947 2754.80000000000018189894
2878.30000000000018189894 2883.80000000000018189894 2886.19999999999981810106 2889.09999999999990905053 2897.69999999999981810106 2910.69999999999981810106 2923.80000000000018189894 2938.90000000000009094947 2956.40000000000009094947 2980.00000000000000000000 3016.59999999999990905053 3056.59999999999990905053 3080.00000000000000000000 3080.00000000000000000000 3058.30000000000018189894 3025.00000000000000000000 3007.50000000000000000000 2993.90000000000009094947 2981.59999999999990905053 2970.09999999999990905053 2960.09999999999990905053 2949.69999999999981810106 2935.90000000000009094947 2918.00000000000000000000 2906.30000000000018189894 2904.09999999999990905053 2902.00000000000000000000 2898.80000000000018189894 2886.59999999999990905053 2875.19999999999981810106 2843.69999999999981810106 2822.00000000000000000000 2790.00000000000000000000 2771.59999999999990905053 2756.59999999999990905053 2744.00000000000000000000 2740.30000000000018189894
2869.69999999999981810106 2874.40000000000009094947 2877.40000000000009094947 2883.50000000000000000000 2898.80000000000018189894 2911.69999999999981810106 2926.40000000000009094947 2943.00000000000000000000 2961.90000000000009094947 2988.50000000000000000000 3016.09999999999990905053 3043.09999999999990905053 3071.59999999999990905053 3075.30000000000018189894 3045.40000000000009094947 3018.00000000000000000000 3000.00000000000000000000 2986.09999999999990905053 2974.19999999999981810106 2962.69999999999981810106 2949.69999999999981810106 2937.19999999999981810106 2910.30000000000018189894 2889.90000000000009094947 2883.09999999999990905053 2879.19999999999981810106 2871.09999999999990905053 2862.90000000000009094947 2850.09999999999990905053 2839.09999999999990905053 2817.69999999999981810106 2788.40000000000009094947 2763.80000000000018189894 2755.69999999999981810106 2750.30000000000018189894 2739.69999999999981810106 2731.30000000000018189894
2862.50000000000000000000 2867.59999999999990905053 2875.09999999999990905053 2883.59999999999990905053 2900.00000000000000000000 2915.19999999999981810106 2931.19999999999981810106 2949.19999999999981810106 2974.90000000000009094947 2997.40000000000009094947 3023.30000000000018189894 3051.50000000000000000000 3069.80000000000018189894 3068.50000000000000000000 3038.80000000000018189894 3014.09999999999990905053 2994.19999999999981810106 2980.00000000000000000000 2963.09999999999990905053 2951.09999999999990905053 2938.19999999999981810106 2920.69999999999981810106 2892.90000000000009094947 2872.50000000000000000000 2850.80000000000018189894 2838.09999999999990905053 2829.19999999999981810106 2817.59999999999990905053 2813.19999999999981810106 2798.00000000000000000000 2760.00000000000000000000 2736.09999999999990905053 2730.30000000000018189894 2728.50000000000000000000 2740.50000000000000000000 2732.19999999999981810106 2721.69999999999981810106
2861.00000000000000000000 2870.19999999999981810106 2878.30000000000018189894 2894.90000000000009094947 2906.40000000000009094947 2918.50000000000000000000 2935.59999999999990905053 2957.90000000000009094947 2982.40000000000009094947 3003.69999999999981810106 3031.59999999999990905053 3057.80000000000018189894 3060.00000000000000000000 3062.40000000000009094947 3036.50000000000000000000 3008.80000000000018189894 2990.50000000000000000000 2976.80000000000018189894 2960.69999999999981810106 2944.90000000000009094947 2929.50000000000000000000 2912.50000000000000000000 2892.50000000000000000000 2865.00000000000000000000 2841.50000000000000000000 2825.80000000000018189894 2812.69999999999981810106 2802.40000000000009094947 2793.19999999999981810106 2783.59999999999990905053 2755.80000000000018189894 2715.19999999999981810106 2706.80000000000018189894 2703.50000000000000000000 2698.69999999999981810106 2691.50000000000000000000 2688.30000000000018189894
2857.50000000000000000000 2872.30000000000018189894 2887.00000000000000000000 2900.59999999999990905053 2910.80000000000018189894 2921.40000000000009094947 2936.90000000000009094947 2981.59999999999990905053 3004.50000000000000000000 3012.80000000000018189894 3039.19999999999981810106 3054.30000000000018189894 3061.80000000000018189894 3060.00000000000000000000 3032.00000000000000000000 3008.19999999999981810106 2989.09999999999990905053 2974.59999999999990905053 2960.30000000000018189894 2944.00000000000000000000 2926.19999999999981810106 2912.59999999999990905053 2894.69999999999981810106 2871.90000000000009094947 2844.50000000000000000000 2814.80000000000018189894 2799.40000000000009094947 2789.69999999999981810106 2776.90000000000009094947 2753.19999999999981810106 2722.90000000000009094947 2698.90000000000009094947 2681.69999999999981810106 2673.90000000000009094947 2654.80000000000018189894 2650.00000000000000000000 2650.80000000000018189894
2854.59999999999990905053 2874.19999999999981810106 2888.09999999999990905053 2901.30000000000018189894 2912.00000000000000000000 2922.40000000000009094947 2935.90000000000009094947 2979.59999999999990905053 3013.09999999999990905053 3026.40000000000009094947 3043.19999999999981810106 3050.69999999999981810106 3058.30000000000018189894 3062.59999999999990905053 3036.59999999999990905053 3007.50000000000000000000 2988.59999999999990905053 2971.19999999999981810106 2958.50000000000000000000 2941.50000000000000000000 2907.90000000000009094947 2893.09999999999990905053 2866.09999999999990905053 2849.09999999999990905053 2831.50000000000000000000 2803.69999999999981810106 2785.40000000000009094947 2780.00000000000000000000 2729.69999999999981810106 2701.40000000000009094947 2687.50000000000000000000 2671.00000000000000000000 2659.09999999999990905053 2643.40000000000009094947 2636.90000000000009094947 2618.40000000000009094947 2617.90000000000009094947
2854.59999999999990905053 2875.90000000000009094947 2890.50000000000000000000 2899.80000000000018189894 2909.40000000000009094947 2926.59999999999990905053 2935.69999999999981810106 2976.50000000000000000000 3009.69999999999981810106 3019.30000000000018189894 3044.30000000000018189894 3063.69999999999981810106 3074.69999999999981810106 3063.90000000000009094947 3039.40000000000009094947 3020.80000000000018189894 3002.19999999999981810106 2966.80000000000018189894 2950.19999999999981810106 2934.09999999999990905053 2912.80000000000018189894 2890.80000000000018189894 2854.90000000000009094947 2812.30000000000018189894 2801.69999999999981810106 2795.59999999999990905053 2756.50000000000000000000 2727.19999999999981810106 2704.59999999999990905053 2679.90000000000009094947 2671.19999999999981810106 2653.30000000000018189894 2639.80000000000018189894 2627.69999999999981810106 2617.09999999999990905053 2611.40000000000009094947 2608.50000000000000000000
