data/rhone/surface-2000.grid
NCOLS	167
NROWS	405
XLLCORNER	671250
YLLCORNER	157400
CELLSIZE	25
NODATA_value	-9999
[rows 48 to 63 of 405, columns 0 to 36 of 167]
3090.50000000000000000000 3085.09999999999990905053 3080.09999999999990905053 3067.80000000000018189894 3056.80000000000018189894 3046.80000000000018189894 3037.90000000000009094947 3031.30000000000018189894 3025.00000000000000000000 3019.09999999999990905053 3013.00000000000000000000 3007.69999999999981810106 3003.19999999999981810106 2998.80000000000018189894 2994.80000000000018189894 2990.69999999999981810106 2989.59999999999990905053 2989.09999999999990905053 2988.50000000000000000000 2988.00000000000000000000 2987.50000000000000000000 2987.00000000000000000000 2986.50000000000000000000 2985.90000000000009094947 2985.40000000000009094947 2984.90000000000009094947 2984.40000000000009094947 2984.00000000000000000000 2984.19999999999981810106 2984.50000000000000000000 2984.80000000000018189894 2985.09999999999990905053 2985.40000000000009094947 2985.80000000000018189894 2985.40000000000009094947 2985.19999999999981810106 2985.59999999999990905053
3091.00000000000000000000 3086.50000000000000000000 3082.00000000000000000000 3072.40000000000009094947 3058.90000000000009094947 3048.80000000000018189894 3039.19999999999981810106 3032.90000000000009094947 3026.59999999999990905053 3020.30000000000018189894 3015.40000000000009094947 3010.90000000000009094947 3006.30000000000018189894 3001.80000000000018189894 2997.40000000000009094947 2993.40000000000009094947 2990.00000000000000000000 2989.50000000000000000000 2988.90000000000009094947 2988.40000000000009094947 2987.90000000000009094947 2987.40000000000009094947 2986.80000000000018189894 2986.30000000000018189894 2985.69999999999981810106 2985.19999999999981810106 2984.69999999999981810106 2984.59999999999990905053 2984.90000000000009094947 2985.19999999999981810106 2985.50000000000000000000 2985.80000000000018189894 2986.09999999999990905053 2986.50000000000000000000 2986.30000000000018189894 2986.09999999999990905053 2986.59999999999990905053
3091.19999999999981810106 3086.90000000000009094947 3082.50000000000000000000 3074.80000000000018189894 3063.00000000000000000000 3052.50000000000000000000 3042.50000000000000000000 3035.30000000000018189894 3029.00000000000000000000 3023.90000000000009094947 3018.40000000000009094947 3013.90000000000009094947 3009.09999999999990905053 3004.30000000000018189894 2999.59999999999990905053 2995.80000000000018189894 2992.00000000000000000000 2989.80000000000018189894 2989.30000000000018189894 2988.59999999999990905053 2988.00000000000000000000 2987.50000000000000000000 2986.90000000000009094947 2986.40000000000009094947 2985.80000000000018189894 2985.30000000000018189894 2985.09999999999990905053 2985.00000000000000000000 2985.50000000000000000000 2985.90000000000009094947 2986.19999999999981810106 2986.50000000000000000000 2986.69999999999981810106 2987.09999999999990905053 2987.30000000000018189894 2987.09999999999990905053 2987.59999999999990905053
3090.40000000000009094947 3086.00000000000000000000 3082.09999999999990905053 3076.59999999999990905053 3063.40000000000009094947 3054.19999999999981810106 3046.30000000000018189894 3037.59999999999990905053 3032.19999999999981810106 3026.00000000000000000000 3019.69999999999981810106 3014.90000000000009094947 3010.40000000000009094947 3005.80000000000018189894 3001.00000000000000000000 2996.59999999999990905053 2993.59999999999990905053 2991.40000000000009094947 2989.69999999999981810106 2988.80000000000018189894 2988.09999999999990905053 2987.59999999999990905053 2987.00000000000000000000 2986.50000000000000000000 2986.00000000000000000000 2985.80000000000018189894 2985.59999999999990905053 2985.50000000000000000000 2985.90000000000009094947 2986.50000000000000000000 2986.80000000000018189894 2987.09999999999990905053 2987.40000000000009094947 2987.80000000000018189894 2988.19999999999981810106 2988.00000000000000000000 2988.59999999999990905053
3088.00000000000000000000 3085.30000000000018189894 3082.00000000000000000000 3075.69999999999981810106 3063.40000000000009094947 3054.19999999999981810106 3046.30000000000018189894 3038.80000000000018189894 3032.40000000000009094947 3026.00000000000000000000 3019.69999999999981810106 3014.69999999999981810106 3009.69999999999981810106 3005.30000000000018189894 3000.90000000000009094947 2997.80000000000018189894 2995.09999999999990905053 2992.40000000000009094947 2989.90000000000009094947 2989.19999999999981810106 2988.30000000000018189894 2987.69999999999981810106 2987.09999999999990905053 2986.59999999999990905053 2986.40000000000009094947 2986.30000000000018189894 2986.19999999999981810106 2986.09999999999990905053 2986.30000000000018189894 2986.90000000000009094947 2987.40000000000009094947 2987.80000000000018189894 2988.09999999999990905053 2988.40000000000009094947 2988.90000000000009094947 2989.00000000000000000000 2989.50000000000000000000
3084.00000000000000000000 3082.00000000000000000000 3078.19999999999981810106 3072.69999999999981810106 3062.59999999999990905053 3053.69999999999981810106 3045.19999999999981810106 3038.00000000000000000000 3032.40000000000009094947 3026.00000000000000000000 3019.69999999999981810106 3014.69999999999981810106 3009.69999999999981810106 3004.69999999999981810106 3000.19999999999981810106 2997.40000000000009094947 2994.69999999999981810106 2992.09999999999990905053 2989.90000000000009094947 2989.19999999999981810106 2988.59999999999990905053 2987.80000000000018189894 2987.30000000000018189894 2987.09999999999990905053 2987.00000000000000000000 2986.90000000000009094947 2986.69999999999981810106 2986.59999999999990905053 2986.80000000000018189894 2987.30000000000018189894 2987.80000000000018189894 2988.40000000000009094947 2988.80000000000018189894 2989.09999999999990905053 2989.50000000000000000000 2989.90000000000009094947 2991.40000000000009094947
3080.09999999999990905053 3077.19999999999981810106 3072.40000000000009094947 3068.00000000000000000000 3059.30000000000018189894 3051.40000000000009094947 3043.59999999999990905053 3036.90000000000009094947 3031.30000000000018189894 3025.90000000000009094947 3019.69999999999981810106 3014.69999999999981810106 3009.69999999999981810106 3004.30000000000018189894 2999.50000000000000000000 2997.09999999999990905053 2994.40000000000009094947 2991.80000000000018189894 2989.80000000000018189894 2989.19999999999981810106 2988.59999999999990905053 2987.90000000000009094947 2987.69999999999981810106 2987.59999999999990905053 2987.50000000000000000000 2987.40000000000009094947 2987.30000000000018189894 2987.09999999999990905053 2987.19999999999981810106 2987.69999999999981810106 2988.19999999999981810106 2988.69999999999981810106 2989.30000000000018189894 2989.80000000000018189894 2991.00000000000000000000 2992.90000000000009094947 2994.40000000000009094947
3077.59999999999990905053 3073.00000000000000000000 3068.30000000000018189894 3063.00000000000000000000 3057.30000000000018189894 3051.09999999999990905053 3045.09999999999990905053 3038.90000000000009094947 3033.00000000000000000000 3027.09999999999990905053 3020.09999999999990905053 3014.80000000000018189894 3009.30000000000018189894 3003.80000000000018189894 2999.19999999999981810106 2996.59999999999990905053 2994.00000000000000000000 2991.40000000000009094947 2989.80000000000018189894 2989.19999999999981810106 2988.59999999999990905053 2988.30000000000018189894 2988.09999999999990905053 2988.09999999999990905053 2988.00000000000000000000 2987.90000000000009094947 2987.80000000000018189894 2987.69999999999981810106 2987.59999999999990905053 2988.09999999999990905053 2988.59999999999990905053 2989.09999999999990905053 2989.69999999999981810106 2991.59999999999990905053 2994.09999999999990905053 2996.19999999999981810106 2997.40000000000009094947
3079.19999999999981810106 3075.90000000000009094947 3070.90000000000009094947 3065.50000000000000000000 3061.30000000000018189894 3055.80000000000018189894 3050.90000000000009094947 3043.19999999999981810106 3036.50000000000000000000 3030.90000000000009094947 3022.80000000000018189894 3016.00000000000000000000 3010.30000000000018189894 3004.59999999999990905053 2999.59999999999990905053 2997.19999999999981810106 2994.69999999999981810106 2991.69999999999981810106 2989.69999999999981810106 2989.19999999999981810106 2989.00000000000000000000 2988.69999999999981810106 2988.50000000000000000000 2988.50000000000000000000 2988.40000000000009094947 2988.30000000000018189894 2988.30000000000018189894 2988.19999999999981810106 2988.09999999999990905053 2988.59999999999990905053 2989.09999999999990905053 2989.59999999999990905053 2990.59999999999990905053 2993.59999999999990905053 2996.40000000000009094947 2999.40000000000009094947 3000.90000000000009094947
3087.69999999999981810106 3078.59999999999990905053 3074.19999999999981810106 3071.19999999999981810106 3066.00000000000000000000 3062.30000000000018189894 3056.30000000000018189894 3051.40000000000009094947 3044.50000000000000000000 3035.80000000000018189894 3026.30000000000018189894 3017.90000000000009094947 3012.50000000000000000000 3007.00000000000000000000 3001.40000000000009094947 2997.80000000000018189894 2994.90000000000009094947 2991.90000000000009094947 2989.90000000000009094947 2989.59999999999990905053 2989.40000000000009094947 2989.09999999999990905053 2988.90000000000009094947 2988.80000000000018189894 2988.80000000000018189894 2988.69999999999981810106 2988.69999999999981810106 2988.59999999999990905053 2988.59999999999990905053 2988.90000000000009094947 2989.50000000000000000000 2990.00000000000000000000 2993.90000000000009094947 2997.19999999999981810106 3000.00000000000000000000 3002.80000000000018189894 3005.30000000000018189894
3101.50000000000000000000 3089.50000000000000000000 3080.40000000000009094947 3076.50000000000000000000 3074.19999999999981810106 3071.19999999999981810106 3066.00000000000000000000 3061.19999999999981810106 3054.59999999999990905053 3044.59999999999990905053 3033.69999999999981810106 3022.40000000000009094947 3015.90000000000009094947 3011.50000000000000000000 3007.50000000000000000000 3000.00000000000000000000 2997.40000000000009094947 2994.69999999999981810106 2991.80000000000018189894 2990.00000000000000000000 2989.69999999999981810106 2989.50000000000000000000 2989.30000000000018189894 2989.19999999999981810106 2989.19999999999981810106 2989.09999999999990905053 2989.09999999999990905053 2989.00000000000000000000 2989.00000000000000000000 2989.40000000000009094947 2989.80000000000018189894 2992.69999999999981810106 2997.00000000000000000000 3000.80000000000018189894 3003.59999999999990905053 3006.40000000000009094947 3009.19999999999981810106
3113.00000000000000000000 3104.90000000000009094947 3099.90000000000009094947 3090.59999999999990905053 3085.69999999999981810106 3080.50000000000000000000 3075.90000000000009094947 3071.40000000000009094947 3064.40000000000009094947 3056.09999999999990905053 3045.50000000000000000000 3032.80000000000018189894 3023.40000000000009094947 3018.09999999999990905053 3013.09999999999990905053 3006.90000000000009094947 3000.69999999999981810106 2997.69999999999981810106 2995.19999999999981810106 2993.09999999999990905053 2991.09999999999990905053 2989.90000000000009094947 2989.69999999999981810106 2989.59999999999990905053 2989.59999999999990905053 2989.50000000000000000000 2989.50000000000000000000 2989.40000000000009094947 2989.50000000000000000000 2989.80000000000018189894 2992.09999999999990905053 2996.09999999999990905053 3000.40000000000009094947 3004.09999999999990905053 3007.19999999999981810106 3010.09999999999990905053 3012.90000000000009094947
3123.50000000000000000000 3115.90000000000009094947 3110.30000000000018189894 3104.69999999999981810106 3099.09999999999990905053 3093.09999999999990905053 3087.50000000000000000000 3081.40000000000009094947 3073.50000000000000000000 3066.00000000000000000000 3058.30000000000018189894 3045.09999999999990905053 3034.90000000000009094947 3027.90000000000009094947 3019.69999999999981810106 3013.50000000000000000000 3007.90000000000009094947 3002.50000000000000000000 2998.69999999999981810106 2996.80000000000018189894 2994.80000000000018189894 2992.69999999999981810106 2991.19999999999981810106 2990.00000000000000000000 2989.90000000000009094947 2989.90000000000009094947 2989.90000000000009094947 2989.90000000000009094947 2990.09999999999990905053 2993.00000000000000000000 2996.19999999999981810106 2999.90000000000009094947 3004.19999999999981810106 3007.69999999999981810106 3010.90000000000009094947 3013.69999999999981810106 3016.50000000000000000000
3130.00000000000000000000 3124.69999999999981810106 3120.80000000000018189894 3115.59999999999990905053 3109.69999999999981810106 3104.09999999999990905053 3098.90000000000009094947 3091.59999999999990905053 3082.90000000000009094947 3075.59999999999990905053 3068.80000000000018189894 3058.80000000000018189894 3047.50000000000000000000 3037.40000000000009094947 3028.69999999999981810106 3019.90000000000009094947 3015.40000000000009094947 3009.80000000000018189894 3004.90000000000009094947 3001.00000000000000000000 2999.00000000000000000000 2997.59999999999990905053 2996.19999999999981810106 2995.00000000000000000000 2994.19999999999981810106 2993.80000000000018189894 2993.69999999999981810106 2995.40000000000009094947 2997.50000000000000000000 3000.00000000000000000000 3002.50000000000000000000 3005.40000000000009094947 3008.30000000000018189894 3012.40000000000009094947 3014.40000000000009094947 3017.40000000000009094947 3020.19999999999981810106
3136.50000000000000000000 3132.09999999999990905053 3128.09999999999990905053 3124.00000000000000000000 3119.19999999999981810106 3113.19999999999981810106 3106.90000000000009094947 3101.09999999999990905053 3091.19999999999981810106 3085.50000000000000000000 3080.00000000000000000000 3069.00000000000000000000 3058.00000000000000000000 3047.30000000000018189894 3036.90000000000009094947 3028.40000000000009094947 3022.90000000000009094947 3017.00000000000000000000 3013.00000000000000000000 3009.90000000000009094947 3007.90000000000009094947 3005.19999999999981810106 3003.00000000000000000000 3000.69999999999981810106 2999.40000000000009094947 2999.09999999999990905053 2999.59999999999990905053 3002.19999999999981810106 3004.69999999999981810106 3007.09999999999990905053 3009.69999999999981810106 3011.40000000000009094947 3014.09999999999990905053 3016.40000000000009094947 3019.09999999999990905053 3021.19999999999981810106 3024.69999999999981810106
3143.19999999999981810106 3139.09999999999990905053 3135.00000000000000000000 3130.90000000000009094947 3125.80000000000018189894 3120.09999999999990905053 3113.90000000000009094947 3106.59999999999990905053 3099.50000000000000000000 3091.80000000000018189894 3086.00000000000000000000 3077.50000000000000000000 3066.00000000000000000000 3054.80000000000018189894 3045.59999999999990905053 3037.19999999999981810106 3031.30000000000018189894 3026.40000000000009094947 3022.00000000000000000000 3019.09999999999990905053 3017.40000000000009094947 3015.19999999999981810106 3012.40000000000009094947 3009.50000000000000000000 3007.90000000000009094947 3007.50000000000000000000 3008.09999999999990905053 3009.50000000000000000000 3012.09999999999990905053 3013.50000000000000000000 3016.59999999999990905053 3018.90000000000009094947 3020.00000000000000000000 3022.40000000000009094947 3024.40000000000009094947 3026.69999999999981810106 3028.80000000000018189894
