data/rhone/surface-1991.grid
NCOLS	167
NROWS	405
XLLCORNER	671250
YLLCORNER	157400
CELLSIZE	25
NODATA_value	-9999
[rows 176 to 191 of 405, columns 74 to 110 of 167]
2799.46999999999979991117 2800.11000000000012732926 2801.50000000000000000000 2801.82999999999992724042 2802.21000000000003637979 2802.34999999999990905053 2802.46999999999979991117 2802.80999999999994543032 2802.61999999999989086064 2802.65999999999985448085 2802.38000000000010913936 2802.63000000000010913936 2801.90000000000009094947 2800.86999999999989086064 2801.09999999999990905053 2801.50000000000000000000 2803.38999999999987267074 2804.34000000000014551915 2805.28000000000020008883 2806.40000000000009094947 2807.71999999999979991117 2810.28000000000020008883 2811.13999999999987267074 2811.34000000000014551915 2810.48000000000001818989 2810.48999999999978172127 2810.50000000000000000000 2810.90999999999985448085 2811.36000000000012732926 2811.80000000000018189894 2813.76000000000021827873 2813.53000000000020008883 2813.03999999999996362021 2813.92000000000007275958 2814.34000000000014551915 2815.82999999999992724042 2817.40000000000009094947
2796.38999999999987267074 2797.94000000000005456968 2798.61999999999989086064 2798.94000000000005456968 2798.80999999999994543032 2799.32999999999992724042 2799.48999999999978172127 2799.67000000000007275958 2799.28999999999996362021 2799.46000000000003637979 2799.61000000000012732926 2799.07999999999992724042 2798.55000000000018189894 2798.40999999999985448085 2797.92000000000007275958 2799.09999999999990905053 2801.01000000000021827873 2802.21000000000003637979 2803.01999999999998181011 2804.38999999999987267074 2806.90000000000009094947 2807.82000000000016370905 2808.65999999999985448085 2808.28000000000020008883 2808.25000000000000000000 2807.86000000000012732926 2808.34000000000014551915 2809.59000000000014551915 2810.21999999999979991117 2810.94000000000005456968 2810.76999999999998181011 2811.09000000000014551915 2811.21000000000003637979 2811.92999999999983629095 2812.67000000000007275958 2814.07000000000016370905 2818.28000000000020008883
2792.55999999999994543032 2794.42999999999983629095 2795.71999999999979991117 2796.09999999999990905053 2795.69000000000005456968 2795.78000000000020008883 2795.92999999999983629095 2796.30999999999994543032 2796.13999999999987267074 2796.90000000000009094947 2796.67999999999983629095 2796.28000000000020008883 2796.00000000000000000000 2796.01999999999998181011 2796.61999999999989086064 2797.28999999999996362021 2798.42999999999983629095 2800.05000000000018189894 2801.26000000000021827873 2802.69000000000005456968 2804.15999999999985448085 2805.63999999999987267074 2805.94999999999981810106 2805.88999999999987267074 2805.94999999999981810106 2805.71000000000003637979 2806.07999999999992724042 2807.80999999999994543032 2808.55999999999994543032 2809.13000000000010913936 2809.59999999999990905053 2808.96000000000003637979 2809.46999999999979991117 2810.30999999999994543032 2810.90999999999985448085 2813.63999999999987267074 2818.59000000000014551915
2790.94000000000005456968 2792.80000000000018189894 2792.73000000000001818989 2792.92000000000007275958 2793.19999999999981810106 2793.00000000000000000000 2792.73000000000001818989 2791.61000000000012732926 2792.80000000000018189894 2793.78999999999996362021 2793.80000000000018189894 2793.36000000000012732926 2793.42000000000007275958 2793.82000000000016370905 2794.53000000000020008883 2795.11000000000012732926 2796.59000000000014551915 2798.42999999999983629095 2799.69000000000005456968 2801.34000000000014551915 2802.15999999999985448085 2802.98000000000001818989 2803.32999999999992724042 2803.46999999999979991117 2803.69000000000005456968 2803.90000000000009094947 2804.71000000000003637979 2805.55000000000018189894 2806.88999999999987267074 2806.71999999999979991117 2806.19000000000005456968 2806.71999999999979991117 2807.53000000000020008883 2808.57000000000016370905 2810.48999999999978172127 2814.65000000000009094947 2819.67000000000007275958
2787.96000000000003637979 2789.84999999999990905053 2789.90999999999985448085 2789.94000000000005456968 2790.07999999999992724042 2790.09999999999990905053 2789.73999999999978172127 2789.30000000000018189894 2789.94000000000005456968 2790.78999999999996362021 2790.88999999999987267074 2790.40999999999985448085 2790.88000000000010913936 2791.40000000000009094947 2792.13999999999987267074 2793.13000000000010913936 2794.78999999999996362021 2796.61999999999989086064 2797.88000000000010913936 2799.90000000000009094947 2800.55999999999994543032 2800.65999999999985448085 2801.01000000000021827873 2800.86999999999989086064 2801.73000000000001818989 2802.46999999999979991117 2803.11000000000012732926 2804.28999999999996362021 2805.46000000000003637979 2804.98999999999978172127 2805.19000000000005456968 2805.78000000000020008883 2806.90000000000009094947 2807.51000000000021827873 2810.92000000000007275958 2816.55999999999994543032 2820.21000000000003637979
2785.82000000000016370905 2787.07999999999992724042 2787.01999999999998181011 2787.11999999999989086064 2787.17999999999983629095 2787.15000000000009094947 2787.63000000000010913936 2787.19999999999981810106 2787.05999999999994543032 2786.61000000000012732926 2787.96999999999979991117 2787.57999999999992724042 2788.32999999999992724042 2788.98999999999978172127 2790.09999999999990905053 2791.21000000000003637979 2793.03000000000020008883 2794.73000000000001818989 2796.65000000000009094947 2798.78999999999996362021 2798.76999999999998181011 2798.32999999999992724042 2798.53999999999996362021 2798.46000000000003637979 2799.78999999999996362021 2800.76999999999998181011 2801.73000000000001818989 2803.30999999999994543032 2804.05999999999994543032 2803.84999999999990905053 2804.42000000000007275958 2804.96000000000003637979 2804.96000000000003637979 2807.69999999999981810106 2811.25000000000000000000 2816.19000000000005456968 2821.38000000000010913936
2783.13999999999987267074 2783.98999999999978172127 2784.42000000000007275958 2784.53999999999996362021 2784.28000000000020008883 2784.23999999999978172127 2785.23000000000001818989 2785.01000000000021827873 2784.53000000000020008883 2784.05000000000018189894 2783.88000000000010913936 2784.36999999999989086064 2784.73000000000001818989 2786.63999999999987267074 2788.05999999999994543032 2789.84000000000014551915 2791.73999999999978172127 2793.15999999999985448085 2794.73000000000001818989 2795.90999999999985448085 2796.44000000000005456968 2796.59000000000014551915 2796.90000000000009094947 2797.34000000000014551915 2798.53999999999996362021 2799.55999999999994543032 2800.51999999999998181011 2802.40999999999985448085 2802.71000000000003637979 2802.71999999999979991117 2803.88000000000010913936 2804.21000000000003637979 2805.80999999999994543032 2808.44000000000005456968 2811.90000000000009094947 2816.96000000000003637979 2823.28000000000020008883
2780.42999999999983629095 2781.51000000000021827873 2781.96000000000003637979 2781.42000000000007275958 2781.09000000000014551915 2781.26000000000021827873 2782.34999999999990905053 2782.36999999999989086064 2781.98000000000001818989 2781.55999999999994543032 2781.65000000000009094947 2782.17999999999983629095 2782.69999999999981810106 2784.76000000000021827873 2786.90999999999985448085 2788.71000000000003637979 2790.36000000000012732926 2791.92999999999983629095 2793.23999999999978172127 2794.05999999999994543032 2794.17000000000007275958 2794.63999999999987267074 2795.44999999999981810106 2796.32000000000016370905 2797.75000000000000000000 2798.90000000000009094947 2799.84000000000014551915 2801.13999999999987267074 2801.71000000000003637979 2803.00000000000000000000 2805.05000000000018189894 2805.28000000000020008883 2807.84000000000014551915 2810.88999999999987267074 2815.59000000000014551915 2820.53999999999996362021 2826.61000000000012732926
2777.17999999999983629095 2778.28000000000020008883 2778.32000000000016370905 2778.11999999999989086064 2778.19999999999981810106 2778.19000000000005456968 2779.69000000000005456968 2779.46999999999979991117 2779.19999999999981810106 2778.96999999999979991117 2779.84999999999990905053 2780.26000000000021827873 2780.67000000000007275958 2782.90000000000009094947 2785.38999999999987267074 2787.23999999999978172127 2788.92000000000007275958 2790.40999999999985448085 2791.61000000000012732926 2792.01999999999998181011 2792.17000000000007275958 2792.78000000000020008883 2794.05999999999994543032 2795.05000000000018189894 2796.69999999999981810106 2797.84999999999990905053 2799.19999999999981810106 2800.98999999999978172127 2802.76000000000021827873 2804.67000000000007275958 2806.19999999999981810106 2807.28999999999996362021 2810.51999999999998181011 2814.17000000000007275958 2816.63000000000010913936 2820.03000000000020008883 2828.09000000000014551915
2774.30999999999994543032 2775.23999999999978172127 2775.38999999999987267074 2775.78000000000020008883 2775.67000000000007275958 2776.23999999999978172127 2776.67000000000007275958 2776.63000000000010913936 2776.67999999999983629095 2776.53000000000020008883 2777.17999999999983629095 2778.21999999999979991117 2779.82000000000016370905 2782.30000000000018189894 2784.63000000000010913936 2786.50000000000000000000 2787.61000000000012732926 2788.67999999999983629095 2789.32999999999992724042 2790.03999999999996362021 2790.55999999999994543032 2791.44999999999981810106 2792.67000000000007275958 2794.09999999999990905053 2795.32999999999992724042 2797.00000000000000000000 2798.61000000000012732926 2801.34000000000014551915 2804.26999999999998181011 2807.03000000000020008883 2808.59999999999990905053 2811.51000000000021827873 2813.42000000000007275958 2816.51999999999998181011 2819.88000000000010913936 2823.40999999999985448085 2828.28999999999996362021
2772.51000000000021827873 2772.98000000000001818989 2773.21000000000003637979 2773.40000000000009094947 2774.05999999999994543032 2775.01999999999998181011 2774.78999999999996362021 2774.36999999999989086064 2774.78999999999996362021 2774.94999999999981810106 2775.90000000000009094947 2776.78999999999996362021 2779.17999999999983629095 2781.90000000000009094947 2783.48999999999978172127 2785.78999999999996362021 2786.23000000000001818989 2787.15999999999985448085 2788.09000000000014551915 2788.23999999999978172127 2789.01999999999998181011 2790.44000000000005456968 2792.15000000000009094947 2793.46999999999979991117 2793.82000000000016370905 2796.05000000000018189894 2797.76999999999998181011 2801.69999999999981810106 2804.96999999999979991117 2808.42999999999983629095 2811.44000000000005456968 2813.50000000000000000000 2815.51000000000021827873 2818.15999999999985448085 2821.71999999999979991117 2826.11999999999989086064 2832.59999999999990905053
2770.32000000000016370905 2770.90999999999985448085 2771.50000000000000000000 2771.75000000000000000000 2772.19000000000005456968 2772.57000000000016370905 2772.80999999999994543032 2772.51000000000021827873 2772.96000000000003637979 2773.46999999999979991117 2774.92000000000007275958 2776.15000000000009094947 2778.63000000000010913936 2780.98000000000001818989 2782.92000000000007275958 2784.17000000000007275958 2784.88999999999987267074 2785.63999999999987267074 2786.15999999999985448085 2786.40999999999985448085 2787.51000000000021827873 2789.28000000000020008883 2791.05999999999994543032 2791.98000000000001818989 2792.46999999999979991117 2794.94999999999981810106 2797.51999999999998181011 2801.96999999999979991117 2805.44999999999981810106 2808.46999999999979991117 2811.73999999999978172127 2814.86000000000012732926 2816.86999999999989086064 2820.57999999999992724042 2824.69000000000005456968 2828.65000000000009094947 2837.21000000000003637979
2768.90000000000009094947 2768.84000000000014551915 2769.67999999999983629095 2770.05000000000018189894 2770.25000000000000000000 2769.94000000000005456968 2770.53999999999996362021 2771.11999999999989086064 2771.69999999999981810106 2772.48000000000001818989 2773.88999999999987267074 2776.34000000000014551915 2778.23999999999978172127 2779.65999999999985448085 2781.07999999999992724042 2782.28999999999996362021 2782.82999999999992724042 2783.63999999999987267074 2784.46999999999979991117 2785.17000000000007275958 2787.15999999999985448085 2788.25000000000000000000 2789.42000000000007275958 2791.26000000000021827873 2792.76000000000021827873 2795.26000000000021827873 2798.90000000000009094947 2802.53999999999996362021 2805.13000000000010913936 2808.21000000000003637979 2809.92999999999983629095 2814.13999999999987267074 2818.05999999999994543032 2821.71999999999979991117 2826.94000000000005456968 2835.30999999999994543032 2841.71999999999979991117
2768.15000000000009094947 2768.21000000000003637979 2768.67999999999983629095 2768.53000000000020008883 2768.34999999999990905053 2768.40000000000009094947 2768.40000000000009094947 2769.48000000000001818989 2770.38000000000010913936 2771.63000000000010913936 2773.23999999999978172127 2775.34000000000014551915 2776.84000000000014551915 2778.32999999999992724042 2779.61999999999989086064 2780.57000000000016370905 2781.23000000000001818989 2782.11999999999989086064 2783.55999999999994543032 2785.19000000000005456968 2786.36999999999989086064 2787.15000000000009094947 2788.46999999999979991117 2790.67000000000007275958 2792.73999999999978172127 2795.88999999999987267074 2799.38000000000010913936 2801.46999999999979991117 2803.53999999999996362021 2806.57000000000016370905 2808.42000000000007275958 2814.63999999999987267074 2820.65000000000009094947 2824.03999999999996362021 2830.07999999999992724042 2837.78999999999996362021 2845.40000000000009094947
2767.13000000000010913936 2767.15999999999985448085 2767.84000000000014551915 2767.13000000000010913936 2766.07000000000016370905 2767.11000000000012732926 2766.94000000000005456968 2767.03000000000020008883 2768.82000000000016370905 2770.71999999999979991117 2772.38999999999987267074 2774.32999999999992724042 2775.76999999999998181011 2776.92999999999983629095 2778.15000000000009094947 2779.13999999999987267074 2779.61999999999989086064 2780.55000000000018189894 2782.07999999999992724042 2783.34999999999990905053 2784.38999999999987267074 2785.40000000000009094947 2787.23999999999978172127 2790.19000000000005456968 2793.32999999999992724042 2794.82000000000016370905 2797.59000000000014551915 2797.94000000000005456968 2801.01999999999998181011 2803.63999999999987267074 2809.44000000000005456968 2815.67000000000007275958 2823.51999999999998181011 2831.36999999999989086064 2838.46000000000003637979 2842.86999999999989086064 2850.80999999999994543032
2762.88999999999987267074 2764.25000000000000000000 2766.01999999999998181011 2765.76000000000021827873 2764.96999999999979991117 2765.61000000000012732926 2765.88000000000010913936 2766.36000000000012732926 2768.13000000000010913936 2770.11999999999989086064 2771.40000000000009094947 2773.30000000000018189894 2774.73000000000001818989 2775.23999999999978172127 2776.01000000000021827873 2776.92999999999983629095 2777.51000000000021827873 2778.61999999999989086064 2780.48000000000001818989 2781.75000000000000000000 2782.46000000000003637979 2784.32000000000016370905 2786.19999999999981810106 2789.28999999999996362021 2793.09000000000014551915 2793.46999999999979991117 2795.00000000000000000000 2795.94999999999981810106 2800.07999999999992724042 2806.53000000000020008883 2814.34999999999990905053 2823.38000000000010913936 2830.92999999999983629095 2838.19000000000005456968 2846.09999999999990905053 2851.21999999999979991117 2856.38000000000010913936
