data/rhone/surface-1874.grid
NCOLS	167
NROWS	405
XLLCORNER	671250
YLLCORNER	157400
CELLSIZE	25
NODATA_value	-9999
[rows 80 to 95 of 405, columns 0 to 36 of 167]
3308.09999999999990905053 3297.59999999999990905053 3290.09999999999990905053 3279.50000000000000000000 3271.80000000000018189894 3264.09999999999990905053 3256.69999999999981810106 3247.90000000000009094947 3238.00000000000000000000 3225.59999999999990905053 3217.19999999999981810106 3211.19999999999981810106 3205.19999999999981810106 3199.50000000000000000000 3194.59999999999990905053 3190.40000000000009094947 3186.09999999999990905053 3180.19999999999981810106 3175.09999999999990905053 3172.80000000000018189894 3170.69999999999981810106 3168.00000000000000000000 3161.50000000000000000000 3156.50000000000000000000 3152.19999999999981810106 3148.00000000000000000000 3142.80000000000018189894 3137.80000000000018189894 3132.90000000000009094947 3128.90000000000009094947 3127.00000000000000000000 3125.50000000000000000000 3122.59999999999990905053 3119.69999999999981810106 3117.50000000000000000000 3115.19999999999981810106 3112.59999999999990905053
3330.69999999999981810106 3319.80000000000018189894 3305.40000000000009094947 3291.59999999999990905053 3278.59999999999990905053 3271.40000000000009094947 3264.30000000000018189894 3256.19999999999981810106 3245.80000000000018189894 3233.59999999999990905053 3226.19999999999981810106 3220.30000000000018189894 3214.80000000000018189894 3209.30000000000018189894 3203.59999999999990905053 3198.40000000000009094947 3194.19999999999981810106 3188.90000000000009094947 3183.80000000000018189894 3181.59999999999990905053 3179.59999999999990905053 3177.59999999999990905053 3172.09999999999990905053 3165.90000000000009094947 3160.69999999999981810106 3156.09999999999990905053 3152.80000000000018189894 3147.80000000000018189894 3142.80000000000018189894 3138.19999999999981810106 3136.90000000000009094947 3136.50000000000000000000 3133.69999999999981810106 3130.80000000000018189894 3127.80000000000018189894 3124.40000000000009094947 3120.80000000000018189894
3353.40000000000009094947 3341.09999999999990905053 3327.09999999999990905053 3308.30000000000018189894 3292.00000000000000000000 3278.59999999999990905053 3271.19999999999981810106 3263.90000000000009094947 3254.50000000000000000000 3243.09999999999990905053 3235.90000000000009094947 3230.00000000000000000000 3225.09999999999990905053 3220.30000000000018189894 3214.59999999999990905053 3208.80000000000018189894 3203.00000000000000000000 3197.69999999999981810106 3193.50000000000000000000 3190.80000000000018189894 3188.69999999999981810106 3186.50000000000000000000 3183.19999999999981810106 3177.50000000000000000000 3171.00000000000000000000 3165.69999999999981810106 3162.19999999999981810106 3156.50000000000000000000 3151.19999999999981810106 3146.59999999999990905053 3144.40000000000009094947 3146.19999999999981810106 3143.90000000000009094947 3141.59999999999990905053 3138.90000000000009094947 3135.80000000000018189894 3132.19999999999981810106
3362.19999999999981810106 3360.59999999999990905053 3345.69999999999981810106 3324.59999999999990905053 3302.00000000000000000000 3287.50000000000000000000 3277.30000000000018189894 3269.40000000000009094947 3262.50000000000000000000 3255.59999999999990905053 3247.19999999999981810106 3239.50000000000000000000 3234.40000000000009094947 3229.00000000000000000000 3223.30000000000018189894 3217.69999999999981810106 3212.00000000000000000000 3207.30000000000018189894 3203.19999999999981810106 3200.00000000000000000000 3197.90000000000009094947 3194.50000000000000000000 3191.00000000000000000000 3185.30000000000018189894 3179.69999999999981810106 3175.40000000000009094947 3171.80000000000018189894 3167.80000000000018189894 3161.90000000000009094947 3158.00000000000000000000 3154.50000000000000000000 3155.40000000000009094947 3152.90000000000009094947 3150.00000000000000000000 3147.59999999999990905053 3145.19999999999981810106 3141.59999999999990905053
3358.40000000000009094947 3364.50000000000000000000 3356.59999999999990905053 3334.09999999999990905053 3313.00000000000000000000 3294.50000000000000000000 3281.50000000000000000000 3273.80000000000018189894 3268.09999999999990905053 3262.00000000000000000000 3254.50000000000000000000 3247.69999999999981810106 3243.09999999999990905053 3237.59999999999990905053 3231.69999999999981810106 3226.19999999999981810106 3220.80000000000018189894 3215.80000000000018189894 3211.00000000000000000000 3208.19999999999981810106 3205.00000000000000000000 3202.09999999999990905053 3198.19999999999981810106 3193.09999999999990905053 3188.80000000000018189894 3186.09999999999990905053 3183.40000000000009094947 3180.69999999999981810106 3176.80000000000018189894 3170.50000000000000000000 3165.09999999999990905053 3165.09999999999990905053 3161.40000000000009094947 3158.40000000000009094947 3156.00000000000000000000 3153.69999999999981810106 3150.30000000000018189894
3352.09999999999990905053 3362.19999999999981810106 3362.69999999999981810106 3344.00000000000000000000 3322.50000000000000000000 3303.30000000000018189894 3290.40000000000009094947 3278.90000000000009094947 3273.09999999999990905053 3267.69999999999981810106 3262.80000000000018189894 3256.40000000000009094947 3251.09999999999990905053 3245.50000000000000000000 3240.40000000000009094947 3234.90000000000009094947 3229.69999999999981810106 3224.09999999999990905053 3218.69999999999981810106 3214.90000000000009094947 3211.90000000000009094947 3209.40000000000009094947 3206.40000000000009094947 3202.40000000000009094947 3198.40000000000009094947 3195.59999999999990905053 3192.09999999999990905053 3186.30000000000018189894 3181.90000000000009094947 3180.69999999999981810106 3179.40000000000009094947 3175.40000000000009094947 3171.30000000000018189894 3169.40000000000009094947 3166.19999999999981810106 3163.00000000000000000000 3159.09999999999990905053
3342.30000000000018189894 3353.59999999999990905053 3366.30000000000018189894 3356.59999999999990905053 3331.09999999999990905053 3315.09999999999990905053 3303.19999999999981810106 3290.40000000000009094947 3279.19999999999981810106 3275.09999999999990905053 3270.50000000000000000000 3264.59999999999990905053 3259.00000000000000000000 3254.09999999999990905053 3249.09999999999990905053 3243.69999999999981810106 3238.59999999999990905053 3233.19999999999981810106 3227.80000000000018189894 3222.59999999999990905053 3219.30000000000018189894 3216.80000000000018189894 3215.50000000000000000000 3214.00000000000000000000 3209.40000000000009094947 3204.19999999999981810106 3199.19999999999981810106 3195.50000000000000000000 3192.00000000000000000000 3190.90000000000009094947 3189.40000000000009094947 3186.09999999999990905053 3181.69999999999981810106 3180.69999999999981810106 3177.09999999999990905053 3173.19999999999981810106 3169.09999999999990905053
3328.40000000000009094947 3342.50000000000000000000 3358.69999999999981810106 3365.80000000000018189894 3340.30000000000018189894 3323.40000000000009094947 3310.80000000000018189894 3300.80000000000018189894 3290.90000000000009094947 3283.80000000000018189894 3278.19999999999981810106 3272.00000000000000000000 3266.90000000000009094947 3262.40000000000009094947 3257.69999999999981810106 3251.50000000000000000000 3246.59999999999990905053 3242.19999999999981810106 3238.00000000000000000000 3233.90000000000009094947 3230.09999999999990905053 3225.30000000000018189894 3224.09999999999990905053 3222.90000000000009094947 3219.50000000000000000000 3214.19999999999981810106 3208.90000000000009094947 3205.30000000000018189894 3202.40000000000009094947 3200.59999999999990905053 3199.19999999999981810106 3197.19999999999981810106 3192.30000000000018189894 3189.90000000000009094947 3185.90000000000009094947 3182.50000000000000000000 3179.00000000000000000000
3315.50000000000000000000 3333.50000000000000000000 3350.50000000000000000000 3367.69999999999981810106 3354.80000000000018189894 3334.00000000000000000000 3320.69999999999981810106 3313.19999999999981810106 3303.50000000000000000000 3295.09999999999990905053 3287.00000000000000000000 3279.40000000000009094947 3274.40000000000009094947 3269.09999999999990905053 3264.19999999999981810106 3259.19999999999981810106 3254.50000000000000000000 3250.30000000000018189894 3247.00000000000000000000 3244.00000000000000000000 3240.90000000000009094947 3235.40000000000009094947 3232.09999999999990905053 3228.59999999999990905053 3225.59999999999990905053 3222.40000000000009094947 3218.80000000000018189894 3214.19999999999981810106 3211.40000000000009094947 3209.30000000000018189894 3208.00000000000000000000 3206.59999999999990905053 3203.00000000000000000000 3198.59999999999990905053 3194.19999999999981810106 3190.80000000000018189894 3185.50000000000000000000
3307.19999999999981810106 3323.09999999999990905053 3340.59999999999990905053 3358.19999999999981810106 3366.19999999999981810106 3343.09999999999990905053 3331.80000000000018189894 3323.19999999999981810106 3314.40000000000009094947 3304.59999999999990905053 3296.09999999999990905053 3288.30000000000018189894 3279.90000000000009094947 3275.00000000000000000000 3270.19999999999981810106 3266.09999999999990905053 3262.30000000000018189894 3258.90000000000009094947 3255.50000000000000000000 3252.09999999999990905053 3248.59999999999990905053 3242.40000000000009094947 3237.59999999999990905053 3234.50000000000000000000 3231.40000000000009094947 3228.30000000000018189894 3225.19999999999981810106 3222.80000000000018189894 3220.40000000000009094947 3218.00000000000000000000 3216.69999999999981810106 3215.30000000000018189894 3212.59999999999990905053 3208.09999999999990905053 3203.30000000000018189894 3197.69999999999981810106 3184.59000000000014551915
3296.40000000000009094947 3307.40000000000009094947 3325.50000000000000000000 3344.00000000000000000000 3363.50000000000000000000 3358.80000000000018189894 3338.69999999999981810106 3330.50000000000000000000 3323.19999999999981810106 3315.40000000000009094947 3306.80000000000018189894 3297.40000000000009094947 3289.30000000000018189894 3281.59999999999990905053 3276.90000000000009094947 3272.80000000000018189894 3268.80000000000018189894 3265.69999999999981810106 3263.30000000000018189894 3260.00000000000000000000 3257.00000000000000000000 3252.00000000000000000000 3247.00000000000000000000 3240.69999999999981810106 3237.30000000000018189894 3234.19999999999981810106 3232.30000000000018189894 3230.50000000000000000000 3228.80000000000018189894 3228.19999999999981810106 3226.59999999999990905053 3224.90000000000009094947 3222.09999999999990905053 3216.59999999999990905053 3210.09999999999990905053 3198.46000000000003637979 3186.38000000000010913936
3290.40000000000009094947 3300.40000000000009094947 3313.19999999999981810106 3327.90000000000009094947 3344.69999999999981810106 3366.40000000000009094947 3354.69999999999981810106 3339.00000000000000000000 3333.00000000000000000000 3326.19999999999981810106 3318.50000000000000000000 3307.00000000000000000000 3298.50000000000000000000 3290.50000000000000000000 3284.59999999999990905053 3279.30000000000018189894 3275.30000000000018189894 3272.69999999999981810106 3270.59999999999990905053 3267.59999999999990905053 3264.90000000000009094947 3262.19999999999981810106 3258.40000000000009094947 3252.69999999999981810106 3247.90000000000009094947 3244.90000000000009094947 3241.00000000000000000000 3239.69999999999981810106 3239.19999999999981810106 3238.80000000000018189894 3237.09999999999990905053 3235.09999999999990905053 3230.40000000000009094947 3223.30000000000018189894 3211.11999999999989086064 3197.25000000000000000000 3186.65999999999985448085
3287.50000000000000000000 3296.80000000000018189894 3306.90000000000009094947 3315.90000000000009094947 3326.50000000000000000000 3338.80000000000018189894 3363.90000000000009094947 3356.50000000000000000000 3345.59999999999990905053 3335.50000000000000000000 3328.09999999999990905053 3316.00000000000000000000 3307.69999999999981810106 3299.40000000000009094947 3293.50000000000000000000 3287.90000000000009094947 3283.00000000000000000000 3280.40000000000009094947 3278.09999999999990905053 3275.19999999999981810106 3272.40000000000009094947 3270.19999999999981810106 3266.90000000000009094947 3266.69999999999981810106 3265.09999999999990905053 3263.69999999999981810106 3262.00000000000000000000 3256.90000000000009094947 3253.09999999999990905053 3251.09999999999990905053 3248.50000000000000000000 3245.80000000000018189894 3238.19999999999981810106 3229.90000000000009094947 3215.48000000000001818989 3201.30999999999994543032 3188.40999999999985448085
3283.19999999999981810106 3291.80000000000018189894 3300.50000000000000000000 3309.90000000000009094947 3319.19999999999981810106 3330.69999999999981810106 3347.09999999999990905053 3364.00000000000000000000 3368.59999999999990905053 3355.90000000000009094947 3346.50000000000000000000 3334.40000000000009094947 3322.80000000000018189894 3314.90000000000009094947 3305.19999999999981810106 3299.90000000000009094947 3296.30000000000018189894 3293.09999999999990905053 3289.30000000000018189894 3284.59999999999990905053 3280.19999999999981810106 3278.00000000000000000000 3276.40000000000009094947 3277.00000000000000000000 3277.00000000000000000000 3275.69999999999981810106 3274.00000000000000000000 3271.50000000000000000000 3268.30000000000018189894 3264.40000000000009094947 3263.50000000000000000000 3260.30000000000018189894 3253.09999999999990905053 3234.36999999999989086064 3219.19999999999981810106 3203.84999999999990905053 3191.42000000000007275958
3278.90000000000009094947 3288.50000000000000000000 3298.19999999999981810106 3306.80000000000018189894 3315.00000000000000000000 3324.40000000000009094947 3334.00000000000000000000 3354.09999999999990905053 3368.00000000000000000000 3372.30000000000018189894 3369.00000000000000000000 3356.50000000000000000000 3345.09999999999990905053 3336.30000000000018189894 3327.00000000000000000000 3319.09999999999990905053 3316.09999999999990905053 3309.90000000000009094947 3302.80000000000018189894 3297.19999999999981810106 3292.69999999999981810106 3289.40000000000009094947 3288.59999999999990905053 3289.30000000000018189894 3288.90000000000009094947 3289.40000000000009094947 3291.69999999999981810106 3288.09999999999990905053 3290.80000000000018189894 3292.90000000000009094947 3300.32000000000016370905 3281.40000000000009094947 3268.19999999999981810106 3239.38000000000010913936 3221.36000000000012732926 3206.78000000000020008883 3193.23999999999978172127
3275.40000000000009094947 3284.80000000000018189894 3294.19999999999981810106 3302.59999999999990905053 3310.69999999999981810106 3318.59999999999990905053 3328.50000000000000000000 3336.09999999999990905053 3341.00000000000000000000 3351.90000000000009094947 3353.40000000000009094947 3357.69999999999981810106 3355.30000000000018189894 3348.80000000000018189894 3344.69999999999981810106 3341.90000000000009094947 3339.09999999999990905053 3331.40000000000009094947 3322.90000000000009094947 3317.80000000000018189894 3311.80000000000018189894 3305.40000000000009094947 3303.90000000000009094947 3303.19999999999981810106 3305.09999999999990905053 3310.40000000000009094947 3311.09999999999990905053 3306.00000000000000000000 3312.44000000000005456968 3314.28999999999996362021 3304.96000000000003637979 3286.80999999999994543032 3263.26000000000021827873 3243.11000000000012732926 3226.86999999999989086064 3211.57000000000016370905 3195.67999999999983629095
